0 0.3375 0.132421875 0.041666666666666664 0.02734375
0 0.35555555555555557 0.11328125 0.03333333333333333 0.01875
0 0.44027777777777777 0.114453125 0.03611111111111111 0.01796875
0 0.5201388888888889 0.2609375 0.04027777777777778 0.025
0 0.5416666666666666 0.276953125 0.044444444444444446 0.02578125
0 0.44513888888888886 0.421875 0.04861111111111111 0.0296875
0 0.5013888888888889 0.435546875 0.030555555555555555 0.01015625
0 0.5527777777777778 0.438671875 0.03888888888888889 0.01953125
0 0.6173611111111111 0.452734375 0.04583333333333333 0.02890625
0 0.5861111111111111 0.49296875 0.027777777777777776 0.021875
0 0.5791666666666667 0.540234375 0.04722222222222222 0.02734375
0 0.5041666666666667 0.5078125 0.044444444444444446 0.0234375
0 0.47638888888888886 0.52265625 0.025 0.01875
0 0.38958333333333334 0.50625 0.04861111111111111 0.028125
0 0.3611111111111111 0.5140625 0.03611111111111111 0.0171875
0 0.49375 0.63125 0.043055555555555555 0.0203125
0 0.34791666666666665 0.619921875 0.05138888888888889 0.02421875
0 0.16944444444444445 0.60625 0.05277777777777778 0.025
0 0.18819444444444444 0.574609375 0.029166666666666667 0.02421875
0 0.20625 0.5375 0.03194444444444444 0.0296875
0 0.09583333333333334 0.44140625 0.030555555555555555 0.01875
0 0.5006944444444444 0.27265625 0.03194444444444444 0.01875
0 0.11805555555555555 0.452734375 0.025 0.02109375
