0 0.25763888888888886 0.753515625 0.05416666666666667 0.03046875
0 0.21875 0.730859375 0.043055555555555555 0.02265625
0 0.3125 0.7609375 0.03888888888888889 0.021875
0 0.3451388888888889 0.759765625 0.029166666666666667 0.01953125
0 0.3611111111111111 0.6875 0.041666666666666664 0.0234375
0 0.2743055555555556 0.593359375 0.0375 0.02421875
0 0.31319444444444444 0.599609375 0.04027777777777778 0.02421875
0 0.6173611111111111 0.35859375 0.04027777777777778 0.021875
0 0.5263888888888889 0.155078125 0.041666666666666664 0.02578125
0 0.4840277777777778 0.260546875 0.04583333333333333 0.02421875
0 0.4527777777777778 0.275390625 0.03611111111111111 0.01640625
0 0.49166666666666664 0.28046875 0.03611111111111111 0.021875
0 0.4583333333333333 0.303515625 0.05 0.02421875
0 0.37430555555555556 0.35 0.03194444444444444 0.0109375
0 0.4048611111111111 0.370703125 0.02638888888888889 0.02109375
0 0.4576388888888889 0.3609375 0.029166666666666667 0.021875
0 0.4875 0.323828125 0.03888888888888889 0.01015625
0 0.4909722222222222 0.3484375 0.04583333333333333 0.025
0 0.3784722222222222 0.521875 0.04861111111111111 0.0171875
0 0.41597222222222224 0.4921875 0.043055555555555555 0.0234375
0 0.40208333333333335 0.467578125 0.03194444444444444 0.00703125
0 0.44930555555555557 0.471875 0.05138888888888889 0.0296875
0 0.6020833333333333 0.37890625 0.034722222222222224 0.01875
0 0.6361111111111111 0.377734375 0.03333333333333333 0.01796875
0 0.5694444444444444 0.4421875 0.041666666666666664 0.0203125
0 0.6493055555555556 0.447265625 0.04583333333333333 0.02578125
0 0.6340277777777777 0.4109375 0.034722222222222224 0.01875
0 0.6826388888888889 0.42109375 0.0375 0.034375
0 0.7 0.302734375 0.03611111111111111 0.02734375
0 0.6194444444444445 0.256640625 0.041666666666666664 0.02578125
0 0.5993055555555555 0.54765625 0.04861111111111111 0.0296875
0 0.59375 0.573046875 0.0375 0.02109375
0 0.65 0.551953125 0.05 0.02265625
0 0.5777777777777777 0.228125 0.016666666666666666 0.0140625
0 0.6861111111111111 0.404296875 0.03333333333333333 0.01953125
0 0.2701388888888889 0.43671875 0.029166666666666667 0.021875
0 0.6361111111111111 0.510546875 0.027777777777777776 0.01953125
0 0.6736111111111112 0.496484375 0.05555555555555555 0.01953125
0 0.6875 0.584765625 0.030555555555555555 0.01796875
0 0.6659722222222222 0.699609375 0.020833333333333332 0.01796875
0 0.004861111111111111 0.640234375 0.009722222222222222 0.02109375
0 0.011805555555555555 0.68359375 0.020833333333333332 0.025
0 0.8215277777777777 0.826171875 0.02361111111111111 0.02109375
0 0.9826388888888888 0.7875 0.03194444444444444 0.0265625
