0 0.48541666666666666 0.05546875 0.043055555555555555 0.028125
0 0.5166666666666667 0.06953125 0.03888888888888889 0.0328125
0 0.49166666666666664 0.0828125 0.03611111111111111 0.0203125
0 0.45069444444444445 0.09296875 0.0375 0.025
0 0.40625 0.109765625 0.02638888888888889 0.02578125
0 0.4756944444444444 0.13828125 0.04583333333333333 0.028125
0 0.5013888888888889 0.137890625 0.027777777777777776 0.02734375
0 0.5236111111111111 0.17578125 0.03333333333333333 0.025
0 0.5430555555555555 0.223046875 0.03611111111111111 0.02265625
0 0.49722222222222223 0.19375 0.03888888888888889 0.0296875
0 0.45416666666666666 0.16796875 0.03333333333333333 0.01875
0 0.4027777777777778 0.18515625 0.044444444444444446 0.0265625
0 0.46597222222222223 0.2140625 0.05138888888888889 0.0296875
0 0.4083333333333333 0.23828125 0.03333333333333333 0.01875
0 0.6180555555555556 0.28671875 0.03611111111111111 0.0265625
0 0.3729166666666667 0.277734375 0.04027777777777778 0.02421875
0 0.35555555555555557 0.289453125 0.030555555555555555 0.01328125
0 0.6847222222222222 0.312890625 0.041666666666666664 0.02109375
0 0.6993055555555555 0.326953125 0.034722222222222224 0.02421875
0 0.5423611111111111 0.31171875 0.043055555555555555 0.01875
0 0.5069444444444444 0.325390625 0.027777777777777776 0.01328125
0 0.5416666666666666 0.330078125 0.030555555555555555 0.01640625
0 0.49583333333333335 0.369921875 0.04722222222222222 0.02734375
0 0.6569444444444444 0.41796875 0.03888888888888889 0.0296875
0 0.7138888888888889 0.432421875 0.03333333333333333 0.02265625
0 0.39652777777777776 0.439453125 0.04861111111111111 0.02265625
0 0.22847222222222222 0.371875 0.03194444444444444 0.0140625
0 0.30416666666666664 0.499609375 0.04722222222222222 0.02734375
0 0.3506944444444444 0.50390625 0.04583333333333333 0.028125
0 0.5395833333333333 0.478515625 0.04583333333333333 0.02265625
0 0.5576388888888889 0.498046875 0.043055555555555555 0.02890625
0 0.6055555555555555 0.520703125 0.027777777777777776 0.01953125
0 0.5631944444444444 0.537109375 0.03194444444444444 0.02265625
0 0.5409722222222222 0.5625 0.03194444444444444 0.01875
0 0.3736111111111111 0.56796875 0.05277777777777778 0.03125
0 0.39305555555555555 0.586328125 0.044444444444444446 0.02265625
0 0.3277777777777778 0.6015625 0.03333333333333333 0.01875
0 0.5340277777777778 0.640234375 0.04861111111111111 0.02890625
0 0.5805555555555556 0.626953125 0.027777777777777776 0.01640625
0 0.5236111111111111 0.716796875 0.05 0.02734375
0 0.5513888888888889 0.763671875 0.03888888888888889 0.03359375
0 0.6131944444444445 0.841015625 0.034722222222222224 0.03046875
0 0.63125 0.437890625 0.04027777777777778 0.03046875
0 0.43194444444444446 0.13203125 0.05 0.03125
0 0.51875 0.251953125 0.0375 0.03046875
0 0.5256944444444445 0.351171875 0.020833333333333332 0.01171875
0 0.6659722222222222 0.439453125 0.029166666666666667 0.02578125
0 0.55 0.621484375 0.03333333333333333 0.02109375
0 0.50625 0.6453125 0.02638888888888889 0.0140625
0 0.26319444444444445 0.571484375 0.02638888888888889 0.01796875
0 0.4152777777777778 0.55234375 0.019444444444444445 0.0171875
0 0.6069444444444444 0.712109375 0.022222222222222223 0.01015625
0 0.6340277777777777 0.69765625 0.015277777777777777 0.015625
0 0.44930555555555557 0.761328125 0.029166666666666667 0.02109375
0 0.6645833333333333 0.83515625 0.04861111111111111 0.0265625
0 0.9736111111111111 0.7828125 0.044444444444444446 0.028125
0 0.3236111111111111 0.462890625 0.04722222222222222 0.01953125
