0 0.8152777777777778 0.084375 0.058333333333333334 0.034375
0 0.8034722222222223 0.112109375 0.0375 0.02734375
0 0.7368055555555556 0.13828125 0.05416666666666667 0.0265625
0 0.8333333333333334 0.148828125 0.05277777777777778 0.03203125
0 0.7361111111111112 0.18203125 0.06111111111111111 0.0359375
0 0.8555555555555555 0.20859375 0.030555555555555555 0.0234375
0 0.8951388888888889 0.2078125 0.05138888888888889 0.03125
0 0.7208333333333333 0.23828125 0.05 0.028125
0 0.7347222222222223 0.21875 0.03333333333333333 0.01875
0 0.7708333333333334 0.250390625 0.05277777777777778 0.03359375
0 0.8180555555555555 0.251171875 0.030555555555555555 0.01328125
0 0.7861111111111111 0.271875 0.025 0.01875
0 0.8743055555555556 0.278515625 0.05694444444444444 0.02578125
0 0.9701388888888889 0.306640625 0.05694444444444444 0.03515625
0 0.9784722222222222 0.333203125 0.04027777777777778 0.02421875
0 0.8701388888888889 0.33046875 0.05416666666666667 0.025
0 0.9083333333333333 0.35390625 0.06388888888888888 0.034375
0 0.9479166666666666 0.364453125 0.03194444444444444 0.03671875
0 0.5409722222222222 0.31796875 0.059722222222222225 0.0296875
0 0.4701388888888889 0.33828125 0.05138888888888889 0.025
0 0.016666666666666666 0.288671875 0.030555555555555555 0.01640625
0 0.10972222222222222 0.484375 0.06944444444444445 0.0375
0 0.8423611111111111 0.449609375 0.0625 0.02890625
0 0.9430555555555555 0.439453125 0.03888888888888889 0.02421875
0 0.8965277777777778 0.468359375 0.0625 0.02734375
0 0.7798611111111111 0.49765625 0.0625 0.03125
0 0.5944444444444444 0.48671875 0.03611111111111111 0.0234375
0 0.5506944444444445 0.5890625 0.04027777777777778 0.021875
0 0.5701388888888889 0.648828125 0.04861111111111111 0.02109375
0 0.7194444444444444 0.583984375 0.06666666666666667 0.02109375
0 0.8652777777777778 0.54296875 0.044444444444444446 0.0171875
0 0.9333333333333333 0.508203125 0.041666666666666664 0.01953125
0 0.9097222222222222 0.583203125 0.030555555555555555 0.02109375
0 0.7895833333333333 0.60234375 0.0625 0.028125
0 0.8277777777777777 0.66796875 0.03888888888888889 0.021875
0 0.6541666666666667 0.72890625 0.044444444444444446 0.0265625
0 0.1986111111111111 0.662109375 0.041666666666666664 0.02265625
0 0.4048611111111111 0.744921875 0.04583333333333333 0.02578125
0 0.5048611111111111 0.776171875 0.0375 0.02578125
0 0.5722222222222222 0.784765625 0.03333333333333333 0.02265625
0 0.07222222222222222 0.7484375 0.05555555555555555 0.0296875
0 0.11527777777777778 0.7703125 0.041666666666666664 0.0265625
0 0.16875 0.72890625 0.043055555555555555 0.021875
0 0.14652777777777778 0.7109375 0.05694444444444444 0.028125
0 0.014583333333333334 0.77421875 0.02638888888888889 0.0296875
0 0.03194444444444444 0.66015625 0.027777777777777776 0.0203125
0 0.07708333333333334 0.536328125 0.0375 0.02734375
0 0.30069444444444443 0.748046875 0.04861111111111111 0.02265625
0 0.8166666666666667 0.83125 0.06388888888888888 0.0296875
0 0.8715277777777778 0.821875 0.04027777777777778 0.0328125
0 0.4409722222222222 0.740234375 0.015277777777777777 0.01953125
0 0.7979166666666667 0.31328125 0.0375 0.015625
0 0.01875 0.603125 0.02361111111111111 0.0203125
0 0.08472222222222223 0.683203125 0.05 0.01796875
0 0.18472222222222223 0.77890625 0.025 0.01875
0 0.7326388888888888 0.25546875 0.04861111111111111 0.0265625
0 0.38125 0.865625 0.04027777777777778 0.0234375
0 0.3416666666666667 0.89453125 0.05277777777777778 0.028125
