0 0.5465277777777777 0.174609375 0.043055555555555555 0.02421875
0 0.46319444444444446 0.19609375 0.0375 0.025
0 0.3902777777777778 0.196484375 0.013888888888888888 0.00859375
0 0.41875 0.215625 0.018055555555555554 0.0140625
0 0.43819444444444444 0.211328125 0.020833333333333332 0.00859375
0 0.5354166666666667 0.251171875 0.034722222222222224 0.02265625
0 0.45069444444444445 0.257421875 0.02638888888888889 0.02421875
0 0.43125 0.2625 0.04583333333333333 0.0265625
0 0.44375 0.301171875 0.04861111111111111 0.02890625
0 0.5520833333333334 0.30390625 0.04027777777777778 0.0265625
0 0.3763888888888889 0.304296875 0.03333333333333333 0.02734375
0 0.5243055555555556 0.326953125 0.034722222222222224 0.01328125
0 0.3993055555555556 0.3375 0.02638888888888889 0.021875
0 0.42986111111111114 0.340625 0.015277777777777777 0.0125
0 0.3701388888888889 0.367578125 0.05138888888888889 0.02421875
0 0.5006944444444444 0.3875 0.05138888888888889 0.0265625
0 0.3236111111111111 0.38125 0.044444444444444446 0.0203125
0 0.5131944444444444 0.412109375 0.05138888888888889 0.02265625
0 0.6090277777777777 0.422265625 0.04583333333333333 0.02109375
0 0.43819444444444444 0.439453125 0.04583333333333333 0.02265625
0 0.5465277777777777 0.458203125 0.04027777777777778 0.02265625
0 0.32569444444444445 0.43671875 0.029166666666666667 0.0109375
0 0.30972222222222223 0.447265625 0.019444444444444445 0.01328125
0 0.3138888888888889 0.463671875 0.03333333333333333 0.01796875
0 0.29791666666666666 0.473046875 0.018055555555555554 0.01015625
0 0.39652777777777776 0.471875 0.043055555555555555 0.01875
0 0.4326388888888889 0.505859375 0.0375 0.02109375
0 0.5104166666666666 0.465625 0.020833333333333332 0.0125
0 0.4527777777777778 0.548828125 0.03888888888888889 0.02421875
0 0.7173611111111111 0.512109375 0.034722222222222224 0.01796875
0 0.6277777777777778 0.525 0.03888888888888889 0.0125
0 0.6541666666666667 0.543359375 0.027777777777777776 0.01328125
0 0.7111111111111111 0.55 0.030555555555555555 0.0171875
0 0.6361111111111111 0.58125 0.044444444444444446 0.01875
0 0.4736111111111111 0.58671875 0.03611111111111111 0.015625
0 0.5416666666666666 0.605859375 0.05 0.02890625
0 0.6986111111111111 0.608203125 0.041666666666666664 0.01328125
0 0.3972222222222222 0.69921875 0.041666666666666664 0.0265625
0 0.4652777777777778 0.35 0.025 0.0125
0 0.34791666666666665 0.39765625 0.029166666666666667 0.0171875
0 0.49444444444444446 0.2109375 0.025 0.0171875
0 0.4861111111111111 0.377734375 0.044444444444444446 0.01796875
0 0.37430555555555556 0.478515625 0.02361111111111111 0.01953125
0 0.44027777777777777 0.523046875 0.03611111111111111 0.02421875
0 0.2298611111111111 0.532421875 0.02638888888888889 0.01640625
0 0.3277777777777778 0.63359375 0.027777777777777776 0.025
0 0.4048611111111111 0.727734375 0.02638888888888889 0.02265625
0 0.4777777777777778 0.69296875 0.019444444444444445 0.0078125
0 0.5097222222222222 0.6953125 0.022222222222222223 0.0109375
0 0.5958333333333333 0.7390625 0.025 0.0140625
0 0.5840277777777778 0.80390625 0.034722222222222224 0.028125
0 0.6590277777777778 0.63203125 0.018055555555555554 0.015625
0 0.8159722222222222 0.60390625 0.04027777777777778 0.0265625
0 0.7493055555555556 0.501171875 0.03194444444444444 0.01328125
