0 0.36041666666666666 0.431640625 0.04583333333333333 0.01953125
0 0.33958333333333335 0.44453125 0.034722222222222224 0.021875
0 0.4152777777777778 0.41796875 0.025 0.0109375
0 0.46597222222222223 0.423046875 0.02638888888888889 0.02421875
0 0.9520833333333333 0.4265625 0.05138888888888889 0.028125
0 0.9076388888888889 0.384375 0.018055555555555554 0.0140625
0 0.9340277777777778 0.447265625 0.04861111111111111 0.02578125
0 0.9215277777777777 0.46328125 0.04027777777777778 0.01875
0 0.9916666666666667 0.4328125 0.013888888888888888 0.025
0 0.3923611111111111 0.48515625 0.02361111111111111 0.021875
0 0.4534722222222222 0.52109375 0.034722222222222224 0.01875
0 0.5027777777777778 0.505078125 0.03611111111111111 0.01953125
0 0.5277777777777778 0.503125 0.022222222222222223 0.01875
0 0.4930555555555556 0.5421875 0.058333333333333334 0.0203125
0 0.8361111111111111 0.56015625 0.03888888888888889 0.0203125
0 0.9125 0.52734375 0.025 0.0125
0 0.8861111111111111 0.59609375 0.030555555555555555 0.0171875
0 0.8361111111111111 0.601953125 0.030555555555555555 0.01796875
0 0.5777777777777777 0.630859375 0.041666666666666664 0.01953125
0 0.18125 0.649609375 0.03194444444444444 0.01328125
0 0.2013888888888889 0.638671875 0.03888888888888889 0.02265625
0 0.20416666666666666 0.619921875 0.030555555555555555 0.01953125
0 0.225 0.605078125 0.03888888888888889 0.01640625
0 0.23541666666666666 0.617578125 0.03194444444444444 0.01953125
0 0.2965277777777778 0.571875 0.0375 0.0171875
0 0.3138888888888889 0.630078125 0.041666666666666664 0.02265625
0 0.3888888888888889 0.600390625 0.025 0.01796875
0 0.44583333333333336 0.605078125 0.030555555555555555 0.01484375
0 0.47847222222222224 0.599609375 0.043055555555555555 0.02421875
0 0.475 0.623046875 0.05 0.01953125
0 0.38333333333333336 0.5828125 0.03611111111111111 0.0203125
0 0.375 0.55859375 0.030555555555555555 0.0234375
0 0.40694444444444444 0.560546875 0.03611111111111111 0.01328125
0 0.9715277777777778 0.603515625 0.0125 0.01796875
