0 0.4666666666666667 0.053515625 0.03611111111111111 0.02734375
0 0.4930555555555556 0.065625 0.04722222222222222 0.0296875
0 0.43125 0.090234375 0.043055555555555555 0.02421875
0 0.4708333333333333 0.083203125 0.041666666666666664 0.01796875
0 0.38333333333333336 0.108203125 0.025 0.02890625
0 0.4513888888888889 0.13515625 0.03888888888888889 0.028125
0 0.47847222222222224 0.137890625 0.029166666666666667 0.02734375
0 0.49722222222222223 0.17734375 0.03888888888888889 0.025
0 0.42777777777777776 0.16484375 0.03611111111111111 0.021875
0 0.37569444444444444 0.181640625 0.04861111111111111 0.02734375
0 0.43333333333333335 0.2140625 0.05 0.028125
0 0.46875 0.195703125 0.04027777777777778 0.02578125
0 0.5180555555555556 0.22421875 0.03888888888888889 0.01875
0 0.5923611111111111 0.2921875 0.0375 0.025
0 0.38125 0.23984375 0.029166666666666667 0.025
0 0.3326388888888889 0.278515625 0.04027777777777778 0.02109375
0 0.3145833333333333 0.291796875 0.043055555555555555 0.01328125
0 0.49166666666666664 0.253125 0.041666666666666664 0.0234375
0 0.5104166666666666 0.316015625 0.04861111111111111 0.01484375
0 0.4756944444444444 0.328515625 0.034722222222222224 0.01484375
0 0.6625 0.319140625 0.03888888888888889 0.01953125
0 0.6784722222222223 0.333984375 0.034722222222222224 0.01953125
0 0.45416666666666666 0.37578125 0.04722222222222222 0.025
0 0.6256944444444444 0.4234375 0.034722222222222224 0.025
0 0.68125 0.4390625 0.034722222222222224 0.021875
0 0.6034722222222222 0.442578125 0.04583333333333333 0.02578125
0 0.18611111111111112 0.372265625 0.041666666666666664 0.01640625
0 0.36666666666666664 0.4421875 0.03888888888888889 0.025
0 0.30069444444444443 0.509375 0.05416666666666667 0.03125
0 0.24930555555555556 0.50078125 0.059722222222222225 0.0265625
0 0.49722222222222223 0.484765625 0.05 0.01953125
0 0.5180555555555556 0.50234375 0.04722222222222222 0.025
0 0.5708333333333333 0.529296875 0.027777777777777776 0.01484375
0 0.5194444444444445 0.546484375 0.03333333333333333 0.02578125
0 0.4888888888888889 0.5703125 0.041666666666666664 0.015625
0 0.36736111111111114 0.557421875 0.02638888888888889 0.02265625
0 0.3215277777777778 0.575 0.05138888888888889 0.03125
0 0.3423611111111111 0.594921875 0.04027777777777778 0.01796875
0 0.27361111111111114 0.609765625 0.03333333333333333 0.01953125
0 0.4826388888888889 0.65078125 0.04583333333333333 0.025
0 0.53125 0.6375 0.02638888888888889 0.0171875
0 0.4625 0.729296875 0.05277777777777778 0.02890625
0 0.49166666666666664 0.7765625 0.041666666666666664 0.0328125
0 0.5486111111111112 0.85859375 0.044444444444444446 0.0328125
0 0.27708333333333335 0.46953125 0.05416666666666667 0.0203125
0 0.6368055555555555 0.44609375 0.029166666666666667 0.0296875
0 0.5069444444444444 0.3359375 0.041666666666666664 0.01875
0 0.48333333333333334 0.356640625 0.019444444444444445 0.01640625
0 0.40555555555555556 0.134375 0.05 0.0328125
0 0.2048611111111111 0.575390625 0.03194444444444444 0.02109375
0 0.5013888888888889 0.631640625 0.03333333333333333 0.02265625
0 0.45 0.654296875 0.019444444444444445 0.01328125
0 0.3840277777777778 0.572265625 0.02638888888888889 0.01953125
0 0.33541666666666664 0.528515625 0.03194444444444444 0.01953125
0 0.6048611111111111 0.85390625 0.04861111111111111 0.0296875
0 0.3888888888888889 0.770703125 0.03333333333333333 0.02421875
0 0.5652777777777778 0.71796875 0.05277777777777778 0.03125
0 0.9402777777777778 0.807421875 0.05555555555555555 0.02109375
