0 0.8854166666666666 0.601953125 0.05694444444444444 0.03359375
0 0.9215277777777777 0.62421875 0.06527777777777778 0.0359375
0 0.8263888888888888 0.61171875 0.041666666666666664 0.0359375
0 0.9444444444444444 0.53828125 0.041666666666666664 0.0234375
0 0.9361111111111111 0.55625 0.044444444444444446 0.0234375
0 0.8305555555555556 0.323046875 0.03888888888888889 0.02109375
0 0.8041666666666667 0.333984375 0.027777777777777776 0.01796875
0 0.5840277777777778 0.332421875 0.029166666666666667 0.01640625
0 0.5736111111111111 0.3484375 0.03333333333333333 0.015625
0 0.8909722222222223 0.277734375 0.04027777777777778 0.02109375
0 0.8625 0.299609375 0.03888888888888889 0.01796875
0 0.8090277777777778 0.20078125 0.0375 0.028125
0 0.8395833333333333 0.201953125 0.02361111111111111 0.02421875
0 0.96875 0.119140625 0.059722222222222225 0.03515625
0 0.9875 0.228515625 0.019444444444444445 0.03046875
0 0.8465277777777778 0.27421875 0.02638888888888889 0.0140625
0 0.7652777777777777 0.4203125 0.041666666666666664 0.021875
0 0.2659722222222222 0.301171875 0.02361111111111111 0.01328125
0 0.975 0.23359375 0.030555555555555555 0.0203125
0 0.8166666666666667 0.29921875 0.030555555555555555 0.01875
0 0.8083333333333333 0.318359375 0.022222222222222223 0.01328125
