0 0.1736111111111111 0.1359375 0.03888888888888889 0.0265625
0 0.25555555555555554 0.119921875 0.027777777777777776 0.02421875
0 0.30277777777777776 0.103125 0.044444444444444446 0.03125
0 0.25625 0.05703125 0.03194444444444444 0.015625
0 0.20694444444444443 0.01015625 0.030555555555555555 0.0171875
0 0.20972222222222223 0.090234375 0.03333333333333333 0.03046875
0 0.3763888888888889 0.087890625 0.022222222222222223 0.02265625
0 0.4125 0.110546875 0.044444444444444446 0.02734375
0 0.4375 0.1109375 0.022222222222222223 0.0234375
0 0.8958333333333334 0.033203125 0.05277777777777778 0.03359375
0 0.9138888888888889 0.022265625 0.05555555555555555 0.03359375
0 0.9944444444444445 0.03359375 0.008333333333333333 0.015625
0 0.9854166666666667 0.062890625 0.02638888888888889 0.03046875
0 0.14166666666666666 0.20859375 0.03333333333333333 0.021875
0 0.18888888888888888 0.23203125 0.04722222222222222 0.0265625
0 0.26875 0.212109375 0.029166666666666667 0.02578125
0 0.3423611111111111 0.19765625 0.04027777777777778 0.021875
0 0.43680555555555556 0.205078125 0.04583333333333333 0.02421875
0 0.5256944444444445 0.231640625 0.0375 0.01796875
0 0.5576388888888889 0.3140625 0.0375 0.0234375
0 0.40625 0.29140625 0.034722222222222224 0.0234375
0 0.175 0.2984375 0.05 0.0234375
0 0.10277777777777777 0.327734375 0.058333333333333334 0.02734375
0 0.21597222222222223 0.319921875 0.034722222222222224 0.01640625
0 0.09444444444444444 0.3578125 0.06111111111111111 0.0328125
0 0.5034722222222222 0.348046875 0.05138888888888889 0.02890625
0 0.5875 0.384765625 0.05 0.02734375
0 0.07847222222222222 0.3890625 0.05694444444444444 0.0296875
0 0.041666666666666664 0.385546875 0.03333333333333333 0.01640625
0 0.5194444444444445 0.44453125 0.05 0.021875
0 0.5701388888888889 0.434375 0.043055555555555555 0.0171875
0 0.55 0.47734375 0.044444444444444446 0.0265625
0 0.6722222222222223 0.4953125 0.05555555555555555 0.021875
0 0.8736111111111111 0.540625 0.05 0.028125
0 0.8881944444444444 0.55703125 0.04583333333333333 0.01875
0 0.2722222222222222 0.59375 0.03333333333333333 0.01875
0 0.41875 0.635546875 0.043055555555555555 0.01953125
0 0.3590277777777778 0.58828125 0.034722222222222224 0.015625
0 0.5673611111111111 0.580078125 0.04027777777777778 0.01796875
0 0.8166666666666667 0.5625 0.041666666666666664 0.021875
0 0.6972222222222222 0.534375 0.03888888888888889 0.01875
0 0.7284722222222222 0.59921875 0.04583333333333333 0.025
0 0.4152777777777778 0.65078125 0.03888888888888889 0.015625
0 0.5451388888888888 0.714453125 0.034722222222222224 0.02421875
0 0.5527777777777778 0.78046875 0.027777777777777776 0.025
0 0.16666666666666666 0.33203125 0.019444444444444445 0.0140625
0 0.034722222222222224 0.4140625 0.030555555555555555 0.009375
0 0.07222222222222222 0.432421875 0.011111111111111112 0.01171875
0 0.5381944444444444 0.498046875 0.0375 0.01484375
0 0.3888888888888889 0.380078125 0.030555555555555555 0.01171875
0 0.1673611111111111 0.279296875 0.029166666666666667 0.01328125
0 0.32569444444444445 0.00390625 0.029166666666666667 0.00625
0 0.21180555555555555 0.2453125 0.02638888888888889 0.0140625
0 0.5861111111111111 0.33515625 0.025 0.009375
0 0.9868055555555556 0.460546875 0.020833333333333332 0.01640625
0 0.9402777777777778 0.554296875 0.016666666666666666 0.01953125
0 0.7784722222222222 0.56015625 0.02638888888888889 0.0109375
0 0.3472222222222222 0.61328125 0.030555555555555555 0.0203125
0 0.10972222222222222 0.46328125 0.030555555555555555 0.01875
0 0.44583333333333336 0.3078125 0.030555555555555555 0.01875
0 0.14305555555555555 0.22109375 0.027777777777777776 0.01875
