0 0.1486111111111111 0.013671875 0.06666666666666667 0.02734375
0 0.7354166666666667 0.012890625 0.05416666666666667 0.02578125
0 0.9020833333333333 0.024609375 0.05694444444444444 0.03046875
0 0.8798611111111111 0.048046875 0.043055555555555555 0.02578125
0 0.9708333333333333 0.058203125 0.05 0.02890625
0 0.9048611111111111 0.1328125 0.0625 0.0296875
0 0.86875 0.156640625 0.04861111111111111 0.02890625
0 0.8013888888888889 0.141015625 0.03333333333333333 0.01953125
0 0.7729166666666667 0.119921875 0.04583333333333333 0.02421875
0 0.6847222222222222 0.14921875 0.05277777777777778 0.028125
0 0.7069444444444445 0.044140625 0.05277777777777778 0.02890625
0 0.07013888888888889 0.046484375 0.034722222222222224 0.02109375
0 0.3729166666666667 0.325390625 0.04861111111111111 0.02734375
0 0.30277777777777776 0.35546875 0.04722222222222222 0.0203125
0 0.5583333333333333 0.46015625 0.041666666666666664 0.0171875
0 0.44583333333333336 0.306640625 0.03333333333333333 0.01953125
0 0.5069444444444444 0.318359375 0.03888888888888889 0.02109375
0 0.6791666666666667 0.26171875 0.03611111111111111 0.0234375
0 0.6604166666666667 0.2375 0.02361111111111111 0.0140625
0 0.8131944444444444 0.321875 0.0375 0.0203125
0 0.8361111111111111 0.409765625 0.04722222222222222 0.01953125
0 0.7375 0.366015625 0.05277777777777778 0.01640625
0 0.8569444444444444 0.3328125 0.027777777777777776 0.015625
0 0.9666666666666667 0.33359375 0.03333333333333333 0.0171875
0 0.7034722222222223 0.453515625 0.043055555555555555 0.01796875
0 0.5916666666666667 0.383984375 0.025 0.01328125
0 0.6548611111111111 0.494140625 0.034722222222222224 0.02109375
0 0.7180555555555556 0.51171875 0.05 0.021875
0 0.8493055555555555 0.531640625 0.0375 0.01484375
0 0.5263888888888889 0.56640625 0.03333333333333333 0.0140625
0 0.5666666666666667 0.5953125 0.044444444444444446 0.025
0 0.38125 0.59765625 0.043055555555555555 0.0296875
0 0.3819444444444444 0.574609375 0.030555555555555555 0.01484375
0 0.05347222222222222 0.58125 0.034722222222222224 0.0203125
0 0.21875 0.6 0.02361111111111111 0.0171875
0 0.7590277777777777 0.0671875 0.029166666666666667 0.0140625
0 0.7138888888888889 0.09296875 0.022222222222222223 0.01875
0 0.7673611111111112 0.094921875 0.043055555555555555 0.01484375
0 0.006944444444444444 0.19609375 0.011111111111111112 0.0171875
0 0.009722222222222222 0.21640625 0.016666666666666666 0.021875
0 0.4840277777777778 0.365234375 0.018055555555555554 0.02734375
0 0.44583333333333336 0.5359375 0.025 0.0125
0 0.8381944444444445 0.673046875 0.04027777777777778 0.02421875
0 0.3229166666666667 0.62265625 0.02361111111111111 0.0203125
0 0.07916666666666666 0.4375 0.05555555555555555 0.021875
