0 0.49583333333333335 0.02109375 0.03333333333333333 0.0265625
0 0.5243055555555556 0.035546875 0.04027777777777778 0.02890625
0 0.5006944444444444 0.051953125 0.0375 0.01640625
0 0.46111111111111114 0.059375 0.044444444444444446 0.0265625
0 0.41458333333333336 0.076171875 0.029166666666666667 0.02734375
0 0.4791666666666667 0.10390625 0.041666666666666664 0.025
0 0.5020833333333333 0.10546875 0.029166666666666667 0.0265625
0 0.5291666666666667 0.143359375 0.03333333333333333 0.02109375
0 0.46111111111111114 0.133984375 0.027777777777777776 0.01953125
0 0.40902777777777777 0.14921875 0.04027777777777778 0.0265625
0 0.5034722222222222 0.16171875 0.04583333333333333 0.025
0 0.4708333333333333 0.18125 0.05555555555555555 0.0296875
0 0.5486111111111112 0.190625 0.03611111111111111 0.01875
0 0.61875 0.255859375 0.03194444444444444 0.02109375
0 0.3784722222222222 0.245703125 0.043055555555555555 0.02578125
0 0.4125 0.207421875 0.03333333333333333 0.02265625
0 0.5229166666666667 0.219140625 0.02638888888888889 0.02421875
0 0.54375 0.28125 0.05416666666666667 0.025
0 0.68125 0.283984375 0.04861111111111111 0.01953125
0 0.6944444444444444 0.298828125 0.03333333333333333 0.01796875
0 0.5027777777777778 0.341015625 0.058333333333333334 0.02578125
0 0.6590277777777778 0.386328125 0.0375 0.02265625
0 0.7131944444444445 0.401953125 0.03194444444444444 0.01796875
0 0.22916666666666666 0.340625 0.041666666666666664 0.0203125
0 0.35625 0.256640625 0.029166666666666667 0.01953125
0 0.5291666666666667 0.318359375 0.022222222222222223 0.01328125
0 0.5055555555555555 0.29375 0.019444444444444445 0.015625
0 0.5347222222222222 0.30078125 0.03333333333333333 0.0140625
0 0.3951388888888889 0.408984375 0.0375 0.01796875
0 0.6277777777777778 0.4078125 0.044444444444444446 0.03125
0 0.5402777777777777 0.44765625 0.04722222222222222 0.0203125
0 0.5583333333333333 0.46328125 0.041666666666666664 0.0234375
0 0.6006944444444444 0.4890625 0.029166666666666667 0.0171875
0 0.5590277777777778 0.505859375 0.034722222222222224 0.02578125
0 0.5388888888888889 0.530859375 0.044444444444444446 0.02109375
0 0.3548611111111111 0.469140625 0.043055555555555555 0.03203125
0 0.3090277777777778 0.46171875 0.04583333333333333 0.0265625
0 0.36875 0.533203125 0.05138888888888889 0.02578125
0 0.3875 0.552734375 0.044444444444444446 0.02109375
0 0.5305555555555556 0.60234375 0.041666666666666664 0.025
0 0.5458333333333333 0.58671875 0.027777777777777776 0.0140625
0 0.5770833333333333 0.59375 0.03194444444444444 0.0171875
0 0.5215277777777778 0.680078125 0.043055555555555555 0.02734375
0 0.5513888888888889 0.7234375 0.03888888888888889 0.03125
0 0.32222222222222224 0.566796875 0.03333333333333333 0.01484375
0 0.6083333333333333 0.798046875 0.03611111111111111 0.03203125
0 0.43819444444444444 0.096875 0.04861111111111111 0.0296875
0 0.6666666666666666 0.410546875 0.030555555555555555 0.02578125
0 0.3298611111111111 0.43359375 0.05694444444444444 0.021875
0 0.4041666666666667 0.3921875 0.03333333333333333 0.0171875
0 0.26666666666666666 0.5359375 0.03611111111111111 0.0203125
0 0.40347222222222223 0.521484375 0.04027777777777778 0.01328125
0 0.5013888888888889 0.6046875 0.030555555555555555 0.021875
0 0.6229166666666667 0.659765625 0.02361111111111111 0.01171875
0 0.6006944444444444 0.676171875 0.020833333333333332 0.01171875
0 0.44583333333333336 0.72421875 0.027777777777777776 0.015625
0 0.9618055555555556 0.75 0.05694444444444444 0.0234375
0 0.6506944444444445 0.796484375 0.043055555555555555 0.02890625
