0 0.4423611111111111 0.59296875 0.04027777777777778 0.0234375
0 0.45208333333333334 0.619921875 0.0375 0.02265625
0 0.4166666666666667 0.615234375 0.03888888888888889 0.01640625
0 0.2625 0.37265625 0.03611111111111111 0.0125
0 0.9486111111111111 0.2078125 0.05 0.028125
0 0.9597222222222223 0.234765625 0.05555555555555555 0.03046875
0 0.9868055555555556 0.216796875 0.020833333333333332 0.03984375
0 0.925 0.276953125 0.05 0.02578125
0 0.9 0.302734375 0.05555555555555555 0.02578125
0 0.975 0.296484375 0.044444444444444446 0.03203125
0 0.775 0.376171875 0.041666666666666664 0.02109375
0 0.9527777777777777 0.43359375 0.04722222222222222 0.03125
0 0.8375 0.541015625 0.04722222222222222 0.03046875
0 0.8833333333333333 0.546875 0.044444444444444446 0.0234375
0 0.7194444444444444 0.71640625 0.041666666666666664 0.0265625
0 0.7472222222222222 0.71328125 0.03611111111111111 0.025
0 0.9 0.680859375 0.06666666666666667 0.03359375
0 0.9347222222222222 0.712109375 0.06111111111111111 0.03203125
0 0.9020833333333333 0.472265625 0.06527777777777778 0.03046875
0 0.26180555555555557 0.48359375 0.03194444444444444 0.0125
0 0.9881944444444445 0.258203125 0.020833333333333332 0.01796875
0 0.9354166666666667 0.409765625 0.020833333333333332 0.00859375
