0 0.4083333333333333 0.18359375 0.05277777777777778 0.028125
0 0.35555555555555557 0.198046875 0.05277777777777778 0.02265625
0 0.35208333333333336 0.171875 0.03194444444444444 0.021875
0 0.38472222222222224 0.23125 0.041666666666666664 0.021875
0 0.0125 0.2703125 0.019444444444444445 0.021875
0 0.09166666666666666 0.3140625 0.03611111111111111 0.0234375
0 0.018055555555555554 0.3890625 0.03333333333333333 0.0234375
0 0.01597222222222222 0.434765625 0.03194444444444444 0.02421875
0 0.020833333333333332 0.364453125 0.03333333333333333 0.01171875
0 0.044444444444444446 0.4171875 0.025 0.015625
0 0.09375 0.412890625 0.03194444444444444 0.02109375
0 0.0763888888888889 0.434375 0.03611111111111111 0.0203125
0 0.1076388888888889 0.424609375 0.02638888888888889 0.00859375
0 0.10486111111111111 0.449609375 0.0375 0.01953125
0 0.10972222222222222 0.49453125 0.041666666666666664 0.0203125
0 0.07847222222222222 0.500390625 0.018055555555555554 0.01640625
0 0.008333333333333333 0.57734375 0.016666666666666666 0.0140625
0 0.06458333333333334 0.58984375 0.029166666666666667 0.015625
0 0.14652777777777778 0.726171875 0.02361111111111111 0.02265625
0 0.1076388888888889 0.739453125 0.015277777777777777 0.01484375
0 0.5631944444444444 0.24609375 0.029166666666666667 0.0203125
0 0.5791666666666667 0.31640625 0.03611111111111111 0.025
0 0.6166666666666667 0.324609375 0.03888888888888889 0.01953125
0 0.5791666666666667 0.551953125 0.04722222222222222 0.02421875
0 0.03194444444444444 0.44765625 0.016666666666666666 0.0125
0 0.9854166666666667 0.72265625 0.020833333333333332 0.01875
0 0.3215277777777778 0.7875 0.04583333333333333 0.0296875
0 0.15902777777777777 0.8203125 0.04027777777777778 0.025
0 0.2125 0.8125 0.011111111111111112 0.0109375
0 0.2791666666666667 0.733203125 0.027777777777777776 0.00859375
0 0.3972222222222222 0.201953125 0.03888888888888889 0.01640625
