0 0.39375 0.26953125 0.03194444444444444 0.0265625
0 0.5791666666666667 0.463671875 0.03888888888888889 0.02421875
0 0.6152777777777778 0.460546875 0.027777777777777776 0.02265625
0 0.26805555555555555 0.471875 0.030555555555555555 0.01875
0 0.3104166666666667 0.546875 0.029166666666666667 0.015625
0 0.49722222222222223 0.534765625 0.041666666666666664 0.02734375
0 0.5326388888888889 0.53125 0.04583333333333333 0.025
0 0.28125 0.58984375 0.04027777777777778 0.01875
0 0.2798611111111111 0.566796875 0.03194444444444444 0.01953125
0 0.28055555555555556 0.623828125 0.04722222222222222 0.03203125
0 0.5034722222222222 0.57421875 0.03194444444444444 0.01875
0 0.7256944444444444 0.603125 0.0375 0.0203125
0 0.7951388888888888 0.613671875 0.02638888888888889 0.01640625
0 0.7625 0.61328125 0.027777777777777776 0.021875
0 0.7013888888888888 0.558203125 0.030555555555555555 0.01953125
0 0.7381944444444445 0.548046875 0.02638888888888889 0.01484375
0 0.6520833333333333 0.590234375 0.04027777777777778 0.01640625
0 0.6097222222222223 0.591796875 0.027777777777777776 0.02109375
0 0.5361111111111111 0.57265625 0.025 0.0125
0 0.36666666666666664 0.621875 0.027777777777777776 0.015625
0 0.021527777777777778 0.45390625 0.034722222222222224 0.025
0 0.9611111111111111 0.687890625 0.041666666666666664 0.02265625
0 0.35833333333333334 0.419140625 0.027777777777777776 0.01796875
0 0.39861111111111114 0.628515625 0.03888888888888889 0.01796875
0 0.3909722222222222 0.296875 0.02638888888888889 0.0109375
0 0.18194444444444444 0.46640625 0.025 0.0171875
0 0.15 0.630859375 0.03333333333333333 0.01640625
0 0.05763888888888889 0.5453125 0.020833333333333332 0.015625
0 0.5930555555555556 0.558203125 0.019444444444444445 0.01953125
0 0.3347222222222222 0.490625 0.022222222222222223 0.0203125
0 0.3958333333333333 0.48828125 0.03888888888888889 0.0265625
0 0.45555555555555555 0.492578125 0.03333333333333333 0.01484375
0 0.6256944444444444 0.566015625 0.0375 0.02265625
0 0.41041666666666665 0.603125 0.029166666666666667 0.0171875
0 0.4131944444444444 0.587109375 0.020833333333333332 0.01796875
