0 0.2743055555555556 0.477734375 0.03194444444444444 0.02890625
0 0.32708333333333334 0.47578125 0.043055555555555555 0.021875
0 0.36041666666666666 0.492578125 0.05694444444444444 0.02890625
0 0.38958333333333334 0.5015625 0.0375 0.01875
0 0.38055555555555554 0.53515625 0.04722222222222222 0.021875
0 0.27291666666666664 0.6125 0.029166666666666667 0.021875
0 0.3034722222222222 0.62890625 0.04027777777777778 0.01875
0 0.38472222222222224 0.63203125 0.030555555555555555 0.0296875
0 0.38263888888888886 0.65234375 0.029166666666666667 0.01875
0 0.4756944444444444 0.63828125 0.0375 0.0203125
0 0.19027777777777777 0.687109375 0.041666666666666664 0.02421875
0 0.5569444444444445 0.79453125 0.041666666666666664 0.015625
0 0.13472222222222222 0.6125 0.016666666666666666 0.0171875
0 0.5013888888888889 0.807421875 0.025 0.01953125
0 0.7361111111111112 0.830078125 0.03888888888888889 0.02578125
0 0.2423611111111111 0.62578125 0.03194444444444444 0.01875
0 0.01875 0.6171875 0.029166666666666667 0.0140625
0 0.34097222222222223 0.674609375 0.04583333333333333 0.01953125
0 0.43472222222222223 0.74140625 0.041666666666666664 0.0234375
0 0.9041666666666667 0.633203125 0.044444444444444446 0.02421875
0 0.9833333333333333 0.626953125 0.025 0.01328125
0 0.9854166666666667 0.656640625 0.02638888888888889 0.02578125
0 0.9930555555555556 0.59765625 0.011111111111111112 0.01875
