0 0.22847222222222222 0.32109375 0.06805555555555555 0.0328125
0 0.18958333333333333 0.3046875 0.05138888888888889 0.0296875
0 0.06041666666666667 0.305859375 0.06527777777777778 0.03671875
0 0.011805555555555555 0.35 0.020833333333333332 0.028125
0 0.04236111111111111 0.462109375 0.05416666666666667 0.03046875
0 0.007638888888888889 0.461328125 0.015277777777777777 0.02890625
0 0.18819444444444444 0.600390625 0.04861111111111111 0.03203125
0 0.22430555555555556 0.597265625 0.020833333333333332 0.02421875
0 0.22152777777777777 0.637890625 0.0625 0.03515625
0 0.14583333333333334 0.63984375 0.05277777777777778 0.025
0 0.09166666666666666 0.633203125 0.05277777777777778 0.02421875
0 0.016666666666666666 0.664453125 0.030555555555555555 0.02578125
0 0.013888888888888888 0.62109375 0.027777777777777776 0.0265625
0 0.00625 0.6828125 0.0125 0.021875
0 0.03333333333333333 0.72734375 0.05 0.0296875
0 0.05555555555555555 0.73984375 0.025 0.015625
0 0.08680555555555555 0.740234375 0.0375 0.02265625
0 0.7020833333333333 0.716015625 0.05416666666666667 0.02734375
0 0.5666666666666667 0.740625 0.05 0.01875
0 0.6291666666666667 0.55234375 0.044444444444444446 0.025
0 0.6006944444444444 0.56796875 0.0375 0.021875
0 0.7236111111111111 0.544140625 0.05555555555555555 0.02421875
0 0.6659722222222222 0.525390625 0.03194444444444444 0.02109375
0 0.6638888888888889 0.501953125 0.03611111111111111 0.01328125
0 0.7006944444444444 0.5015625 0.03194444444444444 0.01875
0 0.7888888888888889 0.687890625 0.05555555555555555 0.03203125
0 0.7111111111111111 0.619140625 0.041666666666666664 0.02265625
0 0.7173611111111111 0.581640625 0.043055555555555555 0.02265625
0 0.7416666666666667 0.608203125 0.04722222222222222 0.02734375
0 0.6638888888888889 0.575390625 0.03888888888888889 0.01796875
0 0.6243055555555556 0.698046875 0.043055555555555555 0.01484375
0 0.01597222222222222 0.82890625 0.03194444444444444 0.0328125
0 0.11388888888888889 0.787890625 0.03333333333333333 0.02890625
0 0.16180555555555556 0.784765625 0.059722222222222225 0.03203125
0 0.16458333333333333 0.81953125 0.04583333333333333 0.0328125
0 0.33402777777777776 0.787109375 0.04583333333333333 0.02734375
0 0.38680555555555557 0.8046875 0.05416666666666667 0.028125
0 0.07916666666666666 0.970703125 0.06111111111111111 0.03046875
0 0.6541666666666667 0.76484375 0.027777777777777776 0.0171875
0 0.7659722222222223 0.742578125 0.05138888888888889 0.02734375
0 0.8569444444444444 0.74921875 0.04722222222222222 0.03125
0 0.9027777777777778 0.72734375 0.05555555555555555 0.01875
0 0.8868055555555555 0.775390625 0.05416666666666667 0.02734375
0 0.043055555555555555 0.514453125 0.027777777777777776 0.01171875
0 0.6159722222222223 0.63203125 0.04583333333333333 0.0125
0 0.6722222222222223 0.546875 0.019444444444444445 0.015625
