0 0.050694444444444445 0.073828125 0.04027777777777778 0.02421875
0 0.09236111111111112 0.076953125 0.0375 0.02265625
0 0.10416666666666667 0.095703125 0.03888888888888889 0.01484375
0 0.02361111111111111 0.105078125 0.019444444444444445 0.01640625
0 0.011111111111111112 0.116796875 0.022222222222222223 0.01953125
0 0.009027777777777777 0.150390625 0.0125 0.02265625
0 0.0125 0.219140625 0.022222222222222223 0.01484375
0 0.14583333333333334 0.24921875 0.04722222222222222 0.0234375
0 0.1361111111111111 0.315234375 0.044444444444444446 0.02890625
0 0.0798611111111111 0.34765625 0.04861111111111111 0.028125
0 0.1125 0.368359375 0.041666666666666664 0.02421875
0 0.18194444444444444 0.388671875 0.022222222222222223 0.01328125
0 0.19583333333333333 0.490625 0.044444444444444446 0.0203125
0 0.06736111111111111 0.7171875 0.034722222222222224 0.0234375
0 0.29375 0.586328125 0.0625 0.03046875
0 0.17847222222222223 0.541015625 0.020833333333333332 0.01640625
0 0.15208333333333332 0.593359375 0.020833333333333332 0.01171875
0 0.4111111111111111 0.581640625 0.027777777777777776 0.02109375
0 0.4979166666666667 0.588671875 0.05138888888888889 0.02734375
0 0.5805555555555556 0.65234375 0.027777777777777776 0.015625
0 0.6166666666666667 0.68203125 0.03333333333333333 0.0171875
0 0.3902777777777778 0.42109375 0.03611111111111111 0.025
0 0.1375 0.103125 0.022222222222222223 0.0125
0 0.08958333333333333 0.123046875 0.03194444444444444 0.02421875
0 0.125 0.132421875 0.03611111111111111 0.02109375
0 0.14791666666666667 0.1265625 0.018055555555555554 0.0140625
0 0.10694444444444444 0.141796875 0.027777777777777776 0.01640625
0 0.10972222222222222 0.155859375 0.027777777777777776 0.01015625
0 0.12638888888888888 0.208203125 0.027777777777777776 0.01328125
0 0.2652777777777778 0.091015625 0.03888888888888889 0.01796875
0 0.18472222222222223 0.146875 0.030555555555555555 0.0171875
0 0.16319444444444445 0.1640625 0.018055555555555554 0.0140625
0 0.2763888888888889 0.179296875 0.027777777777777776 0.01328125
0 0.2902777777777778 0.15078125 0.03611111111111111 0.0203125
0 0.3194444444444444 0.194921875 0.022222222222222223 0.01328125
0 0.2833333333333333 0.241796875 0.044444444444444446 0.02109375
0 0.2638888888888889 0.269140625 0.04722222222222222 0.02421875
0 0.21041666666666667 0.305078125 0.04027777777777778 0.02109375
0 0.30972222222222223 0.233984375 0.013888888888888888 0.01015625
0 0.3784722222222222 0.229296875 0.0375 0.01953125
0 0.3388888888888889 0.251953125 0.030555555555555555 0.01640625
0 0.32013888888888886 0.1203125 0.029166666666666667 0.015625
0 0.3763888888888889 0.137109375 0.03611111111111111 0.02265625
0 0.34375 0.1328125 0.018055555555555554 0.0203125
0 0.4048611111111111 0.087890625 0.034722222222222224 0.02421875
0 0.39166666666666666 0.11328125 0.03333333333333333 0.01875
0 0.4409722222222222 0.080078125 0.05138888888888889 0.02578125
0 0.5 0.0796875 0.027777777777777776 0.015625
0 0.42916666666666664 0.116796875 0.025 0.02578125
0 0.4638888888888889 0.1203125 0.05 0.0296875
0 0.5618055555555556 0.116796875 0.034722222222222224 0.02421875
0 0.5708333333333333 0.1296875 0.025 0.01875
0 0.5840277777777778 0.148046875 0.034722222222222224 0.02421875
0 0.4409722222222222 0.18984375 0.03194444444444444 0.0203125
0 0.41805555555555557 0.19765625 0.030555555555555555 0.0234375
0 0.5027777777777778 0.22890625 0.041666666666666664 0.0171875
0 0.5340277777777778 0.413671875 0.04027777777777778 0.03046875
0 0.6958333333333333 0.64921875 0.019444444444444445 0.0140625
0 0.7270833333333333 0.6546875 0.0375 0.015625
0 0.7270833333333333 0.59140625 0.0375 0.0171875
0 0.8791666666666667 0.68046875 0.03611111111111111 0.0171875
0 0.8104166666666667 0.64453125 0.0375 0.015625
0 0.8798611111111111 0.6640625 0.034722222222222224 0.0109375
0 0.975 0.62734375 0.04722222222222222 0.0328125
0 0.8972222222222223 0.6359375 0.022222222222222223 0.01875
0 0.8923611111111112 0.61015625 0.04583333333333333 0.0296875
0 0.8729166666666667 0.550390625 0.04027777777777778 0.02109375
0 0.9104166666666667 0.558984375 0.05138888888888889 0.02421875
0 0.6354166666666666 0.22265625 0.04861111111111111 0.0296875
0 0.6520833333333333 0.282421875 0.05694444444444444 0.03359375
0 0.7631944444444444 0.241796875 0.0375 0.02421875
0 0.8013888888888889 0.24375 0.03611111111111111 0.021875
0 0.8270833333333333 0.25546875 0.02638888888888889 0.01875
0 0.81875 0.2 0.020833333333333332 0.0171875
0 0.7965277777777777 0.267578125 0.0375 0.01328125
0 0.7354166666666667 0.275 0.020833333333333332 0.009375
0 0.7513888888888889 0.350390625 0.05555555555555555 0.03046875
0 0.9555555555555556 0.169921875 0.041666666666666664 0.02109375
0 0.9486111111111111 0.248828125 0.041666666666666664 0.02265625
0 0.875 0.329296875 0.022222222222222223 0.01015625
0 0.79375 0.402734375 0.034722222222222224 0.01484375
0 0.8701388888888889 0.41796875 0.020833333333333332 0.0109375
0 0.8833333333333333 0.428125 0.016666666666666666 0.0125
0 0.9451388888888889 0.436328125 0.02638888888888889 0.01640625
0 0.9673611111111111 0.46171875 0.03194444444444444 0.0140625
0 0.9180555555555555 0.442578125 0.030555555555555555 0.01171875
0 0.8902777777777777 0.446484375 0.019444444444444445 0.01171875
0 0.875 0.448046875 0.013888888888888888 0.01484375
0 0.6097222222222223 0.424609375 0.03333333333333333 0.02265625
0 0.6006944444444444 0.330078125 0.043055555555555555 0.01640625
0 0.5381944444444444 0.350390625 0.029166666666666667 0.02421875
0 0.33819444444444446 0.448046875 0.059722222222222225 0.02265625
0 0.5444444444444444 0.380859375 0.05277777777777778 0.03046875
0 0.5805555555555556 0.373828125 0.03611111111111111 0.02265625
0 0.8180555555555555 0.446484375 0.016666666666666666 0.01640625
0 0.37222222222222223 0.501171875 0.025 0.02265625
0 0.2111111111111111 0.54453125 0.03333333333333333 0.0265625
0 0.23958333333333334 0.599609375 0.029166666666666667 0.02890625
0 0.45069444444444445 0.1484375 0.0375 0.0234375
0 0.45902777777777776 0.436328125 0.04583333333333333 0.02578125
0 0.9215277777777777 0.595703125 0.034722222222222224 0.01328125
0 0.44375 0.053125 0.02361111111111111 0.021875
0 0.27361111111111114 0.725 0.04722222222222222 0.0375
0 0.8180555555555555 0.7265625 0.027777777777777776 0.01875
