0 0.5604166666666667 0.3 0.05416666666666667 0.0296875
0 0.49583333333333335 0.262890625 0.05277777777777778 0.02265625
0 0.4548611111111111 0.2765625 0.029166666666666667 0.0125
0 0.4888888888888889 0.295703125 0.06111111111111111 0.03046875
0 0.4125 0.34765625 0.05277777777777778 0.03125
0 0.39444444444444443 0.42265625 0.025 0.0296875
0 0.375 0.457421875 0.05555555555555555 0.03203125
0 0.6597222222222222 0.562890625 0.06666666666666667 0.03984375
0 0.7277777777777777 0.56484375 0.04722222222222222 0.0265625
0 0.49722222222222223 0.562890625 0.05277777777777778 0.02578125
0 0.6194444444444445 0.629296875 0.06388888888888888 0.03359375
0 0.47430555555555554 0.637890625 0.05694444444444444 0.03046875
0 0.6861111111111111 0.688671875 0.04722222222222222 0.03359375
0 0.4097222222222222 0.712109375 0.05277777777777778 0.03828125
0 0.2604166666666667 0.7453125 0.05416666666666667 0.0390625
0 0.2152777777777778 0.85703125 0.06111111111111111 0.03125
0 0.49583333333333335 0.773828125 0.04722222222222222 0.02265625
0 0.5791666666666667 0.73359375 0.044444444444444446 0.0359375
0 0.6041666666666666 0.7953125 0.03888888888888889 0.0328125
0 0.6944444444444444 0.8296875 0.05555555555555555 0.0171875
0 0.6506944444444445 0.8203125 0.04027777777777778 0.0140625
0 0.7986111111111112 0.685546875 0.044444444444444446 0.02734375
0 0.5034722222222222 0.661328125 0.05416666666666667 0.02578125
0 0.4791666666666667 0.59375 0.05555555555555555 0.025
0 0.5333333333333333 0.60625 0.05277777777777778 0.0265625
0 0.7694444444444445 0.57265625 0.03888888888888889 0.0203125
0 0.6909722222222222 0.637890625 0.04861111111111111 0.02890625
0 0.7305555555555555 0.684375 0.04722222222222222 0.025
0 0.4236111111111111 0.777734375 0.027777777777777776 0.01953125
0 0.4756944444444444 0.746484375 0.059722222222222225 0.02890625
0 0.6243055555555556 0.752734375 0.059722222222222225 0.03046875
0 0.6548611111111111 0.704296875 0.018055555555555554 0.01328125
0 0.6451388888888889 0.727734375 0.02638888888888889 0.01171875
0 0.5916666666666667 0.818359375 0.025 0.02109375
0 0.7597222222222222 0.8484375 0.025 0.0203125
0 0.9729166666666667 0.903515625 0.05138888888888889 0.03046875
0 0.0375 0.879296875 0.05 0.02265625
0 0.6256944444444444 0.4203125 0.03194444444444444 0.0234375
