0 0.9715277777777778 0.686328125 0.05138888888888889 0.03203125
0 0.5125 0.60546875 0.03611111111111111 0.021875
0 0.5201388888888889 0.626953125 0.043055555555555555 0.02109375
0 0.48541666666666666 0.62890625 0.02361111111111111 0.009375
0 0.9576388888888889 0.554296875 0.043055555555555555 0.02265625
0 0.9166666666666666 0.55 0.04722222222222222 0.0265625
0 0.9708333333333333 0.315234375 0.041666666666666664 0.01640625
0 0.8027777777777778 0.721875 0.058333333333333334 0.025
0 0.9881944444444445 0.28515625 0.020833333333333332 0.0171875
0 0.8548611111111111 0.385546875 0.020833333333333332 0.01796875
0 0.9902777777777778 0.716015625 0.016666666666666666 0.02265625
0 0.7868055555555555 0.77421875 0.02361111111111111 0.0203125
