0 0.6916666666666667 0.29765625 0.044444444444444446 0.025
0 0.8340277777777778 0.317578125 0.043055555555555555 0.02578125
0 0.8277777777777777 0.439453125 0.05555555555555555 0.01953125
0 0.8493055555555555 0.270703125 0.03194444444444444 0.02421875
0 0.8666666666666667 0.29296875 0.04722222222222222 0.025
0 0.5784722222222223 0.50859375 0.04583333333333333 0.025
0 0.5416666666666666 0.487109375 0.041666666666666664 0.01484375
0 0.5319444444444444 0.50859375 0.041666666666666664 0.0265625
0 0.4326388888888889 0.520703125 0.03194444444444444 0.02265625
0 0.5340277777777778 0.44296875 0.043055555555555555 0.01875
0 0.46875 0.566796875 0.043055555555555555 0.02890625
0 0.9048611111111111 0.308984375 0.05138888888888889 0.02578125
0 0.7722222222222223 0.284765625 0.025 0.02578125
0 0.7222222222222222 0.33984375 0.041666666666666664 0.028125
0 0.7520833333333333 0.346875 0.04027777777777778 0.021875
0 0.8194444444444444 0.41015625 0.03611111111111111 0.021875
0 0.9159722222222222 0.44296875 0.029166666666666667 0.01875
0 0.9576388888888889 0.413671875 0.04861111111111111 0.02890625
0 0.34930555555555554 0.51640625 0.0375 0.021875
0 0.41041666666666665 0.6 0.04027777777777778 0.0203125
0 0.43125 0.618359375 0.04583333333333333 0.02265625
0 0.4409722222222222 0.643359375 0.04583333333333333 0.03046875
0 0.5291666666666667 0.553125 0.044444444444444446 0.0265625
0 0.30972222222222223 0.56796875 0.030555555555555555 0.0140625
0 0.04722222222222222 0.384765625 0.03333333333333333 0.01796875
0 0.46875 0.45546875 0.0375 0.0203125
0 0.9534722222222223 0.44375 0.0375 0.0203125
0 0.9201388888888888 0.495703125 0.03194444444444444 0.01953125
0 0.9569444444444445 0.562109375 0.05 0.01640625
0 0.5291666666666667 0.46875 0.027777777777777776 0.015625
0 0.9909722222222223 0.434375 0.015277777777777777 0.0125
0 0.7638888888888888 0.306640625 0.03333333333333333 0.02265625
0 0.225 0.464453125 0.041666666666666664 0.01640625
0 0.27152777777777776 0.470703125 0.02638888888888889 0.01484375
0 0.25069444444444444 0.55078125 0.05694444444444444 0.0203125
0 0.15347222222222223 0.450390625 0.02361111111111111 0.02109375
0 0.13958333333333334 0.440625 0.015277777777777777 0.009375
