0 0.2375 0.38515625 0.058333333333333334 0.021875
0 0.23680555555555555 0.413671875 0.02361111111111111 0.01640625
0 0.29305555555555557 0.43515625 0.04722222222222222 0.025
0 0.1909722222222222 0.444140625 0.05138888888888889 0.02421875
0 0.16111111111111112 0.463671875 0.027777777777777776 0.01484375
0 0.225 0.468359375 0.03333333333333333 0.01640625
0 0.2923611111111111 0.47578125 0.043055555555555555 0.025
0 0.31805555555555554 0.50390625 0.044444444444444446 0.0234375
0 0.28958333333333336 0.5140625 0.04583333333333333 0.0296875
0 0.18680555555555556 0.528515625 0.02638888888888889 0.01171875
0 0.9763888888888889 0.419140625 0.044444444444444446 0.02734375
0 0.9548611111111112 0.432421875 0.0375 0.01953125
0 0.2111111111111111 0.591015625 0.06388888888888888 0.02734375
0 0.14166666666666666 0.640625 0.04722222222222222 0.015625
0 0.23333333333333334 0.658203125 0.03333333333333333 0.02109375
0 0.2847222222222222 0.61484375 0.058333333333333334 0.028125
0 0.3625 0.58515625 0.05555555555555555 0.028125
0 0.3423611111111111 0.63828125 0.043055555555555555 0.025
0 0.20555555555555555 0.720703125 0.041666666666666664 0.02109375
0 0.15069444444444444 0.722265625 0.029166666666666667 0.02734375
0 0.4173611111111111 0.6453125 0.05138888888888889 0.028125
0 0.4527777777777778 0.66875 0.05 0.025
0 0.48125 0.622265625 0.04861111111111111 0.01953125
0 0.7569444444444444 0.60390625 0.041666666666666664 0.01875
0 0.7986111111111112 0.589453125 0.03611111111111111 0.01796875
0 0.8895833333333333 0.561328125 0.0375 0.02109375
0 0.8756944444444444 0.616796875 0.04027777777777778 0.01640625
0 0.9659722222222222 0.54609375 0.034722222222222224 0.0234375
0 0.9715277777777778 0.570703125 0.029166666666666667 0.02578125
0 0.9756944444444444 0.59140625 0.034722222222222224 0.01875
0 0.7270833333333333 0.630078125 0.0375 0.01796875
0 0.7451388888888889 0.620703125 0.043055555555555555 0.01484375
0 0.01597222222222222 0.7359375 0.029166666666666667 0.0234375
