0 0.1673611111111111 0.733203125 0.034722222222222224 0.02578125
0 0.07916666666666666 0.5984375 0.03333333333333333 0.01875
0 0.0125 0.5859375 0.022222222222222223 0.01875
0 0.008333333333333333 0.565234375 0.016666666666666666 0.02421875
0 0.6069444444444444 0.55 0.044444444444444446 0.01875
0 0.125 0.501171875 0.041666666666666664 0.02109375
0 0.09097222222222222 0.5125 0.0375 0.01875
0 0.11597222222222223 0.45859375 0.034722222222222224 0.0203125
0 0.02847222222222222 0.444921875 0.05138888888888889 0.02421875
0 0.10416666666666667 0.422265625 0.03333333333333333 0.02109375
0 0.05694444444444444 0.427734375 0.03611111111111111 0.01484375
0 0.027777777777777776 0.397265625 0.05277777777777778 0.01953125
0 0.03611111111111111 0.37578125 0.03333333333333333 0.0140625
0 0.10694444444444444 0.3234375 0.03611111111111111 0.0234375
0 0.021527777777777778 0.280078125 0.02638888888888889 0.02265625
0 0.6319444444444444 0.3296875 0.03888888888888889 0.0265625
0 0.5916666666666667 0.321484375 0.03888888888888889 0.02578125
0 0.5791666666666667 0.253125 0.027777777777777776 0.0203125
0 0.46041666666666664 0.18828125 0.04861111111111111 0.03125
0 0.3923611111111111 0.20625 0.043055555555555555 0.025
0 0.43472222222222223 0.205078125 0.041666666666666664 0.01953125
0 0.4479166666666667 0.230859375 0.0375 0.00859375
0 0.10277777777777777 0.441796875 0.06111111111111111 0.02421875
0 0.41597222222222224 0.178125 0.029166666666666667 0.0203125
0 0.3888888888888889 0.17421875 0.025 0.009375
0 0.08402777777777778 0.409765625 0.034722222222222224 0.01640625
0 0.12986111111111112 0.74609375 0.020833333333333332 0.0171875
0 0.17777777777777778 0.827734375 0.041666666666666664 0.03046875
0 0.34305555555555556 0.790625 0.041666666666666664 0.028125
