0 0.07013888888888889 0.099609375 0.04027777777777778 0.02734375
0 0.08819444444444445 0.080078125 0.03194444444444444 0.01953125
0 0.2826388888888889 0.239453125 0.043055555555555555 0.02421875
0 0.30625 0.256640625 0.04583333333333333 0.02890625
0 0.2833333333333333 0.3140625 0.04722222222222222 0.01875
0 0.18611111111111112 0.081640625 0.022222222222222223 0.01640625
0 0.18125 0.413671875 0.0625 0.03671875
0 0.1375 0.499609375 0.044444444444444446 0.03046875
0 0.11180555555555556 0.505859375 0.0375 0.02890625
0 0.2590277777777778 0.503125 0.043055555555555555 0.025
0 0.23055555555555557 0.5171875 0.025 0.0203125
0 0.3347222222222222 0.45546875 0.04722222222222222 0.03125
0 0.08888888888888889 0.622265625 0.05277777777777778 0.02734375
0 0.25555555555555554 0.63203125 0.05 0.021875
0 0.3402777777777778 0.536328125 0.05 0.02734375
0 0.3388888888888889 0.484375 0.03611111111111111 0.028125
0 0.24930555555555556 0.42734375 0.04861111111111111 0.0171875
0 0.3076388888888889 0.4265625 0.02638888888888889 0.0203125
0 0.3611111111111111 0.4453125 0.019444444444444445 0.0125
0 0.9493055555555555 0.52734375 0.020833333333333332 0.0109375
0 0.99375 0.505859375 0.009722222222222222 0.01484375
0 0.9923611111111111 0.4703125 0.0125 0.009375
