0 0.65625 0.105078125 0.05416666666666667 0.02890625
0 0.5958333333333333 0.11640625 0.022222222222222223 0.0203125
0 0.6604166666666667 0.13828125 0.05694444444444444 0.03125
0 0.74375 0.140625 0.05138888888888889 0.025
0 0.6145833333333334 0.201171875 0.05416666666666667 0.03515625
0 0.7743055555555556 0.180859375 0.018055555555555554 0.00859375
0 0.7319444444444444 0.24765625 0.030555555555555555 0.0171875
0 0.7527777777777778 0.269921875 0.027777777777777776 0.01796875
0 0.5576388888888889 0.285546875 0.059722222222222225 0.03046875
0 0.5201388888888889 0.32265625 0.04861111111111111 0.0296875
0 0.49930555555555556 0.328125 0.043055555555555555 0.0265625
0 0.5493055555555556 0.319140625 0.04027777777777778 0.03203125
0 0.8034722222222223 0.28125 0.018055555555555554 0.0234375
0 0.9020833333333333 0.4265625 0.05694444444444444 0.034375
0 0.6354166666666666 0.466796875 0.05694444444444444 0.02734375
0 0.675 0.480859375 0.041666666666666664 0.02109375
0 0.6291666666666667 0.429296875 0.03611111111111111 0.02734375
0 0.6611111111111111 0.431640625 0.027777777777777776 0.00703125
0 0.8638888888888889 0.499609375 0.07222222222222222 0.03515625
0 0.9645833333333333 0.5578125 0.05416666666666667 0.03125
0 0.83125 0.522265625 0.04583333333333333 0.02109375
0 0.6319444444444444 0.509765625 0.058333333333333334 0.02265625
0 0.6798611111111111 0.535546875 0.05416666666666667 0.01953125
0 0.7090277777777778 0.547265625 0.04027777777777778 0.01796875
0 0.6208333333333333 0.590625 0.06388888888888888 0.034375
0 0.7944444444444444 0.60625 0.05277777777777778 0.034375
0 0.8472222222222222 0.62265625 0.05555555555555555 0.0328125
0 0.8916666666666667 0.64140625 0.044444444444444446 0.028125
0 0.8486111111111111 0.6671875 0.05277777777777778 0.0296875
0 0.9076388888888889 0.680078125 0.05138888888888889 0.03203125
0 0.9479166666666666 0.691796875 0.059722222222222225 0.02578125
0 0.8152777777777778 0.689453125 0.03333333333333333 0.01640625
0 0.4840277777777778 0.62421875 0.05138888888888889 0.0265625
0 0.6236111111111111 0.653125 0.03333333333333333 0.0109375
0 0.4361111111111111 0.73828125 0.058333333333333334 0.0296875
0 0.8506944444444444 0.7890625 0.04583333333333333 0.0296875
0 0.89375 0.8078125 0.05138888888888889 0.028125
0 0.8618055555555556 0.5765625 0.034722222222222224 0.01875
0 0.7777777777777778 0.56171875 0.019444444444444445 0.0140625
0 0.5847222222222223 0.4703125 0.03333333333333333 0.025
0 0.54375 0.502734375 0.04027777777777778 0.01640625
0 0.5680555555555555 0.487890625 0.044444444444444446 0.02421875
0 0.5520833333333334 0.567578125 0.034722222222222224 0.01171875
0 0.014583333333333334 0.262890625 0.02638888888888889 0.02734375
0 0.013194444444444444 0.29296875 0.018055555555555554 0.0234375
0 0.6840277777777778 0.652734375 0.04027777777777778 0.01328125
0 0.2986111111111111 0.778125 0.058333333333333334 0.025
0 0.08680555555555555 0.512109375 0.04027777777777778 0.01953125
0 0.07152777777777777 0.459765625 0.06805555555555555 0.03203125
