0 0.8527777777777777 0.66015625 0.03888888888888889 0.0140625
0 0.9847222222222223 0.537890625 0.022222222222222223 0.01796875
0 0.9902777777777778 0.50078125 0.016666666666666666 0.0125
0 0.93125 0.43828125 0.029166666666666667 0.0171875
0 0.45555555555555555 0.490234375 0.03888888888888889 0.01796875
0 0.40555555555555556 0.452734375 0.008333333333333333 0.01015625
0 0.36736111111111114 0.458203125 0.015277777777777777 0.00859375
0 0.9875 0.3609375 0.022222222222222223 0.025
0 0.5513888888888889 0.437890625 0.016666666666666666 0.00546875
0 0.5604166666666667 0.4984375 0.0125 0.0125
0 0.025694444444444443 0.428125 0.034722222222222224 0.0140625
0 0.02013888888888889 0.386328125 0.04027777777777778 0.02109375
0 0.027777777777777776 0.36875 0.022222222222222223 0.0171875
0 0.013194444444444444 0.354296875 0.02361111111111111 0.02734375
0 0.013194444444444444 0.25625 0.02361111111111111 0.0234375
0 0.9916666666666667 0.237109375 0.013888888888888888 0.02578125
0 0.5138888888888888 0.273046875 0.030555555555555555 0.02109375
0 0.47847222222222224 0.263671875 0.03194444444444444 0.02421875
0 0.46041666666666664 0.195703125 0.02638888888888889 0.01796875
0 0.2798611111111111 0.17421875 0.0375 0.01875
0 0.30069444444444443 0.128515625 0.05138888888888889 0.02890625
0 0.2916666666666667 0.142578125 0.027777777777777776 0.01640625
0 0.2513888888888889 0.145703125 0.04722222222222222 0.02421875
0 0.25555555555555554 0.1171875 0.027777777777777776 0.0171875
0 0.05 0.648828125 0.030555555555555555 0.01328125
0 0.02013888888888889 0.662109375 0.0375 0.01171875
0 0.20208333333333334 0.707421875 0.02361111111111111 0.01796875
0 0.05625 0.738671875 0.043055555555555555 0.02890625
0 0.10347222222222222 0.728515625 0.018055555555555554 0.01015625
0 0.9930555555555556 0.590625 0.011111111111111112 0.015625
