0 0.3090277777777778 0.20078125 0.02638888888888889 0.0171875
0 0.3326388888888889 0.249609375 0.0375 0.01953125
0 0.3625 0.282421875 0.041666666666666664 0.01953125
0 0.28958333333333336 0.3171875 0.05138888888888889 0.028125
0 0.2604166666666667 0.319921875 0.02361111111111111 0.02421875
0 0.3423611111111111 0.359375 0.043055555555555555 0.025
0 0.25277777777777777 0.36171875 0.05 0.0203125
0 0.4638888888888889 0.46015625 0.05 0.0265625
0 0.47847222222222224 0.523046875 0.05416666666666667 0.03046875
0 0.38472222222222224 0.509375 0.03611111111111111 0.0234375
0 0.2652777777777778 0.5625 0.03333333333333333 0.025
0 0.2569444444444444 0.486328125 0.019444444444444445 0.01796875
0 0.15555555555555556 0.58125 0.05555555555555555 0.0234375
0 0.1638888888888889 0.600390625 0.05 0.01953125
0 0.2125 0.65390625 0.04722222222222222 0.0265625
0 0.21388888888888888 0.676171875 0.03611111111111111 0.01796875
0 0.17430555555555555 0.683984375 0.043055555555555555 0.02578125
0 0.29097222222222224 0.71015625 0.05138888888888889 0.034375
0 0.13125 0.72265625 0.043055555555555555 0.0234375
0 0.08958333333333333 0.741015625 0.05416666666666667 0.02890625
0 0.18958333333333333 0.804296875 0.05138888888888889 0.02421875
0 0.059027777777777776 0.877734375 0.0625 0.03828125
0 0.6541666666666667 0.819140625 0.041666666666666664 0.02265625
0 0.6673611111111111 0.78671875 0.04027777777777778 0.03125
0 0.7229166666666667 0.813671875 0.034722222222222224 0.01796875
0 0.6243055555555556 0.76875 0.029166666666666667 0.028125
0 0.6118055555555556 0.8125 0.02361111111111111 0.0203125
0 0.4756944444444444 0.778125 0.0375 0.015625
0 0.4340277777777778 0.628515625 0.034722222222222224 0.03203125
0 0.5375 0.612890625 0.041666666666666664 0.02109375
0 0.6013888888888889 0.5625 0.041666666666666664 0.028125
0 0.6722222222222223 0.58671875 0.041666666666666664 0.0265625
0 0.8875 0.98125 0.06388888888888888 0.034375
0 0.3104166666666667 0.4796875 0.04027777777777778 0.0265625
0 0.5576388888888889 0.496484375 0.02361111111111111 0.02109375
0 0.2763888888888889 0.79375 0.03333333333333333 0.0234375
0 0.45625 0.874609375 0.04583333333333333 0.03359375
0 0.45555555555555555 0.90859375 0.05 0.0359375
0 0.9791666666666666 0.920703125 0.03888888888888889 0.01640625
0 0.9625 0.694140625 0.03333333333333333 0.01171875
0 0.91875 0.73828125 0.02361111111111111 0.0125
0 0.9902777777777778 0.66015625 0.013888888888888888 0.01875
0 0.42777777777777776 0.481640625 0.022222222222222223 0.01171875
0 0.9902777777777778 0.463671875 0.016666666666666666 0.01171875
