0 0.3659722222222222 0.125 0.0375 0.0234375
0 0.38819444444444445 0.10703125 0.04027777777777778 0.0203125
0 0.55 0.251953125 0.03611111111111111 0.02265625
0 0.5694444444444444 0.266796875 0.041666666666666664 0.02578125
0 0.5541666666666667 0.3171875 0.030555555555555555 0.0140625
0 0.48194444444444445 0.40703125 0.041666666666666664 0.0234375
0 0.6048611111111111 0.448828125 0.05138888888888889 0.02734375
0 0.4222222222222222 0.490625 0.05555555555555555 0.028125
0 0.4048611111111111 0.501953125 0.043055555555555555 0.01171875
0 0.5375 0.49296875 0.04722222222222222 0.0234375
0 0.6097222222222223 0.473828125 0.03888888888888889 0.02421875
0 0.6152777777777778 0.523828125 0.04722222222222222 0.02734375
0 0.50625 0.50625 0.03194444444444444 0.0171875
0 0.24722222222222223 0.51953125 0.05 0.0296875
0 0.23819444444444443 0.5625 0.029166666666666667 0.025
0 0.22430555555555556 0.590625 0.05694444444444444 0.0296875
0 0.3875 0.602734375 0.04722222222222222 0.02265625
0 0.5284722222222222 0.6125 0.04583333333333333 0.0234375
0 0.14097222222222222 0.426953125 0.0375 0.02265625
0 0.47638888888888886 0.10859375 0.03333333333333333 0.01875
0 0.1638888888888889 0.44140625 0.025 0.021875
0 0.5805555555555556 0.427734375 0.03888888888888889 0.01640625
0 0.5347222222222222 0.4234375 0.022222222222222223 0.0171875
