0 0.45208333333333334 0.13671875 0.02361111111111111 0.015625
0 0.4791666666666667 0.137890625 0.016666666666666666 0.01015625
0 0.36666666666666664 0.1640625 0.027777777777777776 0.015625
0 0.44027777777777777 0.159765625 0.03888888888888889 0.00859375
0 0.47708333333333336 0.16171875 0.02361111111111111 0.009375
0 0.3145833333333333 0.2390625 0.02361111111111111 0.0171875
0 0.3298611111111111 0.22421875 0.015277777777777777 0.0109375
0 0.39444444444444443 0.21640625 0.025 0.0140625
0 0.3423611111111111 0.242578125 0.03194444444444444 0.01953125
0 0.4111111111111111 0.227734375 0.025 0.02109375
0 0.38819444444444445 0.23515625 0.02638888888888889 0.015625
0 0.4305555555555556 0.183203125 0.022222222222222223 0.01640625
0 0.46875 0.201953125 0.029166666666666667 0.01640625
0 0.4638888888888889 0.2421875 0.03888888888888889 0.0171875
0 0.5354166666666667 0.232421875 0.02638888888888889 0.01640625
0 0.48333333333333334 0.290234375 0.022222222222222223 0.01484375
0 0.4861111111111111 0.26015625 0.027777777777777776 0.0171875
0 0.51875 0.2578125 0.02638888888888889 0.0140625
0 0.07430555555555556 0.36640625 0.03194444444444444 0.0140625
0 0.04583333333333333 0.363671875 0.025 0.01484375
0 0.0875 0.35078125 0.025 0.0171875
0 0.12222222222222222 0.33828125 0.025 0.021875
0 0.2569444444444444 0.337109375 0.03333333333333333 0.01328125
0 0.17222222222222222 0.38125 0.030555555555555555 0.0109375
0 0.47638888888888886 0.415625 0.041666666666666664 0.0203125
0 0.40625 0.371875 0.018055555555555554 0.01875
0 0.5722222222222222 0.33515625 0.03333333333333333 0.015625
0 0.5541666666666667 0.3125 0.030555555555555555 0.0140625
0 0.4895833333333333 0.4375 0.03194444444444444 0.015625
0 0.6125 0.421484375 0.030555555555555555 0.01328125
0 0.5298611111111111 0.433984375 0.03194444444444444 0.01328125
0 0.3090277777777778 0.4046875 0.009722222222222222 0.0125
0 0.32083333333333336 0.48359375 0.027777777777777776 0.015625
0 0.49444444444444446 0.5375 0.03611111111111111 0.0171875
0 0.23402777777777778 0.52890625 0.05416666666666667 0.025
0 0.3506944444444444 0.49921875 0.015277777777777777 0.0125
0 0.5604166666666667 0.589453125 0.04027777777777778 0.02109375
0 0.5208333333333334 0.587890625 0.022222222222222223 0.01484375
0 0.3326388888888889 0.590625 0.034722222222222224 0.021875
0 0.36944444444444446 0.596484375 0.025 0.02421875
0 0.3902777777777778 0.566015625 0.022222222222222223 0.01484375
0 0.07569444444444444 0.640625 0.029166666666666667 0.0234375
0 0.14722222222222223 0.583203125 0.03333333333333333 0.02109375
0 0.14722222222222223 0.562109375 0.030555555555555555 0.01328125
0 0.24375 0.58203125 0.02361111111111111 0.0234375
0 0.44513888888888886 0.687109375 0.04583333333333333 0.02265625
0 0.47291666666666665 0.6609375 0.03194444444444444 0.015625
0 0.5166666666666667 0.652734375 0.025 0.01171875
0 0.6423611111111112 0.73125 0.02361111111111111 0.0203125
0 0.6069444444444444 0.730859375 0.03333333333333333 0.01796875
0 0.6013888888888889 0.698828125 0.025 0.01953125
0 0.6513888888888889 0.680078125 0.030555555555555555 0.02109375
0 0.08333333333333333 0.39296875 0.03333333333333333 0.015625
0 0.4486111111111111 0.478125 0.019444444444444445 0.0140625
0 0.7076388888888889 0.769140625 0.018055555555555554 0.01953125
0 0.7458333333333333 0.759375 0.03333333333333333 0.0171875
0 0.7041666666666667 0.715625 0.03888888888888889 0.0171875
0 0.7069444444444445 0.732421875 0.044444444444444446 0.01484375
0 0.5055555555555555 0.6953125 0.030555555555555555 0.0140625
0 0.4756944444444444 0.676953125 0.0125 0.01640625
0 0.46944444444444444 0.27109375 0.016666666666666666 0.015625
0 0.2902777777777778 0.3796875 0.016666666666666666 0.0125
0 0.7888888888888889 0.408984375 0.022222222222222223 0.01171875
0 0.8048611111111111 0.415234375 0.02638888888888889 0.01328125
0 0.12777777777777777 0.53984375 0.022222222222222223 0.0109375
0 0.12916666666666668 0.62109375 0.016666666666666666 0.009375
0 0.46944444444444444 0.64921875 0.027777777777777776 0.0078125
0 0.5972222222222222 0.5765625 0.022222222222222223 0.009375
0 0.6298611111111111 0.590234375 0.02638888888888889 0.01015625
0 0.7645833333333333 0.585546875 0.020833333333333332 0.01171875
0 0.75625 0.653515625 0.02361111111111111 0.01328125
