0 0.1763888888888889 0.150390625 0.05 0.02421875
0 0.18680555555555556 0.1640625 0.034722222222222224 0.0140625
0 0.225 0.15078125 0.044444444444444446 0.0265625
0 0.2520833333333333 0.13828125 0.03194444444444444 0.0171875
0 0.31875 0.147265625 0.029166666666666667 0.01796875
0 0.3388888888888889 0.151953125 0.041666666666666664 0.02109375
0 0.35 0.184375 0.05 0.028125
0 0.40555555555555556 0.183203125 0.058333333333333334 0.03359375
0 0.26805555555555555 0.2484375 0.027777777777777776 0.028125
0 0.32222222222222224 0.2640625 0.04722222222222222 0.0296875
0 0.4048611111111111 0.2265625 0.015277777777777777 0.015625
0 0.3680555555555556 0.264453125 0.041666666666666664 0.03359375
0 0.3506944444444444 0.22578125 0.015277777777777777 0.021875
0 0.20694444444444443 0.327734375 0.03888888888888889 0.02109375
0 0.2611111111111111 0.312890625 0.03611111111111111 0.01953125
0 0.3298611111111111 0.318359375 0.03194444444444444 0.01796875
0 0.3951388888888889 0.31171875 0.029166666666666667 0.01875
0 0.5159722222222223 0.28828125 0.04861111111111111 0.03125
0 0.4340277777777778 0.3203125 0.020833333333333332 0.0234375
0 0.475 0.3796875 0.04722222222222222 0.028125
0 0.8972222222222223 0.309765625 0.027777777777777776 0.02265625
0 0.8909722222222223 0.25546875 0.04583333333333333 0.028125
0 0.44583333333333336 0.37265625 0.022222222222222223 0.0234375
0 0.41944444444444445 0.383984375 0.04722222222222222 0.03046875
0 0.37569444444444444 0.340234375 0.05416666666666667 0.03359375
0 0.20972222222222223 0.351171875 0.044444444444444446 0.02578125
0 0.16180555555555556 0.35703125 0.05694444444444444 0.0234375
0 0.4791666666666667 0.3921875 0.041666666666666664 0.0140625
0 0.36736111111111114 0.42421875 0.0375 0.0203125
0 0.44305555555555554 0.428125 0.016666666666666666 0.009375
0 0.46805555555555556 0.43359375 0.016666666666666666 0.009375
0 0.8513888888888889 0.46328125 0.05555555555555555 0.0234375
0 0.4986111111111111 0.5109375 0.05277777777777778 0.034375
0 0.1125 0.394921875 0.06666666666666667 0.03203125
0 0.1451388888888889 0.372265625 0.05138888888888889 0.02421875
0 0.20555555555555555 0.383984375 0.022222222222222223 0.01796875
0 0.2222222222222222 0.4 0.03888888888888889 0.0203125
0 0.17222222222222222 0.40703125 0.030555555555555555 0.0265625
0 0.12430555555555556 0.41953125 0.043055555555555555 0.0234375
0 0.13055555555555556 0.4390625 0.03333333333333333 0.0171875
0 0.16111111111111112 0.434375 0.044444444444444446 0.0234375
0 0.20069444444444445 0.414453125 0.04583333333333333 0.02734375
0 0.3277777777777778 0.475 0.03888888888888889 0.0203125
0 0.28402777777777777 0.51640625 0.04583333333333333 0.021875
0 0.3326388888888889 0.490625 0.029166666666666667 0.015625
0 0.41597222222222224 0.496875 0.029166666666666667 0.021875
0 0.4222222222222222 0.465234375 0.03611111111111111 0.02265625
0 0.49722222222222223 0.46875 0.013888888888888888 0.0171875
0 0.43819444444444444 0.497265625 0.02361111111111111 0.01796875
0 0.3701388888888889 0.5203125 0.029166666666666667 0.01875
0 0.3854166666666667 0.53984375 0.05138888888888889 0.0296875
0 0.5104166666666666 0.544140625 0.0375 0.01953125
0 0.5388888888888889 0.588671875 0.05277777777777778 0.02890625
0 0.475 0.732421875 0.027777777777777776 0.01640625
0 0.4930555555555556 0.76015625 0.03333333333333333 0.01875
0 0.4798611111111111 0.7765625 0.03194444444444444 0.0234375
0 0.7479166666666667 0.59375 0.043055555555555555 0.0140625
