0 0.4618055555555556 0.196484375 0.05138888888888889 0.02890625
0 0.41875 0.30859375 0.04861111111111111 0.0203125
0 0.035416666666666666 0.35 0.05416666666666667 0.0265625
0 0.2076388888888889 0.354296875 0.034722222222222224 0.02109375
0 0.24444444444444444 0.34453125 0.03333333333333333 0.0171875
0 0.2902777777777778 0.390625 0.05 0.0234375
0 0.2326388888888889 0.409375 0.04027777777777778 0.021875
0 0.4222222222222222 0.399609375 0.05277777777777778 0.03203125
0 0.07152777777777777 0.347265625 0.02638888888888889 0.01640625
0 0.06319444444444444 0.366015625 0.03194444444444444 0.01953125
0 0.3486111111111111 0.52421875 0.05 0.0328125
0 0.33958333333333335 0.5828125 0.04861111111111111 0.03125
0 0.5145833333333333 0.530078125 0.04027777777777778 0.02109375
0 0.6493055555555556 0.55546875 0.029166666666666667 0.0234375
0 0.25625 0.6453125 0.07083333333333333 0.0328125
0 0.5326388888888889 0.648828125 0.04861111111111111 0.02265625
0 0.6840277777777778 0.554296875 0.04027777777777778 0.02734375
0 0.7916666666666666 0.51796875 0.04722222222222222 0.0234375
0 0.5673611111111111 0.6328125 0.0375 0.0296875
0 0.09444444444444444 0.364453125 0.025 0.02109375
0 0.08333333333333333 0.567578125 0.03333333333333333 0.02109375
0 0.015277777777777777 0.407421875 0.022222222222222223 0.01640625
0 0.10347222222222222 0.591796875 0.029166666666666667 0.01171875
0 0.3013888888888889 0.591796875 0.027777777777777776 0.01796875
