0 0.5013888888888889 0.148828125 0.041666666666666664 0.03203125
0 0.5416666666666666 0.148828125 0.06111111111111111 0.03671875
0 0.5381944444444444 0.169921875 0.05138888888888889 0.01328125
0 0.5034722222222222 0.240234375 0.0625 0.03671875
0 0.46944444444444444 0.248828125 0.041666666666666664 0.03203125
0 0.40208333333333335 0.3390625 0.059722222222222225 0.025
0 0.5840277777777778 0.384375 0.0625 0.03125
0 0.5229166666666667 0.4109375 0.05416666666666667 0.0359375
0 0.3645833333333333 0.497265625 0.04861111111111111 0.02734375
0 0.5284722222222222 0.448828125 0.02361111111111111 0.01015625
0 0.5340277777777778 0.4796875 0.04027777777777778 0.025
0 0.5791666666666667 0.503125 0.041666666666666664 0.021875
0 0.6458333333333334 0.503125 0.05 0.0359375
0 0.6916666666666667 0.4796875 0.03888888888888889 0.0171875
0 0.30486111111111114 0.526953125 0.05138888888888889 0.03359375
0 0.2923611111111111 0.551953125 0.05138888888888889 0.02578125
0 0.35625 0.56484375 0.04027777777777778 0.028125
0 0.3458333333333333 0.594921875 0.05 0.03046875
0 0.28541666666666665 0.57578125 0.05694444444444444 0.028125
0 0.28055555555555556 0.601953125 0.06388888888888888 0.02109375
0 0.8111111111111111 0.585546875 0.05555555555555555 0.03046875
0 0.5763888888888888 0.62734375 0.025 0.0109375
0 0.41388888888888886 0.685546875 0.06111111111111111 0.02578125
0 0.36944444444444446 0.713671875 0.05555555555555555 0.03359375
0 0.34791666666666665 0.692578125 0.04861111111111111 0.02265625
0 0.32222222222222224 0.68203125 0.044444444444444446 0.03125
0 0.3145833333333333 0.769921875 0.059722222222222225 0.03515625
0 0.3347222222222222 0.894921875 0.030555555555555555 0.03984375
0 0.3875 0.9 0.058333333333333334 0.0375
0 0.37430555555555556 0.378125 0.059722222222222225 0.025
0 0.4263888888888889 0.592578125 0.030555555555555555 0.01796875
0 0.65 0.691015625 0.05 0.02890625
0 0.18263888888888888 0.9171875 0.04861111111111111 0.03125
0 0.6125 0.489453125 0.03611111111111111 0.02421875
0 0.27291666666666664 0.658984375 0.018055555555555554 0.01171875
0 0.4041666666666667 0.73828125 0.04722222222222222 0.0171875
0 0.37083333333333335 0.96171875 0.022222222222222223 0.015625
0 0.08125 0.8828125 0.043055555555555555 0.0140625
0 0.5131944444444444 0.86015625 0.03194444444444444 0.0171875
