0 0.4465277777777778 0.2109375 0.020833333333333332 0.0125
0 0.53125 0.184375 0.020833333333333332 0.0078125
0 0.54375 0.20859375 0.006944444444444444 0.009375
0 0.5090277777777777 0.207421875 0.009722222222222222 0.00703125
0 0.5604166666666667 0.248828125 0.020833333333333332 0.01171875
0 0.47152777777777777 0.262109375 0.020833333333333332 0.01171875
0 0.4041666666666667 0.26953125 0.016666666666666666 0.0109375
0 0.39375 0.283984375 0.02638888888888889 0.01640625
0 0.4215277777777778 0.284765625 0.02638888888888889 0.01640625
0 0.46875 0.278515625 0.018055555555555554 0.01484375
0 0.49930555555555556 0.27265625 0.029166666666666667 0.0140625
0 0.5527777777777778 0.283984375 0.022222222222222223 0.01171875
0 0.5770833333333333 0.30390625 0.029166666666666667 0.015625
0 0.6111111111111112 0.30234375 0.019444444444444445 0.0125
0 0.6347222222222222 0.2765625 0.016666666666666666 0.0125
0 0.6583333333333333 0.35625 0.022222222222222223 0.0125
0 0.6777777777777778 0.37578125 0.025 0.015625
0 0.4215277777777778 0.33828125 0.02638888888888889 0.0140625
0 0.45902777777777776 0.352734375 0.009722222222222222 0.00546875
0 0.4791666666666667 0.399609375 0.011111111111111112 0.00859375
0 0.4131944444444444 0.37421875 0.015277777777777777 0.0109375
0 0.4409722222222222 0.424609375 0.029166666666666667 0.02109375
0 0.3854166666666667 0.41875 0.015277777777777777 0.009375
0 0.5805555555555556 0.474609375 0.027777777777777776 0.01171875
0 0.6993055555555555 0.461328125 0.02361111111111111 0.01015625
0 0.8097222222222222 0.453515625 0.025 0.01171875
0 0.8083333333333333 0.48125 0.013888888888888888 0.009375
0 0.2659722222222222 0.425390625 0.034722222222222224 0.01796875
0 0.23194444444444445 0.384765625 0.022222222222222223 0.01015625
0 0.22916666666666666 0.35 0.011111111111111112 0.0046875
0 0.17569444444444443 0.394140625 0.018055555555555554 0.01953125
0 0.1597222222222222 0.409375 0.027777777777777776 0.0140625
0 0.13472222222222222 0.40546875 0.022222222222222223 0.0125
0 0.2125 0.41640625 0.011111111111111112 0.00625
0 0.29305555555555557 0.4890625 0.016666666666666666 0.009375
0 0.36319444444444443 0.469921875 0.018055555555555554 0.00859375
0 0.2326388888888889 0.540625 0.020833333333333332 0.0109375
0 0.19027777777777777 0.673046875 0.008333333333333333 0.01171875
0 0.03194444444444444 0.71171875 0.03611111111111111 0.0171875
0 0.014583333333333334 0.743359375 0.02361111111111111 0.02265625
0 0.3958333333333333 0.621875 0.011111111111111112 0.01875
0 0.3388888888888889 0.617578125 0.011111111111111112 0.01171875
0 0.425 0.5703125 0.019444444444444445 0.0109375
0 0.38055555555555554 0.57578125 0.008333333333333333 0.009375
0 0.5875 0.5734375 0.03611111111111111 0.0109375
0 0.6305555555555555 0.628125 0.022222222222222223 0.0109375
0 0.6805555555555556 0.628515625 0.03333333333333333 0.01484375
0 0.4638888888888889 0.624609375 0.030555555555555555 0.00703125
0 0.2986111111111111 0.60390625 0.025 0.009375
0 0.5958333333333333 0.695703125 0.03333333333333333 0.02265625
0 0.6333333333333333 0.690625 0.022222222222222223 0.00625
0 0.6111111111111112 0.7203125 0.013888888888888888 0.0125
0 0.55625 0.725 0.015277777777777777 0.0125
0 0.5763888888888888 0.733203125 0.019444444444444445 0.01171875
0 0.7180555555555556 0.7390625 0.019444444444444445 0.0125
0 0.7701388888888889 0.76875 0.020833333333333332 0.015625
0 0.5555555555555556 0.32890625 0.013888888888888888 0.0078125
0 0.7854166666666667 0.449609375 0.034722222222222224 0.01015625
0 0.48680555555555555 0.2921875 0.03194444444444444 0.0109375
0 0.6340277777777777 0.364453125 0.02638888888888889 0.01015625
0 0.6166666666666667 0.475390625 0.025 0.01171875
0 0.6375 0.434765625 0.027777777777777776 0.01484375
0 0.7909722222222222 0.4609375 0.02638888888888889 0.00625
0 0.53125 0.606640625 0.02638888888888889 0.02109375
0 0.49722222222222223 0.635546875 0.044444444444444446 0.01796875
0 0.5673611111111111 0.655078125 0.020833333333333332 0.02265625
0 0.71875 0.763671875 0.018055555555555554 0.01328125
0 0.6395833333333333 0.8109375 0.029166666666666667 0.0125
0 0.825 0.812109375 0.025 0.01796875
0 0.825 0.775 0.03333333333333333 0.0125
0 0.6368055555555555 0.7375 0.034722222222222224 0.0109375
