0 0.20625 0.122265625 0.03194444444444444 0.01953125
0 0.20625 0.139453125 0.03194444444444444 0.01484375
0 0.2513888888888889 0.14140625 0.027777777777777776 0.0140625
0 0.2611111111111111 0.151171875 0.013888888888888888 0.00859375
0 0.33125 0.16015625 0.034722222222222224 0.0171875
0 0.31875 0.14140625 0.0125 0.009375
0 0.04513888888888889 0.19296875 0.0375 0.0265625
0 0.03263888888888889 0.2140625 0.029166666666666667 0.015625
0 0.013888888888888888 0.20859375 0.025 0.015625
0 0.17430555555555555 0.183984375 0.029166666666666667 0.01640625
0 0.23472222222222222 0.182421875 0.019444444444444445 0.01328125
0 0.08333333333333333 0.25078125 0.027777777777777776 0.01875
0 0.10138888888888889 0.23125 0.025 0.0109375
0 0.15347222222222223 0.247265625 0.04027777777777778 0.02734375
0 0.11597222222222223 0.25625 0.043055555555555555 0.0265625
0 0.14791666666666667 0.27109375 0.029166666666666667 0.0203125
0 0.09305555555555556 0.275390625 0.03611111111111111 0.02734375
0 0.11666666666666667 0.305859375 0.041666666666666664 0.02890625
0 0.07430555555555556 0.301953125 0.04583333333333333 0.02265625
0 0.07916666666666666 0.325 0.041666666666666664 0.0203125
0 0.05 0.33984375 0.027777777777777776 0.0203125
0 0.02361111111111111 0.3359375 0.022222222222222223 0.0171875
0 0.016666666666666666 0.326953125 0.030555555555555555 0.02109375
0 0.22430555555555556 0.255859375 0.029166666666666667 0.01953125
0 0.30416666666666664 0.26484375 0.05 0.0296875
0 0.3402777777777778 0.23046875 0.030555555555555555 0.021875
0 0.275 0.19375 0.03333333333333333 0.0234375
0 0.3541666666666667 0.17578125 0.03611111111111111 0.015625
0 0.4756944444444444 0.28671875 0.034722222222222224 0.021875
0 0.5118055555555555 0.28125 0.0375 0.0203125
0 0.03611111111111111 0.436328125 0.05 0.02265625
0 0.08263888888888889 0.46171875 0.05694444444444444 0.0296875
0 0.24375 0.46484375 0.034722222222222224 0.0203125
0 0.22152777777777777 0.34609375 0.04027777777777778 0.0203125
0 0.2611111111111111 0.362109375 0.044444444444444446 0.02265625
0 0.20416666666666666 0.312109375 0.044444444444444446 0.02265625
0 0.1673611111111111 0.304296875 0.04027777777777778 0.02265625
0 0.15902777777777777 0.325390625 0.029166666666666667 0.02109375
0 0.3972222222222222 0.357421875 0.041666666666666664 0.02578125
0 0.4152777777777778 0.322265625 0.05 0.02578125
0 0.47847222222222224 0.308203125 0.043055555555555555 0.02578125
0 0.4895833333333333 0.376953125 0.04027777777777778 0.02734375
0 0.4131944444444444 0.373828125 0.0375 0.01953125
0 0.06041666666666667 0.525390625 0.04583333333333333 0.02109375
0 0.15833333333333333 0.538671875 0.05 0.02578125
0 0.24444444444444444 0.53359375 0.044444444444444446 0.0234375
0 0.3104166666666667 0.518359375 0.0375 0.01328125
0 0.40069444444444446 0.482421875 0.029166666666666667 0.01953125
0 0.39444444444444443 0.523828125 0.03888888888888889 0.02421875
0 0.3638888888888889 0.547265625 0.03611111111111111 0.01953125
0 0.3902777777777778 0.557421875 0.041666666666666664 0.02421875
0 0.4666666666666667 0.625390625 0.041666666666666664 0.02109375
0 0.33819444444444446 0.587890625 0.04027777777777778 0.02109375
0 0.21944444444444444 0.612890625 0.03333333333333333 0.01953125
0 0.40625 0.725390625 0.029166666666666667 0.02109375
0 0.5798611111111112 0.661328125 0.02638888888888889 0.01171875
0 0.5770833333333333 0.586328125 0.03194444444444444 0.01640625
0 0.6819444444444445 0.608984375 0.03888888888888889 0.01953125
0 0.6069444444444444 0.2203125 0.025 0.021875
0 0.7541666666666667 0.295703125 0.03611111111111111 0.01953125
0 0.5847222222222223 0.38828125 0.030555555555555555 0.021875
0 0.8555555555555555 0.298828125 0.03611111111111111 0.01796875
0 0.7895833333333333 0.28671875 0.043055555555555555 0.025
0 0.8277777777777777 0.268359375 0.03888888888888889 0.02109375
0 0.9784722222222222 0.1859375 0.034722222222222224 0.0171875
0 0.9881944444444445 0.196484375 0.020833333333333332 0.01328125
0 0.9833333333333333 0.256640625 0.027777777777777776 0.01484375
0 0.9645833333333333 0.24609375 0.034722222222222224 0.015625
0 0.7263888888888889 0.500390625 0.03888888888888889 0.02421875
0 0.7381944444444445 0.515625 0.04861111111111111 0.0234375
0 0.8104166666666667 0.54453125 0.03194444444444444 0.015625
0 0.8340277777777778 0.550390625 0.0375 0.01328125
0 0.7263888888888889 0.56796875 0.027777777777777776 0.0109375
0 0.7604166666666666 0.55859375 0.029166666666666667 0.0125
0 0.42777777777777776 0.73984375 0.030555555555555555 0.0125
0 0.45902777777777776 0.710546875 0.029166666666666667 0.01640625
0 0.4798611111111111 0.717578125 0.015277777777777777 0.01484375
0 0.3423611111111111 0.60859375 0.020833333333333332 0.01875
0 0.2847222222222222 0.56171875 0.030555555555555555 0.0171875
0 0.6861111111111111 0.222265625 0.019444444444444445 0.01171875
0 0.23680555555555555 0.208203125 0.015277777777777777 0.01015625
0 0.25625 0.63515625 0.0125 0.015625
0 0.3576388888888889 0.653515625 0.02361111111111111 0.01484375
0 0.12777777777777777 0.34921875 0.03611111111111111 0.0203125
0 0.225 0.3828125 0.03333333333333333 0.0171875
0 0.2798611111111111 0.38671875 0.02638888888888889 0.0125
0 0.9604166666666667 0.451171875 0.02361111111111111 0.01171875
0 0.9840277777777777 0.459765625 0.02361111111111111 0.01015625
0 0.9659722222222222 0.491015625 0.020833333333333332 0.01015625
0 0.95625 0.60390625 0.034722222222222224 0.0171875
0 0.6305555555555555 0.605078125 0.025 0.01171875
0 0.6041666666666666 0.560546875 0.03888888888888889 0.01015625
0 0.5930555555555556 0.548046875 0.019444444444444445 0.01484375
0 0.6534722222222222 0.5265625 0.043055555555555555 0.01875
0 0.9180555555555555 0.66015625 0.03333333333333333 0.0171875
