0 0.26458333333333334 0.51640625 0.009722222222222222 0.00625
0 0.18958333333333333 0.578125 0.02638888888888889 0.009375
0 0.03958333333333333 0.63203125 0.03194444444444444 0.009375
0 0.2111111111111111 0.62265625 0.025 0.00625
0 0.3076388888888889 0.609765625 0.0125 0.01328125
0 0.36319444444444443 0.630078125 0.018055555555555554 0.01328125
0 0.16111111111111112 0.6921875 0.011111111111111112 0.0109375
0 0.34930555555555554 0.66015625 0.02638888888888889 0.0203125
0 0.47847222222222224 0.63125 0.02638888888888889 0.0171875
0 0.5465277777777777 0.605078125 0.02638888888888889 0.01796875
0 0.5840277777777778 0.590234375 0.009722222222222222 0.01015625
0 0.4583333333333333 0.57578125 0.019444444444444445 0.0140625
0 0.49375 0.536328125 0.018055555555555554 0.01171875
0 0.4840277777777778 0.51328125 0.029166666666666667 0.0171875
0 0.5131944444444444 0.511328125 0.015277777777777777 0.00390625
0 0.5743055555555555 0.48359375 0.009722222222222222 0.0046875
0 0.4951388888888889 0.48671875 0.015277777777777777 0.009375
0 0.8125 0.612109375 0.016666666666666666 0.00546875
0 0.8319444444444445 0.622265625 0.027777777777777776 0.01484375
0 0.7868055555555555 0.614453125 0.009722222222222222 0.00703125
0 0.7840277777777778 0.64609375 0.018055555555555554 0.0109375
0 0.8090277777777778 0.65078125 0.018055555555555554 0.00625
0 0.8465277777777778 0.6390625 0.0125 0.009375
0 0.9215277777777777 0.659375 0.015277777777777777 0.009375
0 0.9701388888888889 0.685546875 0.0125 0.01015625
0 0.8944444444444445 0.553515625 0.013888888888888888 0.01171875
0 0.5965277777777778 0.42421875 0.015277777777777777 0.0125
0 0.5652777777777778 0.383984375 0.013888888888888888 0.00546875
0 0.6159722222222223 0.3609375 0.018055555555555554 0.0125
0 0.6819444444444445 0.365625 0.03333333333333333 0.0171875
0 0.7555555555555555 0.355078125 0.027777777777777776 0.01328125
0 0.8715277777777778 0.349609375 0.015277777777777777 0.01015625
0 0.4965277777777778 0.3640625 0.02361111111111111 0.0171875
0 0.5270833333333333 0.31953125 0.020833333333333332 0.0140625
0 0.9013888888888889 0.311328125 0.016666666666666666 0.00703125
0 0.8631944444444445 0.219921875 0.0125 0.00859375
0 0.8048611111111111 0.215625 0.015277777777777777 0.0171875
0 0.8208333333333333 0.24296875 0.013888888888888888 0.0109375
0 0.7895833333333333 0.244921875 0.02638888888888889 0.01484375
0 0.7833333333333333 0.18984375 0.025 0.0140625
0 0.7645833333333333 0.227734375 0.02638888888888889 0.01484375
0 0.7208333333333333 0.16953125 0.013888888888888888 0.0078125
0 0.6923611111111111 0.176171875 0.018055555555555554 0.01953125
0 0.6590277777777778 0.153125 0.02361111111111111 0.0125
0 0.6708333333333333 0.202734375 0.011111111111111112 0.01171875
0 0.70625 0.214453125 0.029166666666666667 0.01484375
0 0.6736111111111112 0.21875 0.011111111111111112 0.0125
0 0.6180555555555556 0.2265625 0.022222222222222223 0.01875
0 0.6048611111111111 0.208984375 0.0125 0.00859375
0 0.5916666666666667 0.225 0.022222222222222223 0.015625
0 0.7236111111111111 0.253515625 0.008333333333333333 0.00859375
0 0.41388888888888886 0.334375 0.022222222222222223 0.0171875
0 0.3763888888888889 0.342578125 0.022222222222222223 0.01171875
0 0.39861111111111114 0.3484375 0.027777777777777776 0.0140625
0 0.3784722222222222 0.325 0.02638888888888889 0.01875
0 0.5826388888888889 0.32265625 0.020833333333333332 0.0109375
0 0.5993055555555555 0.3171875 0.018055555555555554 0.0140625
0 0.5402777777777777 0.41015625 0.027777777777777776 0.01875
0 0.625 0.421875 0.022222222222222223 0.0125
0 0.6743055555555556 0.383984375 0.02361111111111111 0.01796875
0 0.6680555555555555 0.423828125 0.019444444444444445 0.01015625
0 0.4722222222222222 0.47734375 0.027777777777777776 0.0125
0 0.05416666666666667 0.659765625 0.041666666666666664 0.02578125
0 0.28680555555555554 0.666015625 0.020833333333333332 0.01328125
0 0.3013888888888889 0.669921875 0.016666666666666666 0.01171875
0 0.1361111111111111 0.655859375 0.016666666666666666 0.01796875
0 0.525 0.59375 0.030555555555555555 0.0125
0 0.4666666666666667 0.5578125 0.022222222222222223 0.0125
0 0.8055555555555556 0.531640625 0.044444444444444446 0.01796875
0 0.7166666666666667 0.54765625 0.03333333333333333 0.0203125
0 0.7791666666666667 0.5609375 0.022222222222222223 0.0140625
0 0.9826388888888888 0.591015625 0.02361111111111111 0.01484375
0 0.9069444444444444 0.68515625 0.027777777777777776 0.0171875
0 0.9284722222222223 0.683203125 0.018055555555555554 0.01640625
0 0.9277777777777778 0.691015625 0.027777777777777776 0.01015625
0 0.8395833333333333 0.705859375 0.020833333333333332 0.01484375
