0 0.78125 0.42265625 0.0375 0.021875
0 0.5444444444444444 0.359375 0.03611111111111111 0.0203125
0 0.64375 0.38125 0.03194444444444444 0.0171875
0 0.19375 0.50859375 0.034722222222222224 0.0203125
0 0.37777777777777777 0.596484375 0.041666666666666664 0.02265625
0 0.3333333333333333 0.604296875 0.030555555555555555 0.02421875
0 0.4534722222222222 0.441015625 0.02638888888888889 0.01953125
0 0.49583333333333335 0.45703125 0.027777777777777776 0.015625
0 0.2923611111111111 0.423828125 0.02638888888888889 0.01796875
0 0.20833333333333334 0.45625 0.03333333333333333 0.015625
0 0.14097222222222222 0.45625 0.0375 0.0140625
0 0.33958333333333335 0.38203125 0.02361111111111111 0.0140625
0 0.34652777777777777 0.39921875 0.020833333333333332 0.0140625
0 0.06527777777777778 0.26484375 0.03333333333333333 0.01875
0 0.06458333333333334 0.2328125 0.02361111111111111 0.0125
0 0.8722222222222222 0.61015625 0.03611111111111111 0.0234375
0 0.9395833333333333 0.61953125 0.02361111111111111 0.0265625
0 0.8666666666666667 0.475 0.030555555555555555 0.0109375
0 0.9361111111111111 0.4734375 0.025 0.0109375
0 0.9034722222222222 0.402734375 0.02638888888888889 0.01484375
0 0.9347222222222222 0.406640625 0.027777777777777776 0.01171875
0 0.9875 0.380859375 0.022222222222222223 0.01484375
0 0.1361111111111111 0.330859375 0.030555555555555555 0.01328125
0 0.18541666666666667 0.490625 0.018055555555555554 0.0171875
0 0.11805555555555555 0.402734375 0.022222222222222223 0.01640625
0 0.34791666666666665 0.253125 0.02638888888888889 0.01875
0 0.06875 0.29296875 0.0125 0.009375
0 0.3541666666666667 0.337890625 0.025 0.01171875
0 0.30069444444444443 0.3984375 0.02638888888888889 0.0109375
0 0.21458333333333332 0.434765625 0.020833333333333332 0.01484375
0 0.4736111111111111 0.448828125 0.019444444444444445 0.01484375
0 0.6055555555555555 0.40546875 0.03888888888888889 0.015625
0 0.8763888888888889 0.37265625 0.022222222222222223 0.0234375
0 0.9 0.285546875 0.04722222222222222 0.02109375
0 0.3819444444444444 0.55859375 0.041666666666666664 0.0234375
