0 0.5083333333333333 0.146484375 0.041666666666666664 0.03203125
0 0.5416666666666666 0.147265625 0.06111111111111111 0.03671875
0 0.5465277777777777 0.167578125 0.05138888888888889 0.01328125
0 0.5069444444444444 0.240234375 0.06388888888888888 0.03671875
0 0.4722222222222222 0.246484375 0.041666666666666664 0.03203125
0 0.40208333333333335 0.3390625 0.059722222222222225 0.025
0 0.5840277777777778 0.384375 0.0625 0.03125
0 0.5201388888888889 0.41171875 0.05416666666666667 0.0359375
0 0.3645833333333333 0.497265625 0.04861111111111111 0.02734375
0 0.5284722222222222 0.448828125 0.02361111111111111 0.01015625
0 0.5340277777777778 0.4796875 0.04027777777777778 0.025
0 0.5791666666666667 0.503125 0.041666666666666664 0.021875
0 0.6513888888888889 0.50234375 0.05 0.0359375
0 0.6916666666666667 0.4796875 0.03888888888888889 0.0171875
0 0.3034722222222222 0.528515625 0.05138888888888889 0.03359375
0 0.29097222222222224 0.555078125 0.05138888888888889 0.02578125
0 0.35625 0.56484375 0.04027777777777778 0.028125
0 0.35347222222222224 0.594921875 0.05694444444444444 0.03046875
0 0.28125 0.579296875 0.05694444444444444 0.02734375
0 0.28055555555555556 0.601953125 0.06388888888888888 0.02109375
0 0.8111111111111111 0.585546875 0.05555555555555555 0.03046875
0 0.5763888888888888 0.62734375 0.025 0.0109375
0 0.41944444444444445 0.690234375 0.06111111111111111 0.02578125
0 0.3763888888888889 0.715234375 0.05555555555555555 0.03359375
0 0.3506944444444444 0.695703125 0.04861111111111111 0.02265625
0 0.32222222222222224 0.6859375 0.044444444444444446 0.03125
0 0.3145833333333333 0.776953125 0.059722222222222225 0.03515625
0 0.3277777777777778 0.901953125 0.030555555555555555 0.03671875
0 0.3819444444444444 0.90859375 0.058333333333333334 0.0375
0 0.5166666666666667 0.834375 0.041666666666666664 0.01875
0 0.6951388888888889 0.837890625 0.034722222222222224 0.01484375
0 0.37430555555555556 0.378125 0.059722222222222225 0.025
0 0.42777777777777776 0.598046875 0.030555555555555555 0.01796875
0 0.6541666666666667 0.693359375 0.058333333333333334 0.03359375
0 0.5055555555555555 0.867578125 0.019444444444444445 0.01953125
0 0.18263888888888888 0.9265625 0.04861111111111111 0.03125
0 0.08541666666666667 0.89453125 0.05138888888888889 0.0203125
0 0.6125 0.489453125 0.03611111111111111 0.02421875
0 0.26875 0.662109375 0.018055555555555554 0.01171875
0 0.4097222222222222 0.7421875 0.04722222222222222 0.0171875
0 0.3645833333333333 0.973046875 0.018055555555555554 0.01328125
