0 0.04097222222222222 0.15078125 0.034722222222222224 0.01875
0 0.06805555555555555 0.155078125 0.025 0.01953125
0 0.09027777777777778 0.15625 0.019444444444444445 0.0140625
0 0.10902777777777778 0.1640625 0.02638888888888889 0.015625
0 0.12569444444444444 0.14375 0.029166666666666667 0.0203125
0 0.15486111111111112 0.141796875 0.029166666666666667 0.01484375
0 0.1597222222222222 0.1609375 0.030555555555555555 0.015625
0 0.1638888888888889 0.205078125 0.027777777777777776 0.01796875
0 0.19652777777777777 0.18515625 0.03194444444444444 0.01875
0 0.07152777777777777 0.297265625 0.043055555555555555 0.02265625
0 0.10694444444444444 0.286328125 0.022222222222222223 0.01953125
0 0.0875 0.28515625 0.019444444444444445 0.0125
0 0.11319444444444444 0.30234375 0.02361111111111111 0.015625
0 0.1375 0.304296875 0.030555555555555555 0.01953125
0 0.1798611111111111 0.288671875 0.034722222222222224 0.01953125
0 0.17708333333333334 0.302734375 0.034722222222222224 0.01640625
0 0.23125 0.317578125 0.03194444444444444 0.01796875
0 0.21944444444444444 0.266015625 0.044444444444444446 0.02578125
0 0.26180555555555557 0.26953125 0.04861111111111111 0.028125
0 0.2548611111111111 0.233203125 0.015277777777777777 0.02421875
0 0.2722222222222222 0.2125 0.04722222222222222 0.028125
0 0.3173611111111111 0.203515625 0.043055555555555555 0.03046875
0 0.3145833333333333 0.23125 0.04027777777777778 0.021875
0 0.32083333333333336 0.26953125 0.03888888888888889 0.021875
0 0.3902777777777778 0.213671875 0.03888888888888889 0.02265625
0 0.36666666666666664 0.274609375 0.041666666666666664 0.02109375
0 0.30694444444444446 0.069140625 0.027777777777777776 0.01796875
0 0.30694444444444446 0.08359375 0.030555555555555555 0.01875
0 0.36180555555555555 0.089453125 0.02638888888888889 0.01640625
0 0.4534722222222222 0.116015625 0.0375 0.01953125
0 0.46875 0.12890625 0.02638888888888889 0.0203125
0 0.4486111111111111 0.094921875 0.030555555555555555 0.01796875
0 0.50625 0.134765625 0.02361111111111111 0.01171875
0 0.31180555555555556 0.293359375 0.04027777777777778 0.02265625
0 0.29097222222222224 0.30078125 0.018055555555555554 0.01875
0 0.3236111111111111 0.309375 0.041666666666666664 0.021875
0 0.36736111111111114 0.31875 0.0375 0.021875
0 0.40347222222222223 0.33671875 0.0375 0.0203125
0 0.020833333333333332 0.48359375 0.03611111111111111 0.0203125
0 0.05416666666666667 0.47734375 0.041666666666666664 0.0171875
0 0.10486111111111111 0.464453125 0.04583333333333333 0.02890625
0 0.1375 0.42578125 0.030555555555555555 0.0265625
0 0.07152777777777777 0.3921875 0.02361111111111111 0.0171875
0 0.034722222222222224 0.419921875 0.05 0.01796875
0 0.2125 0.419140625 0.05555555555555555 0.02578125
0 0.2569444444444444 0.448828125 0.05 0.02734375
0 0.21180555555555555 0.5171875 0.04027777777777778 0.0234375
0 0.47638888888888886 0.227734375 0.05 0.03359375
0 0.5756944444444444 0.162109375 0.034722222222222224 0.02421875
0 0.6118055555555556 0.171875 0.02638888888888889 0.0109375
0 0.8277777777777777 0.19375 0.025 0.015625
0 0.70625 0.253125 0.04027777777777778 0.021875
0 0.6659722222222222 0.25546875 0.034722222222222224 0.021875
0 0.6659722222222222 0.28125 0.04027777777777778 0.025
0 0.6006944444444444 0.295703125 0.05138888888888889 0.02578125
0 0.2722222222222222 0.516796875 0.027777777777777776 0.01953125
0 0.93125 0.27578125 0.03194444444444444 0.015625
0 0.9708333333333333 0.2640625 0.044444444444444446 0.0265625
0 0.575 0.337109375 0.04722222222222222 0.02265625
0 0.5680555555555555 0.35546875 0.03611111111111111 0.0171875
0 0.6666666666666666 0.357421875 0.03888888888888889 0.02734375
0 0.31875 0.534765625 0.04583333333333333 0.02734375
0 0.3951388888888889 0.527734375 0.043055555555555555 0.02265625
0 0.33541666666666664 0.61484375 0.02638888888888889 0.0140625
0 0.3506944444444444 0.63125 0.009722222222222222 0.0140625
0 0.39305555555555555 0.453515625 0.030555555555555555 0.01640625
0 0.4930555555555556 0.469921875 0.022222222222222223 0.01171875
0 0.44513888888888886 0.65078125 0.015277777777777777 0.015625
0 0.44722222222222224 0.555859375 0.041666666666666664 0.02578125
0 0.4597222222222222 0.608203125 0.025 0.01640625
0 0.4708333333333333 0.586328125 0.041666666666666664 0.01953125
0 0.5638888888888889 0.521875 0.041666666666666664 0.0234375
0 0.5305555555555556 0.54453125 0.03611111111111111 0.021875
0 0.5541666666666667 0.5578125 0.044444444444444446 0.0265625
0 0.6229166666666667 0.63203125 0.04027777777777778 0.021875
0 0.5131944444444444 0.73125 0.02638888888888889 0.0203125
0 0.5756944444444444 0.7171875 0.02638888888888889 0.0171875
0 0.6930555555555555 0.66484375 0.022222222222222223 0.0109375
0 0.7444444444444445 0.589453125 0.027777777777777776 0.01796875
0 0.8222222222222222 0.612109375 0.03611111111111111 0.01953125
0 0.6965277777777777 0.373046875 0.03194444444444444 0.02734375
0 0.8368055555555556 0.525390625 0.0375 0.01796875
0 0.9138888888888889 0.496875 0.03888888888888889 0.0234375
0 0.9243055555555556 0.51484375 0.04861111111111111 0.021875
0 0.95 0.559765625 0.027777777777777776 0.01640625
0 0.925 0.574609375 0.030555555555555555 0.01328125
0 0.5798611111111112 0.472265625 0.02638888888888889 0.01015625
0 0.53125 0.74453125 0.034722222222222224 0.0171875
0 0.37777777777777777 0.153125 0.016666666666666666 0.0125
0 0.33611111111111114 0.1359375 0.027777777777777776 0.0140625
0 0.2659722222222222 0.1640625 0.04583333333333333 0.0140625
0 0.13958333333333334 0.55 0.034722222222222224 0.0234375
0 0.029166666666666667 0.56328125 0.03888888888888889 0.0171875
0 0.4152777777777778 0.502734375 0.019444444444444445 0.01015625
0 0.3298611111111111 0.486328125 0.015277777777777777 0.01171875
0 0.9756944444444444 0.548828125 0.015277777777777777 0.00703125
0 0.8708333333333333 0.224609375 0.025 0.00703125
