0 0.00625 0.53515625 0.0125 0.0109375
0 0.23194444444444445 0.636328125 0.05 0.02421875
0 0.5354166666666667 0.563671875 0.04027777777777778 0.01484375
0 0.9340277777777778 0.621484375 0.02361111111111111 0.01171875
0 0.9652777777777778 0.6296875 0.04722222222222222 0.015625
0 0.8729166666666667 0.423828125 0.02361111111111111 0.01171875
0 0.4340277777777778 0.6890625 0.05416666666666667 0.025
0 0.4618055555555556 0.708203125 0.034722222222222224 0.03359375
0 0.3840277777777778 0.71328125 0.059722222222222225 0.028125
0 0.4652777777777778 0.771875 0.03333333333333333 0.034375
