0 0.6979166666666666 0.026171875 0.03194444444444444 0.01484375
0 0.8159722222222222 0.03984375 0.04861111111111111 0.0296875
0 0.7083333333333334 0.0953125 0.041666666666666664 0.028125
0 0.8138888888888889 0.115234375 0.05 0.02734375
0 0.7791666666666667 0.123828125 0.027777777777777776 0.02265625
0 0.7625 0.146875 0.03611111111111111 0.01875
0 0.8076388888888889 0.165625 0.05138888888888889 0.0328125
0 0.8833333333333333 0.12890625 0.044444444444444446 0.0296875
0 0.8791666666666667 0.09296875 0.030555555555555555 0.021875
0 0.7194444444444444 0.234765625 0.04722222222222222 0.02734375
0 0.7090277777777778 0.26328125 0.0375 0.0265625
0 0.8666666666666667 0.349609375 0.044444444444444446 0.02578125
0 0.8583333333333333 0.385546875 0.05 0.02578125
0 0.020833333333333332 0.424609375 0.025 0.02109375
0 0.7875 0.41015625 0.025 0.00625
0 0.7097222222222223 0.4296875 0.05555555555555555 0.0296875
0 0.10694444444444444 0.516796875 0.03333333333333333 0.01796875
0 0.14027777777777778 0.515625 0.025 0.0203125
0 0.05277777777777778 0.534765625 0.05 0.02421875
0 0.12013888888888889 0.53203125 0.02361111111111111 0.0109375
0 0.5798611111111112 0.438671875 0.04861111111111111 0.02734375
0 0.6388888888888888 0.448828125 0.05 0.03046875
0 0.6979166666666666 0.48515625 0.04583333333333333 0.028125
0 0.6576388888888889 0.495703125 0.0375 0.02265625
0 0.6555555555555556 0.473046875 0.05 0.02265625
0 0.5590277777777778 0.46171875 0.04583333333333333 0.025
0 0.5465277777777777 0.478125 0.03194444444444444 0.0171875
0 0.6465277777777778 0.526171875 0.04861111111111111 0.02421875
0 0.04236111111111111 0.625 0.04027777777777778 0.021875
0 0.07708333333333334 0.6171875 0.04027777777777778 0.0296875
0 0.10138888888888889 0.556640625 0.044444444444444446 0.02109375
0 0.08055555555555556 0.64453125 0.05 0.0265625
0 0.20208333333333334 0.650390625 0.04027777777777778 0.02109375
0 0.8423611111111111 0.605078125 0.0375 0.01953125
0 0.8833333333333333 0.603125 0.03611111111111111 0.021875
0 0.4895833333333333 0.578515625 0.04027777777777778 0.02265625
0 0.4840277777777778 0.61953125 0.029166666666666667 0.0171875
0 0.5444444444444444 0.61640625 0.027777777777777776 0.0171875
0 0.6479166666666667 0.63203125 0.04027777777777778 0.025
0 0.7701388888888889 0.625 0.0375 0.0203125
0 0.7236111111111111 0.623828125 0.030555555555555555 0.01484375
0 0.6875 0.676953125 0.027777777777777776 0.01796875
0 0.6284722222222222 0.67421875 0.02361111111111111 0.0125
0 0.6194444444444445 0.701171875 0.022222222222222223 0.01796875
0 0.8416666666666667 0.12421875 0.013888888888888888 0.0140625
0 0.9354166666666667 0.126953125 0.04861111111111111 0.02265625
0 0.9013888888888889 0.1640625 0.05555555555555555 0.028125
0 0.94375 0.184765625 0.029166666666666667 0.01640625
0 0.9902777777777778 0.209375 0.013888888888888888 0.0234375
0 0.9208333333333333 0.226171875 0.044444444444444446 0.02578125
0 0.9583333333333334 0.244140625 0.041666666666666664 0.02578125
0 0.9798611111111111 0.25859375 0.03194444444444444 0.0203125
0 0.6381944444444444 0.2828125 0.020833333333333332 0.009375
0 0.73125 0.313671875 0.04027777777777778 0.02578125
0 0.7159722222222222 0.337109375 0.04861111111111111 0.01953125
0 0.9027777777777778 0.301953125 0.019444444444444445 0.01171875
0 0.9027777777777778 0.351953125 0.03888888888888889 0.02578125
0 0.9798611111111111 0.415234375 0.029166666666666667 0.01484375
0 0.9875 0.44765625 0.019444444444444445 0.0109375
0 0.07916666666666666 0.430078125 0.03333333333333333 0.02578125
0 0.8770833333333333 0.54453125 0.03194444444444444 0.0296875
0 0.60625 0.623046875 0.009722222222222222 0.01796875
0 0.5527777777777778 0.546875 0.03611111111111111 0.0109375
