0 0.12777777777777777 0.4015625 0.058333333333333334 0.021875
0 0.13125 0.429296875 0.02361111111111111 0.01640625
0 0.18888888888888888 0.4484375 0.04722222222222222 0.025
0 0.08541666666666667 0.459765625 0.05138888888888889 0.02421875
0 0.059722222222222225 0.479296875 0.027777777777777776 0.01484375
0 0.12361111111111112 0.482421875 0.03333333333333333 0.01640625
0 0.18819444444444444 0.490625 0.043055555555555555 0.025
0 0.21388888888888888 0.51953125 0.044444444444444446 0.0234375
0 0.18680555555555556 0.528125 0.04583333333333333 0.0296875
0 0.08819444444444445 0.545703125 0.02638888888888889 0.01171875
0 0.8673611111111111 0.424609375 0.04583333333333333 0.02734375
0 0.84375 0.435546875 0.0375 0.01953125
0 0.1111111111111111 0.608203125 0.06388888888888888 0.02734375
0 0.043055555555555555 0.66171875 0.04722222222222222 0.015625
0 0.1388888888888889 0.676953125 0.03333333333333333 0.02109375
0 0.1875 0.63125 0.058333333333333334 0.028125
0 0.2652777777777778 0.6 0.05555555555555555 0.028125
0 0.2465277777777778 0.653125 0.043055555555555555 0.025
0 0.10972222222222222 0.738671875 0.041666666666666664 0.02109375
0 0.059027777777777776 0.739453125 0.029166666666666667 0.02734375
0 0.3229166666666667 0.6578125 0.05138888888888889 0.028125
0 0.35555555555555557 0.68359375 0.05 0.025
0 0.3840277777777778 0.636328125 0.04861111111111111 0.01953125
0 0.64375 0.628515625 0.0625 0.02265625
0 0.6638888888888889 0.610546875 0.03888888888888889 0.01796875
0 0.7055555555555556 0.595703125 0.041666666666666664 0.01796875
0 0.7826388888888889 0.618359375 0.04583333333333333 0.01640625
0 0.7861111111111111 0.565234375 0.03611111111111111 0.01640625
0 0.8715277777777778 0.573046875 0.04027777777777778 0.01953125
0 0.8631944444444445 0.551171875 0.0375 0.02109375
0 0.9034722222222222 0.5546875 0.02361111111111111 0.0109375
0 0.8770833333333333 0.594921875 0.0375 0.01796875
0 0.9604166666666667 0.601171875 0.0375 0.02265625
0 0.9875 0.59453125 0.022222222222222223 0.028125
0 0.9784722222222222 0.51640625 0.034722222222222224 0.0234375
0 0.9840277777777777 0.534375 0.029166666666666667 0.0265625
0 0.9798611111111111 0.621484375 0.034722222222222224 0.02265625
