0 0.3506944444444444 0.038671875 0.0625 0.03671875
0 0.3263888888888889 0.0671875 0.06111111111111111 0.0328125
0 0.425 0.090234375 0.05277777777777778 0.03359375
0 0.4097222222222222 0.13125 0.04722222222222222 0.0265625
0 0.3263888888888889 0.174609375 0.05555555555555555 0.03203125
0 0.3798611111111111 0.21328125 0.059722222222222225 0.034375
0 0.3326388888888889 0.2265625 0.05416666666666667 0.0328125
0 0.19444444444444445 0.146875 0.05 0.025
0 0.1423611111111111 0.159765625 0.05416666666666667 0.02734375
0 0.19722222222222222 0.18515625 0.030555555555555555 0.025
0 0.21875 0.190234375 0.03194444444444444 0.01796875
0 0.09444444444444444 0.221875 0.04722222222222222 0.028125
0 0.125 0.263671875 0.05 0.02734375
0 0.15069444444444444 0.2640625 0.029166666666666667 0.015625
0 0.25416666666666665 0.246875 0.041666666666666664 0.028125
0 0.2826388888888889 0.275 0.02638888888888889 0.015625
0 0.23680555555555555 0.27734375 0.02361111111111111 0.0171875
0 0.14375 0.305859375 0.05694444444444444 0.03203125
0 0.2263888888888889 0.317578125 0.03333333333333333 0.02265625
0 0.2833333333333333 0.318359375 0.03611111111111111 0.02265625
0 0.24305555555555555 0.33203125 0.03333333333333333 0.0203125
0 0.3333333333333333 0.3375 0.044444444444444446 0.025
0 0.5034722222222222 0.314453125 0.0375 0.01796875
0 0.6805555555555556 0.32734375 0.04722222222222222 0.0265625
0 0.7215277777777778 0.330859375 0.04583333333333333 0.02734375
0 0.4527777777777778 0.387890625 0.030555555555555555 0.01953125
0 0.7423611111111111 0.403515625 0.043055555555555555 0.02421875
0 0.09236111111111112 0.375390625 0.034722222222222224 0.02734375
0 0.12916666666666668 0.38046875 0.03333333333333333 0.0171875
0 0.06736111111111111 0.418359375 0.0375 0.02890625
0 0.32222222222222224 0.440234375 0.05 0.02421875
0 0.5652777777777778 0.49609375 0.027777777777777776 0.0234375
0 0.4666666666666667 0.4859375 0.05 0.0203125
0 0.28888888888888886 0.48515625 0.041666666666666664 0.025
0 0.3326388888888889 0.491015625 0.0375 0.02421875
0 0.3548611111111111 0.515625 0.043055555555555555 0.028125
0 0.4444444444444444 0.504296875 0.041666666666666664 0.02578125
0 0.40902777777777777 0.54609375 0.02361111111111111 0.01875
0 0.3736111111111111 0.55078125 0.025 0.0203125
0 0.19722222222222222 0.7203125 0.06111111111111111 0.0375
0 0.35694444444444445 0.70078125 0.030555555555555555 0.025
0 0.46944444444444444 0.706640625 0.030555555555555555 0.01796875
0 0.7986111111111112 0.716015625 0.06388888888888888 0.03515625
0 0.7493055555555556 0.6578125 0.0375 0.0171875
0 0.7569444444444444 0.6953125 0.05555555555555555 0.0359375
0 0.06666666666666667 0.826953125 0.05 0.02421875
0 0.5208333333333334 0.84765625 0.05 0.025
0 0.32222222222222224 0.580859375 0.030555555555555555 0.02265625
0 0.050694444444444445 0.42421875 0.029166666666666667 0.01875
0 0.02638888888888889 0.42265625 0.03611111111111111 0.0203125
0 0.027777777777777776 0.29765625 0.041666666666666664 0.025
0 0.5368055555555555 0.49921875 0.04583333333333333 0.028125
0 0.40902777777777777 0.5828125 0.05416666666666667 0.034375
0 0.3993055555555556 0.34609375 0.029166666666666667 0.0203125
0 0.3923611111111111 0.335546875 0.03194444444444444 0.01640625
0 0.43125 0.338671875 0.04861111111111111 0.02578125
0 0.38472222222222224 0.366796875 0.058333333333333334 0.03515625
0 0.3798611111111111 0.315625 0.04861111111111111 0.0296875
0 0.15625 0.39765625 0.02361111111111111 0.009375
0 0.05625 0.383203125 0.04861111111111111 0.03671875
0 0.1909722222222222 0.616796875 0.034722222222222224 0.02109375
0 0.7527777777777778 0.726171875 0.044444444444444446 0.02421875
