0 0.5138888888888888 0.02421875 0.041666666666666664 0.0265625
0 0.5458333333333333 0.03671875 0.03611111111111111 0.0296875
0 0.5173611111111112 0.050390625 0.04027777777777778 0.02109375
0 0.48125 0.059375 0.04861111111111111 0.0234375
0 0.43125 0.0765625 0.02638888888888889 0.0265625
0 0.4979166666666667 0.10390625 0.043055555555555555 0.028125
0 0.4270833333333333 0.150390625 0.04027777777777778 0.03046875
0 0.4840277777777778 0.18046875 0.04583333333333333 0.0296875
0 0.5243055555555556 0.10546875 0.02361111111111111 0.0265625
0 0.5430555555555555 0.14609375 0.03333333333333333 0.021875
0 0.51875 0.162890625 0.043055555555555555 0.02734375
0 0.4756944444444444 0.130078125 0.029166666666666667 0.03046875
0 0.5618055555555556 0.1921875 0.034722222222222224 0.0203125
0 0.63125 0.25625 0.034722222222222224 0.0234375
0 0.69375 0.285546875 0.0375 0.02109375
0 0.7083333333333334 0.301171875 0.03333333333333333 0.01796875
0 0.39375 0.246484375 0.0375 0.02578125
0 0.5618055555555556 0.279296875 0.043055555555555555 0.01796875
0 0.5472222222222223 0.298046875 0.027777777777777776 0.01796875
0 0.5145833333333333 0.340234375 0.04861111111111111 0.02734375
0 0.5180555555555556 0.29453125 0.027777777777777776 0.0140625
0 0.2423611111111111 0.3375 0.02361111111111111 0.015625
0 0.43333333333333335 0.203515625 0.030555555555555555 0.01796875
0 0.5409722222222222 0.21953125 0.0375 0.028125
0 0.375 0.25703125 0.030555555555555555 0.0140625
0 0.6673611111111111 0.387890625 0.0375 0.02421875
0 0.7222222222222222 0.403515625 0.03611111111111111 0.02265625
0 0.6388888888888888 0.409375 0.041666666666666664 0.03125
0 0.5493055555555556 0.446875 0.04583333333333333 0.0203125
0 0.5652777777777778 0.466796875 0.03888888888888889 0.02421875
0 0.5701388888888889 0.504296875 0.029166666666666667 0.01953125
0 0.6083333333333333 0.491015625 0.03333333333333333 0.01640625
0 0.40208333333333335 0.409375 0.043055555555555555 0.0234375
0 0.36736111111111114 0.468359375 0.04027777777777778 0.03046875
0 0.3229166666666667 0.461328125 0.05416666666666667 0.02421875
0 0.38125 0.53359375 0.04583333333333333 0.0265625
0 0.5298611111111111 0.60625 0.05416666666666667 0.025
0 0.4 0.548046875 0.03888888888888889 0.02109375
0 0.5465277777777777 0.528515625 0.0375 0.01640625
0 0.5541666666666667 0.58828125 0.030555555555555555 0.01875
0 0.5819444444444445 0.594140625 0.027777777777777776 0.01640625
0 0.33125 0.564453125 0.034722222222222224 0.01640625
0 0.5263888888888889 0.67734375 0.04722222222222222 0.0265625
0 0.55 0.723046875 0.03611111111111111 0.03359375
0 0.6138888888888889 0.798828125 0.041666666666666664 0.02734375
0 0.5430555555555555 0.319921875 0.025 0.01796875
0 0.4534722222222222 0.098828125 0.04583333333333333 0.02734375
0 0.6756944444444445 0.41015625 0.034722222222222224 0.03125
0 0.33819444444444446 0.430859375 0.05416666666666667 0.02421875
0 0.41597222222222224 0.391015625 0.02638888888888889 0.02109375
0 0.4222222222222222 0.5203125 0.016666666666666666 0.009375
0 0.6055555555555555 0.676953125 0.016666666666666666 0.01171875
0 0.6319444444444444 0.661328125 0.016666666666666666 0.01484375
0 0.9659722222222222 0.755859375 0.059722222222222225 0.01953125
0 0.6534722222222222 0.798046875 0.04583333333333333 0.02734375
0 0.4527777777777778 0.72265625 0.03333333333333333 0.0171875
0 0.5715277777777777 0.701953125 0.029166666666666667 0.01171875
0 0.2763888888888889 0.5328125 0.03333333333333333 0.01875
0 0.27291666666666664 0.574609375 0.03194444444444444 0.01328125
