0 0.6583333333333333 0.3640625 0.03888888888888889 0.021875
0 0.9388888888888889 0.340234375 0.041666666666666664 0.02265625
0 0.9909722222222223 0.2890625 0.0125 0.0296875
0 0.9076388888888889 0.348828125 0.02361111111111111 0.01796875
0 0.9701388888888889 0.3140625 0.029166666666666667 0.0203125
0 0.66875 0.345703125 0.02638888888888889 0.01796875
0 0.9506944444444444 0.288671875 0.043055555555555555 0.02265625
0 0.9340277777777778 0.31015625 0.04027777777777778 0.0140625
0 0.9444444444444444 0.215234375 0.041666666666666664 0.02578125
0 0.9722222222222222 0.21640625 0.027777777777777776 0.0265625
0 0.8736111111111111 0.43671875 0.044444444444444446 0.021875
0 0.9826388888888888 0.638671875 0.03194444444444444 0.03671875
