0 0.5236111111111111 0.06953125 0.058333333333333334 0.034375
0 0.5208333333333334 0.101953125 0.058333333333333334 0.03046875
0 0.4618055555555556 0.129296875 0.05138888888888889 0.02890625
0 0.50625 0.1328125 0.0375 0.0296875
0 0.4326388888888889 0.174609375 0.05694444444444444 0.03671875
0 0.5493055555555556 0.137109375 0.05416666666666667 0.03515625
0 0.6034722222222222 0.1984375 0.05138888888888889 0.0328125
0 0.5673611111111111 0.200390625 0.0375 0.02578125
0 0.17083333333333334 0.334375 0.058333333333333334 0.028125
0 0.23541666666666666 0.315625 0.059722222222222225 0.03125
0 0.42291666666666666 0.2328125 0.059722222222222225 0.0328125
0 0.4465277777777778 0.211328125 0.029166666666666667 0.01796875
0 0.46597222222222223 0.239453125 0.05416666666666667 0.03046875
0 0.5208333333333334 0.237109375 0.03888888888888889 0.02265625
0 0.56875 0.273828125 0.05416666666666667 0.02578125
0 0.5208333333333334 0.26484375 0.041666666666666664 0.0203125
0 0.5576388888888889 0.325 0.05694444444444444 0.03125
0 0.68125 0.296875 0.059722222222222225 0.03125
0 0.5861111111111111 0.347265625 0.06111111111111111 0.03359375
0 0.6361111111111111 0.358203125 0.05277777777777778 0.03359375
0 0.7013888888888888 0.328125 0.058333333333333334 0.0265625
0 0.65625 0.325 0.03194444444444444 0.0234375
0 0.6034722222222222 0.436328125 0.05138888888888889 0.02890625
0 0.4548611111111111 0.4921875 0.0625 0.034375
0 0.20208333333333334 0.5875 0.05138888888888889 0.0234375
0 0.5513888888888889 0.466796875 0.05277777777777778 0.03203125
0 0.5222222222222223 0.445703125 0.041666666666666664 0.02421875
0 0.8034722222222223 0.490625 0.034722222222222224 0.0140625
0 0.65625 0.439453125 0.05138888888888889 0.02421875
0 0.7236111111111111 0.43359375 0.05555555555555555 0.0265625
0 0.69375 0.505859375 0.05138888888888889 0.02109375
0 0.41180555555555554 0.491015625 0.02638888888888889 0.01328125
0 0.4673611111111111 0.465625 0.02361111111111111 0.0171875
0 0.2111111111111111 0.646484375 0.05277777777777778 0.02421875
0 0.3763888888888889 0.587890625 0.044444444444444446 0.03359375
0 0.4673611111111111 0.671484375 0.043055555555555555 0.01953125
0 0.6430555555555556 0.636328125 0.025 0.02421875
0 0.6166666666666667 0.575390625 0.05 0.01796875
0 0.4895833333333333 0.594140625 0.04027777777777778 0.02265625
0 0.5534722222222223 0.8265625 0.05694444444444444 0.034375
0 0.2611111111111111 0.7296875 0.04722222222222222 0.028125
0 0.0875 0.8578125 0.04722222222222222 0.0265625
0 0.050694444444444445 0.8796875 0.05694444444444444 0.028125
0 0.20208333333333334 0.77890625 0.07083333333333333 0.021875
0 0.4875 0.834375 0.05277777777777778 0.03125
0 0.7048611111111112 0.284765625 0.02361111111111111 0.00859375
0 0.9013888888888889 0.68125 0.04722222222222222 0.025
