0 0.9583333333333334 0.78125 0.044444444444444446 0.0265625
0 0.3090277777777778 0.75 0.02361111111111111 0.021875
0 0.2777777777777778 0.750390625 0.044444444444444446 0.02421875
0 0.21736111111111112 0.74375 0.04861111111111111 0.0296875
0 0.33055555555555555 0.678515625 0.04722222222222222 0.02265625
0 0.5715277777777777 0.621875 0.0125 0.0125
0 0.6555555555555556 0.579296875 0.027777777777777776 0.01640625
0 0.24097222222222223 0.584375 0.0375 0.025
0 0.275 0.591796875 0.03888888888888889 0.02265625
0 0.5638888888888889 0.56796875 0.03888888888888889 0.0234375
0 0.56875 0.541015625 0.04861111111111111 0.03203125
0 0.38680555555555557 0.484375 0.04027777777777778 0.0203125
0 0.4222222222222222 0.4609375 0.04722222222222222 0.0265625
0 0.3659722222222222 0.459375 0.02361111111111111 0.00625
0 0.5381944444444444 0.434375 0.04027777777777778 0.0171875
0 0.6166666666666667 0.4390625 0.04722222222222222 0.0265625
0 0.23333333333333334 0.42890625 0.027777777777777776 0.0171875
0 0.6493055555555556 0.416796875 0.034722222222222224 0.02734375
0 0.6013888888888889 0.403125 0.027777777777777776 0.0171875
0 0.5708333333333333 0.369921875 0.03888888888888889 0.02109375
0 0.6083333333333333 0.373046875 0.03333333333333333 0.02109375
0 0.5888888888888889 0.350390625 0.03888888888888889 0.01796875
0 0.34305555555555556 0.33984375 0.027777777777777776 0.0109375
0 0.37222222222222223 0.361328125 0.025 0.01640625
0 0.42291666666666666 0.352734375 0.03194444444444444 0.02109375
0 0.45694444444444443 0.340234375 0.04722222222222222 0.02265625
0 0.4534722222222222 0.316796875 0.0375 0.01171875
0 0.4236111111111111 0.293359375 0.05 0.02890625
0 0.4215277777777778 0.2671875 0.04027777777777778 0.01875
0 0.4548611111111111 0.249609375 0.05138888888888889 0.02265625
0 0.4618055555555556 0.271484375 0.0375 0.01953125
0 0.6694444444444444 0.2921875 0.030555555555555555 0.025
0 0.49583333333333335 0.14921875 0.04722222222222222 0.0296875
0 0.45208333333333334 0.087890625 0.04861111111111111 0.01953125
0 0.61875 0.48984375 0.020833333333333332 0.015625
0 0.6083333333333333 0.50625 0.025 0.0203125
0 0.5715277777777777 0.5171875 0.020833333333333332 0.0171875
0 0.6180555555555556 0.562109375 0.019444444444444445 0.01328125
0 0.6284722222222222 0.694140625 0.018055555555555554 0.02109375
0 0.7659722222222223 0.69609375 0.006944444444444444 0.0109375
0 0.7326388888888888 0.7265625 0.04583333333333333 0.01875
0 0.7895833333333333 0.820703125 0.018055555555555554 0.02109375
0 0.5840277777777778 0.248828125 0.02361111111111111 0.02578125
0 0.6527777777777778 0.394140625 0.03611111111111111 0.02734375
0 0.35 0.51484375 0.05555555555555555 0.01875
0 0.6222222222222222 0.54375 0.044444444444444446 0.0234375
0 0.7423611111111111 0.633984375 0.02638888888888889 0.01328125
0 0.18472222222222223 0.718359375 0.058333333333333334 0.03046875
