0 0.8270833333333333 0.130078125 0.034722222222222224 0.03046875
0 0.8618055555555556 0.18046875 0.03194444444444444 0.0203125
0 0.8069444444444445 0.248046875 0.044444444444444446 0.03046875
0 0.8395833333333333 0.291015625 0.05138888888888889 0.02578125
0 0.7520833333333333 0.29296875 0.04583333333333333 0.021875
0 0.8173611111111111 0.31953125 0.0375 0.0078125
0 0.9868055555555556 0.387109375 0.02361111111111111 0.02265625
0 0.9881944444444445 0.450390625 0.018055555555555554 0.02734375
0 0.9347222222222222 0.414453125 0.022222222222222223 0.01171875
0 0.7868055555555555 0.426953125 0.02361111111111111 0.01328125
0 0.8923611111111112 0.444140625 0.043055555555555555 0.01953125
0 0.7548611111111111 0.491796875 0.05138888888888889 0.02265625
0 0.6854166666666667 0.51171875 0.05416666666666667 0.028125
0 0.6381944444444444 0.530859375 0.05138888888888889 0.02734375
0 0.7236111111111111 0.58671875 0.044444444444444446 0.03125
0 0.6875 0.614453125 0.044444444444444446 0.02890625
0 0.8583333333333333 0.63671875 0.05277777777777778 0.03125
0 0.6416666666666667 0.65 0.041666666666666664 0.021875
0 0.6111111111111112 0.667578125 0.044444444444444446 0.02734375
0 0.7104166666666667 0.730078125 0.03194444444444444 0.02109375
0 0.8451388888888889 0.719140625 0.05138888888888889 0.02578125
0 0.7743055555555556 0.248046875 0.04027777777777778 0.02578125
0 0.9847222222222223 0.79765625 0.027777777777777776 0.0328125
0 0.9715277777777778 0.830078125 0.05138888888888889 0.03046875
0 0.6444444444444445 0.7984375 0.07777777777777778 0.040625
0 0.006944444444444444 0.218359375 0.008333333333333333 0.01484375
0 0.09583333333333334 0.346484375 0.041666666666666664 0.02421875
0 0.06805555555555555 0.337890625 0.027777777777777776 0.01953125
0 0.04861111111111111 0.487109375 0.05555555555555555 0.03359375
0 0.24583333333333332 0.494921875 0.04722222222222222 0.01796875
0 0.1875 0.51484375 0.019444444444444445 0.0203125
0 0.019444444444444445 0.55859375 0.03611111111111111 0.03125
0 0.11041666666666666 0.58125 0.04583333333333333 0.0234375
0 0.1527777777777778 0.5671875 0.03888888888888889 0.025
0 0.03611111111111111 0.614453125 0.03888888888888889 0.02734375
0 0.1951388888888889 0.611328125 0.020833333333333332 0.01796875
0 0.09861111111111111 0.608203125 0.03333333333333333 0.01640625
0 0.058333333333333334 0.749609375 0.05555555555555555 0.02890625
0 0.020833333333333332 0.74921875 0.022222222222222223 0.015625
0 0.005555555555555556 0.71796875 0.008333333333333333 0.0140625
0 0.11180555555555556 0.69296875 0.05138888888888889 0.0171875
0 0.23125 0.673046875 0.04027777777777778 0.02265625
0 0.7770833333333333 0.6921875 0.05416666666666667 0.021875
0 0.975 0.7015625 0.041666666666666664 0.0296875
0 0.8916666666666667 0.300390625 0.041666666666666664 0.01796875
0 0.1284722222222222 0.77265625 0.034722222222222224 0.021875
0 0.027083333333333334 0.86328125 0.043055555555555555 0.0375
0 0.1111111111111111 0.8171875 0.03333333333333333 0.0296875
0 0.39375 0.816015625 0.05416666666666667 0.02421875
0 0.5659722222222222 0.5953125 0.02638888888888889 0.0234375
0 0.7840277777777778 0.551171875 0.043055555555555555 0.02890625
0 0.9715277777777778 0.563671875 0.05416666666666667 0.03359375
0 0.8895833333333333 0.409765625 0.03194444444444444 0.02109375
0 0.8784722222222222 0.38984375 0.03194444444444444 0.0171875
0 0.88125 0.210546875 0.04027777777777778 0.02421875
0 0.7097222222222223 0.603125 0.041666666666666664 0.025
