0 0.7263888888888889 0.178125 0.05 0.0328125
0 0.7548611111111111 0.18671875 0.04861111111111111 0.034375
0 0.5541666666666667 0.1765625 0.05277777777777778 0.0328125
0 0.5291666666666667 0.1859375 0.019444444444444445 0.0125
0 0.6708333333333333 0.290234375 0.05277777777777778 0.03671875
0 0.5513888888888889 0.298046875 0.05555555555555555 0.02578125
0 0.5263888888888889 0.242578125 0.05555555555555555 0.03359375
0 0.11805555555555555 0.287109375 0.04722222222222222 0.02421875
0 0.15833333333333333 0.302734375 0.041666666666666664 0.02109375
0 0.5277777777777778 0.38671875 0.06111111111111111 0.0265625
0 0.49375 0.413671875 0.06527777777777778 0.03046875
0 0.020833333333333332 0.508984375 0.03611111111111111 0.02421875
0 0.41041666666666665 0.509375 0.03194444444444444 0.021875
0 0.21805555555555556 0.48125 0.041666666666666664 0.021875
0 0.6729166666666667 0.427734375 0.05416666666666667 0.02265625
0 0.6277777777777778 0.35703125 0.027777777777777776 0.015625
0 0.79375 0.401953125 0.05138888888888889 0.02265625
0 0.7993055555555556 0.437109375 0.05138888888888889 0.02734375
0 0.43680555555555556 0.58359375 0.03194444444444444 0.0296875
0 0.7048611111111112 0.486328125 0.05416666666666667 0.02734375
0 0.6666666666666666 0.53984375 0.03333333333333333 0.015625
0 0.6541666666666667 0.6015625 0.05 0.0296875
0 0.8493055555555555 0.550390625 0.043055555555555555 0.02890625
0 0.8229166666666666 0.496484375 0.04583333333333333 0.02734375
0 0.8819444444444444 0.4859375 0.030555555555555555 0.0203125
0 0.9131944444444444 0.544921875 0.029166666666666667 0.02109375
0 0.9791666666666666 0.5875 0.03611111111111111 0.01875
0 0.4027777777777778 0.691796875 0.08055555555555556 0.02578125
0 0.5138888888888888 0.68515625 0.03888888888888889 0.025
0 0.6131944444444445 0.603515625 0.0375 0.02265625
0 0.7104166666666667 0.7421875 0.05416666666666667 0.0390625
0 0.7986111111111112 0.701953125 0.08333333333333333 0.03671875
0 0.7444444444444445 0.79921875 0.05277777777777778 0.03125
0 0.5666666666666667 0.240234375 0.025 0.02421875
0 0.011111111111111112 0.446484375 0.019444444444444445 0.02109375
0 0.5826388888888889 0.769921875 0.043055555555555555 0.02109375
0 0.1388888888888889 0.738671875 0.05555555555555555 0.02421875
0 0.5652777777777778 0.341015625 0.022222222222222223 0.01328125
