0 0.6180555555555556 0.441796875 0.03611111111111111 0.02734375
0 0.6826388888888889 0.470703125 0.05416666666666667 0.02734375
0 0.6180555555555556 0.473828125 0.03611111111111111 0.01953125
0 0.5791666666666667 0.50390625 0.03611111111111111 0.0234375
0 0.5486111111111112 0.560546875 0.044444444444444446 0.01796875
0 0.6444444444444445 0.578125 0.06388888888888888 0.0234375
0 0.5208333333333334 0.61328125 0.025 0.0171875
0 0.4534722222222222 0.59375 0.029166666666666667 0.0234375
0 0.5708333333333333 0.608203125 0.022222222222222223 0.01171875
0 0.5243055555555556 0.5859375 0.018055555555555554 0.009375
0 0.65625 0.6234375 0.043055555555555555 0.0265625
0 0.9527777777777777 0.614453125 0.041666666666666664 0.01484375
0 0.9256944444444445 0.64140625 0.04027777777777778 0.021875
0 0.009027777777777777 0.594140625 0.0125 0.01953125
0 0.7208333333333333 0.68203125 0.027777777777777776 0.01875
0 0.8895833333333333 0.67109375 0.029166666666666667 0.0203125
0 0.6798611111111111 0.54375 0.020833333333333332 0.0203125
0 0.6131944444444445 0.510546875 0.029166666666666667 0.01015625
0 0.6090277777777777 0.598828125 0.015277777777777777 0.00703125
0 0.050694444444444445 0.75078125 0.04027777777777778 0.01875
