0 0.0798611111111111 0.340234375 0.02638888888888889 0.01328125
0 0.11805555555555555 0.325390625 0.03333333333333333 0.01640625
0 0.03958333333333333 0.30390625 0.03194444444444444 0.015625
0 0.058333333333333334 0.325 0.027777777777777776 0.0140625
0 0.11180555555555556 0.347265625 0.029166666666666667 0.01640625
0 0.020833333333333332 0.326171875 0.025 0.01171875
0 0.14027777777777778 0.398828125 0.027777777777777776 0.01328125
0 0.2548611111111111 0.40546875 0.015277777777777777 0.0125
0 0.06319444444444444 0.310546875 0.02361111111111111 0.01171875
0 0.008333333333333333 0.228515625 0.013888888888888888 0.01328125
0 0.35 0.37421875 0.025 0.009375
0 0.09513888888888888 0.326171875 0.029166666666666667 0.01328125
0 0.22777777777777777 0.33125 0.022222222222222223 0.0109375
0 0.3277777777777778 0.405859375 0.022222222222222223 0.01015625
0 0.17777777777777778 0.416015625 0.027777777777777776 0.02421875
0 0.7881944444444444 0.4359375 0.029166666666666667 0.0203125
