0 0.4305555555555556 0.681640625 0.03333333333333333 0.02578125
0 0.25416666666666665 0.62109375 0.025 0.01875
0 0.05625 0.594921875 0.02638888888888889 0.02265625
0 0.059722222222222225 0.53046875 0.013888888888888888 0.009375
0 0.2951388888888889 0.498046875 0.018055555555555554 0.01015625
0 0.15763888888888888 0.487890625 0.034722222222222224 0.01484375
0 0.7048611111111112 0.440625 0.018055555555555554 0.009375
0 0.7277777777777777 0.449609375 0.03888888888888889 0.01796875
0 0.5388888888888889 0.399609375 0.022222222222222223 0.00859375
0 0.09791666666666667 0.45078125 0.04583333333333333 0.0234375
0 0.09513888888888888 0.469140625 0.018055555555555554 0.01171875
0 0.052083333333333336 0.470703125 0.034722222222222224 0.00859375
0 0.034722222222222224 0.4484375 0.05555555555555555 0.0296875
0 0.1909722222222222 0.38984375 0.0375 0.01875
0 0.03125 0.343359375 0.04027777777777778 0.01953125
0 0.08541666666666667 0.3484375 0.03194444444444444 0.0265625
0 0.15138888888888888 0.4015625 0.016666666666666666 0.015625
0 0.12291666666666666 0.325 0.04027777777777778 0.0265625
0 0.16805555555555557 0.3328125 0.04722222222222222 0.0171875
0 0.1736111111111111 0.31953125 0.022222222222222223 0.00625
0 0.17083333333333334 0.307421875 0.03611111111111111 0.02109375
0 0.1284722222222222 0.312890625 0.02638888888888889 0.01328125
0 0.15347222222222223 0.296484375 0.018055555555555554 0.00703125
0 0.07916666666666666 0.27890625 0.044444444444444446 0.0203125
0 0.11319444444444444 0.275390625 0.02638888888888889 0.01015625
0 0.10277777777777777 0.25703125 0.03888888888888889 0.01875
0 0.17569444444444443 0.20078125 0.04027777777777778 0.025
0 0.08263888888888889 0.152734375 0.05138888888888889 0.02109375
0 0.009027777777777777 0.04609375 0.018055555555555554 0.025
0 0.7034722222222223 0.2078125 0.043055555555555555 0.0265625
0 0.74375 0.218359375 0.043055555555555555 0.02421875
0 0.7993055555555556 0.51640625 0.029166666666666667 0.0125
0 0.6958333333333333 0.133984375 0.03333333333333333 0.02109375
0 0.5444444444444444 0.10703125 0.03888888888888889 0.0234375
0 0.5729166666666666 0.05859375 0.05138888888888889 0.0328125
0 0.5395833333333333 0.07578125 0.05138888888888889 0.025
0 0.4965277777777778 0.075390625 0.04583333333333333 0.02578125
0 0.5104166666666666 0.04609375 0.04861111111111111 0.0203125
0 0.26875 0.708984375 0.043055555555555555 0.03046875
