0 0.45694444444444443 0.277734375 0.03611111111111111 0.01640625
0 0.4305555555555556 0.263671875 0.03333333333333333 0.03359375
0 0.6020833333333333 0.278125 0.034722222222222224 0.01875
0 0.6479166666666667 0.29609375 0.0375 0.0203125
0 0.5548611111111111 0.3109375 0.04583333333333333 0.0265625
0 0.5965277777777778 0.315234375 0.04027777777777778 0.02734375
0 0.8229166666666666 0.305078125 0.034722222222222224 0.01484375
0 0.6402777777777777 0.35859375 0.041666666666666664 0.025
0 0.4979166666666667 0.42265625 0.04027777777777778 0.0203125
0 0.5520833333333334 0.43125 0.02638888888888889 0.021875
0 0.7 0.435546875 0.04722222222222222 0.02578125
0 0.7333333333333333 0.4296875 0.03333333333333333 0.021875
0 0.7819444444444444 0.430078125 0.022222222222222223 0.01328125
0 0.6159722222222223 0.480859375 0.04027777777777778 0.02421875
0 0.7131944444444445 0.502734375 0.034722222222222224 0.02109375
0 0.7340277777777777 0.491796875 0.02361111111111111 0.01171875
0 0.5930555555555556 0.510546875 0.041666666666666664 0.02734375
0 0.5659722222222222 0.530859375 0.05138888888888889 0.03203125
0 0.5340277777777778 0.533984375 0.018055555555555554 0.01640625
0 0.6333333333333333 0.540234375 0.04722222222222222 0.02578125
0 0.37569444444444444 0.569921875 0.05138888888888889 0.02890625
0 0.31180555555555556 0.679296875 0.04027777777777778 0.02578125
0 0.55 0.658984375 0.06944444444444445 0.03984375
0 0.5152777777777777 0.695703125 0.06388888888888888 0.04609375
0 0.7923611111111111 0.679296875 0.029166666666666667 0.02421875
0 0.3423611111111111 0.54609375 0.0375 0.015625
0 0.49166666666666664 0.728515625 0.044444444444444446 0.01015625
