0 0.05763888888888889 0.0578125 0.04027777777777778 0.0265625
0 0.020833333333333332 0.059765625 0.03333333333333333 0.02265625
0 0.027777777777777776 0.014453125 0.04722222222222222 0.02734375
0 0.08055555555555556 0.025390625 0.044444444444444446 0.02578125
0 0.1076388888888889 0.04453125 0.0375 0.0265625
0 0.14791666666666667 0.1625 0.04861111111111111 0.025
0 0.18333333333333332 0.16328125 0.030555555555555555 0.021875
0 0.55 0.06953125 0.041666666666666664 0.034375
0 0.6305555555555555 0.078125 0.05277777777777778 0.03125
0 0.6229166666666667 0.102734375 0.043055555555555555 0.02421875
0 0.69375 0.133203125 0.0375 0.03359375
0 0.71875 0.229296875 0.0375 0.02578125
0 0.7111111111111111 0.25078125 0.04722222222222222 0.0234375
0 0.1840277777777778 0.248046875 0.04027777777777778 0.02265625
0 0.1 0.24453125 0.03611111111111111 0.01875
0 0.10625 0.2234375 0.0375 0.015625
0 0.07361111111111111 0.246484375 0.022222222222222223 0.01015625
0 0.08194444444444444 0.263671875 0.027777777777777776 0.02265625
0 0.03333333333333333 0.256640625 0.016666666666666666 0.02265625
0 0.27361111111111114 0.3453125 0.019444444444444445 0.01875
0 0.8361111111111111 0.393359375 0.025 0.03046875
0 0.8444444444444444 0.457421875 0.044444444444444446 0.03046875
0 0.8895833333333333 0.45703125 0.043055555555555555 0.028125
0 0.23333333333333334 0.375 0.044444444444444446 0.0265625
0 0.32083333333333336 0.407421875 0.041666666666666664 0.02578125
0 0.2604166666666667 0.46015625 0.04027777777777778 0.0203125
0 0.30416666666666664 0.45234375 0.030555555555555555 0.0171875
0 0.2833333333333333 0.494140625 0.041666666666666664 0.02109375
0 0.4 0.504296875 0.03611111111111111 0.01796875
0 0.5798611111111112 0.54296875 0.043055555555555555 0.0234375
0 0.6027777777777777 0.558203125 0.03611111111111111 0.01640625
0 0.66875 0.55234375 0.015277777777777777 0.021875
0 0.7736111111111111 0.5796875 0.04722222222222222 0.0296875
0 0.7604166666666666 0.773046875 0.06805555555555555 0.03984375
0 0.9743055555555555 0.63359375 0.04027777777777778 0.025
0 0.9798611111111111 0.743359375 0.02638888888888889 0.01953125
0 0.16527777777777777 0.640234375 0.03888888888888889 0.01953125
0 0.3284722222222222 0.584765625 0.029166666666666667 0.01796875
0 0.06944444444444445 0.62421875 0.030555555555555555 0.021875
0 0.07847222222222222 0.596484375 0.0375 0.01640625
0 0.17152777777777778 0.65546875 0.0375 0.0171875
0 0.7840277777777778 0.75703125 0.04027777777777778 0.01875
0 0.25 0.26796875 0.030555555555555555 0.0140625
0 0.16041666666666668 0.327734375 0.029166666666666667 0.02265625
0 0.53125 0.080078125 0.02638888888888889 0.02734375
0 0.2548611111111111 0.433203125 0.020833333333333332 0.01484375
0 0.9451388888888889 0.77421875 0.02638888888888889 0.025
0 0.5791666666666667 0.5671875 0.03333333333333333 0.0203125
0 0.49444444444444446 0.609375 0.03611111111111111 0.0109375
0 0.6479166666666667 0.45703125 0.0125 0.0234375
0 0.7041666666666667 0.467578125 0.044444444444444446 0.01796875
