0 0.10277777777777777 0.16640625 0.025 0.01875
0 0.13125 0.239453125 0.0375 0.02421875
0 0.1673611111111111 0.251171875 0.03194444444444444 0.01953125
0 0.0875 0.48125 0.05277777777777778 0.025
0 0.84375 0.06875 0.05138888888888889 0.03125
0 0.7277777777777777 0.17578125 0.044444444444444446 0.025
0 0.6541666666666667 0.2203125 0.041666666666666664 0.0234375
0 0.7652777777777777 0.1765625 0.03611111111111111 0.034375
0 0.6777777777777778 0.266015625 0.041666666666666664 0.02890625
0 0.7145833333333333 0.275390625 0.0375 0.02578125
0 0.7784722222222222 0.265625 0.04027777777777778 0.0265625
0 0.825 0.26328125 0.05 0.0296875
0 0.8708333333333333 0.259375 0.019444444444444445 0.0171875
0 0.74375 0.29921875 0.05138888888888889 0.0296875
0 0.6541666666666667 0.348046875 0.05 0.02734375
0 0.8145833333333333 0.328515625 0.05416666666666667 0.02265625
0 0.7166666666666667 0.3671875 0.03888888888888889 0.025
0 0.7416666666666667 0.362890625 0.030555555555555555 0.01953125
0 0.6763888888888889 0.413671875 0.03611111111111111 0.01953125
0 0.7340277777777777 0.428515625 0.0375 0.01796875
0 0.6743055555555556 0.4328125 0.034722222222222224 0.0171875
0 0.5826388888888889 0.426953125 0.034722222222222224 0.01640625
0 0.9368055555555556 0.451171875 0.043055555555555555 0.02421875
0 0.9041666666666667 0.471484375 0.04722222222222222 0.01953125
0 0.8430555555555556 0.4984375 0.041666666666666664 0.0234375
0 0.6506944444444445 0.490234375 0.043055555555555555 0.01796875
0 0.6888888888888889 0.481640625 0.041666666666666664 0.01796875
0 0.7104166666666667 0.50234375 0.04027777777777778 0.025
0 0.6819444444444445 0.5203125 0.025 0.021875
0 0.6625 0.587109375 0.03333333333333333 0.01953125
0 0.5208333333333334 0.654296875 0.03611111111111111 0.01484375
0 0.8097222222222222 0.760546875 0.058333333333333334 0.03671875
0 0.9159722222222222 0.5953125 0.04861111111111111 0.025
0 0.7472222222222222 0.465625 0.022222222222222223 0.0125
0 0.9472222222222222 0.644140625 0.06111111111111111 0.01640625
0 0.6506944444444445 0.53203125 0.05694444444444444 0.0125
