0 0.29791666666666666 0.201171875 0.043055555555555555 0.02578125
0 0.09305555555555556 0.36171875 0.03611111111111111 0.0203125
0 0.12569444444444444 0.362890625 0.029166666666666667 0.01796875
0 0.12430555555555556 0.434765625 0.04583333333333333 0.02578125
0 0.13958333333333334 0.465625 0.04583333333333333 0.01875
0 0.11666666666666667 0.55390625 0.03611111111111111 0.01875
0 0.08055555555555556 0.550390625 0.03333333333333333 0.02265625
0 0.10694444444444444 0.605859375 0.027777777777777776 0.01328125
0 0.09722222222222222 0.665234375 0.04722222222222222 0.02109375
0 0.35138888888888886 0.434765625 0.022222222222222223 0.01015625
0 0.31875 0.452734375 0.034722222222222224 0.01953125
0 0.3958333333333333 0.462890625 0.013888888888888888 0.00703125
0 0.50625 0.425 0.034722222222222224 0.0234375
0 0.46319444444444446 0.391796875 0.029166666666666667 0.01796875
0 0.4465277777777778 0.4078125 0.02638888888888889 0.015625
0 0.4131944444444444 0.398046875 0.02361111111111111 0.02265625
0 0.31319444444444444 0.60390625 0.009722222222222222 0.0078125
0 0.5847222222222223 0.59609375 0.013888888888888888 0.0078125
0 0.6993055555555555 0.549609375 0.006944444444444444 0.00703125
0 0.7229166666666667 0.589453125 0.0125 0.00703125
0 0.6263888888888889 0.266015625 0.013888888888888888 0.00859375
0 0.6263888888888889 0.317578125 0.025 0.00859375
0 0.6444444444444445 0.30390625 0.013888888888888888 0.0078125
0 0.7638888888888888 0.36875 0.013888888888888888 0.0140625
0 0.7770833333333333 0.311328125 0.009722222222222222 0.00546875
0 0.7756944444444445 0.296875 0.015277777777777777 0.00625
0 0.7361111111111112 0.33515625 0.008333333333333333 0.0046875
0 0.7277777777777777 0.328125 0.008333333333333333 0.0046875
0 0.7166666666666667 0.346484375 0.011111111111111112 0.00703125
0 0.03194444444444444 0.455859375 0.03333333333333333 0.02578125
0 0.9270833333333334 0.288671875 0.029166666666666667 0.01484375
0 0.9305555555555556 0.2984375 0.022222222222222223 0.00625
0 0.9659722222222222 0.317578125 0.029166666666666667 0.01640625
0 0.9902777777777778 0.32265625 0.016666666666666666 0.01875
0 0.06875 0.628515625 0.059722222222222225 0.03046875
0 0.4236111111111111 0.676171875 0.019444444444444445 0.02109375
0 0.5923611111111111 0.651953125 0.02638888888888889 0.01015625
0 0.6659722222222222 0.623046875 0.0375 0.01796875
0 0.9430555555555555 0.642578125 0.03888888888888889 0.02421875
0 0.8986111111111111 0.587109375 0.03611111111111111 0.02265625
0 0.47847222222222224 0.607421875 0.020833333333333332 0.01640625
0 0.9701388888888889 0.615234375 0.02361111111111111 0.02109375
0 0.9256944444444445 0.533203125 0.020833333333333332 0.01171875
0 0.85625 0.517578125 0.02638888888888889 0.01328125
