0 0.00625 0.222265625 0.0125 0.02109375
0 0.027083333333333334 0.23046875 0.029166666666666667 0.01875
0 0.029166666666666667 0.262890625 0.05 0.03359375
0 0.010416666666666666 0.31796875 0.018055555555555554 0.0203125
0 0.07291666666666667 0.2890625 0.05416666666666667 0.03125
0 0.07222222222222222 0.316796875 0.05555555555555555 0.02578125
0 0.15416666666666667 0.366015625 0.058333333333333334 0.03359375
0 0.052083333333333336 0.4625 0.034722222222222224 0.0171875
0 0.01597222222222222 0.527734375 0.029166666666666667 0.02109375
0 0.04861111111111111 0.49296875 0.022222222222222223 0.0125
0 0.09027777777777778 0.427734375 0.025 0.01171875
0 0.059722222222222225 0.634765625 0.027777777777777776 0.01328125
0 0.18541666666666667 0.53046875 0.02638888888888889 0.0171875
0 0.21180555555555555 0.526171875 0.02638888888888889 0.01640625
0 0.2361111111111111 0.520703125 0.022222222222222223 0.01328125
0 0.27361111111111114 0.51640625 0.019444444444444445 0.0140625
0 0.29444444444444445 0.515625 0.025 0.0140625
0 0.28194444444444444 0.544140625 0.027777777777777776 0.01796875
0 0.3013888888888889 0.5796875 0.027777777777777776 0.0140625
0 0.24583333333333332 0.2546875 0.027777777777777776 0.0140625
0 0.45069444444444445 0.32890625 0.02361111111111111 0.009375
0 0.5388888888888889 0.353515625 0.03611111111111111 0.01953125
0 0.9020833333333333 0.009765625 0.020833333333333332 0.01328125
0 0.9590277777777778 0.03125 0.02638888888888889 0.01875
0 0.8916666666666667 0.03125 0.03333333333333333 0.0140625
0 0.7444444444444445 0.074609375 0.025 0.01640625
0 0.5861111111111111 0.116015625 0.030555555555555555 0.02109375
0 0.6152777777777778 0.118359375 0.022222222222222223 0.01953125
0 0.6819444444444445 0.105078125 0.03333333333333333 0.01953125
0 0.7145833333333333 0.09921875 0.034722222222222224 0.0234375
0 0.6354166666666666 0.119921875 0.018055555555555554 0.01484375
0 0.6569444444444444 0.12890625 0.027777777777777776 0.015625
0 0.7194444444444444 0.121875 0.030555555555555555 0.0140625
0 0.7458333333333333 0.125390625 0.019444444444444445 0.01796875
0 0.8006944444444445 0.121875 0.03194444444444444 0.0203125
0 0.7208333333333333 0.171484375 0.030555555555555555 0.01796875
0 0.7569444444444444 0.145703125 0.03611111111111111 0.02265625
0 0.8263888888888888 0.1609375 0.022222222222222223 0.0140625
0 0.8368055555555556 0.1234375 0.034722222222222224 0.0125
0 0.9104166666666667 0.16484375 0.05138888888888889 0.0375
0 0.9666666666666667 0.151171875 0.06111111111111111 0.03515625
0 0.9527777777777777 0.185546875 0.044444444444444446 0.02734375
0 0.84375 0.229296875 0.05416666666666667 0.03046875
0 0.8923611111111112 0.23359375 0.059722222222222225 0.0328125
0 0.9513888888888888 0.233984375 0.05 0.02734375
0 0.99375 0.24140625 0.009722222222222222 0.021875
0 0.8895833333333333 0.274609375 0.03194444444444444 0.02421875
0 0.9333333333333333 0.262890625 0.05 0.02734375
0 0.9409722222222222 0.282421875 0.05416666666666667 0.02421875
0 0.9840277777777777 0.2859375 0.029166666666666667 0.0203125
0 0.6020833333333333 0.2765625 0.009722222222222222 0.015625
0 0.6215277777777778 0.2765625 0.03194444444444444 0.0203125
0 0.6506944444444445 0.26171875 0.043055555555555555 0.0203125
0 0.6659722222222222 0.283984375 0.02638888888888889 0.00859375
0 0.6944444444444444 0.280078125 0.027777777777777776 0.01796875
0 0.7319444444444444 0.276953125 0.03333333333333333 0.01953125
0 0.7458333333333333 0.262890625 0.03611111111111111 0.01953125
0 0.8013888888888889 0.292578125 0.03333333333333333 0.02109375
0 0.8 0.311328125 0.03333333333333333 0.01640625
0 0.8972222222222223 0.655078125 0.011111111111111112 0.01484375
0 0.9090277777777778 0.63984375 0.029166666666666667 0.0140625
0 0.8145833333333333 0.5296875 0.05138888888888889 0.0234375
0 0.9423611111111111 0.5546875 0.05694444444444444 0.0296875
0 0.8805555555555555 0.5296875 0.027777777777777776 0.0171875
0 0.6736111111111112 0.55546875 0.03333333333333333 0.021875
0 0.5493055555555556 0.565234375 0.02638888888888889 0.01640625
0 0.50625 0.5453125 0.03194444444444444 0.015625
0 0.38958333333333334 0.516796875 0.05416666666666667 0.03046875
0 0.42916666666666664 0.535546875 0.044444444444444446 0.02265625
0 0.38472222222222224 0.4171875 0.030555555555555555 0.021875
0 0.38333333333333336 0.451953125 0.025 0.02109375
0 0.41041666666666665 0.425 0.0375 0.0234375
0 0.4597222222222222 0.443359375 0.04722222222222222 0.02578125
0 0.54375 0.45625 0.0375 0.0234375
0 0.5590277777777778 0.3921875 0.034722222222222224 0.01875
0 0.6347222222222222 0.38125 0.03611111111111111 0.015625
0 0.5965277777777778 0.419921875 0.04861111111111111 0.01796875
0 0.6006944444444444 0.4875 0.04027777777777778 0.0265625
0 0.6416666666666667 0.4796875 0.044444444444444446 0.021875
0 0.7006944444444444 0.465234375 0.04861111111111111 0.02890625
0 0.7395833333333334 0.413671875 0.0375 0.01015625
0 0.8194444444444444 0.46875 0.05 0.0328125
0 0.8097222222222222 0.436328125 0.027777777777777776 0.02421875
0 0.8465277777777778 0.414453125 0.059722222222222225 0.03046875
0 0.8979166666666667 0.449609375 0.0625 0.03515625
0 0.9493055555555555 0.494921875 0.018055555555555554 0.01796875
0 0.8791666666666667 0.32109375 0.03888888888888889 0.01875
0 0.23819444444444443 0.4140625 0.03194444444444444 0.01875
0 0.6548611111111111 0.09375 0.02361111111111111 0.0109375
0 0.9861111111111112 0.100390625 0.025 0.01484375
0 0.8645833333333334 0.12734375 0.02638888888888889 0.0140625
0 0.27361111111111114 0.33203125 0.03888888888888889 0.021875
0 0.09236111111111112 0.477734375 0.02361111111111111 0.01171875
0 0.029861111111111113 0.4046875 0.02638888888888889 0.0109375
0 0.3638888888888889 0.308203125 0.03888888888888889 0.01953125
0 0.9875 0.260546875 0.022222222222222223 0.02109375
0 0.4777777777777778 0.534765625 0.03888888888888889 0.01953125
0 0.013194444444444444 0.57578125 0.02638888888888889 0.021875
0 0.1 0.525390625 0.030555555555555555 0.01796875
0 0.65 0.521875 0.03611111111111111 0.01875
0 0.47291666666666665 0.365234375 0.02361111111111111 0.01640625
0 0.4756944444444444 0.348046875 0.018055555555555554 0.01171875
0 0.18888888888888888 0.36015625 0.019444444444444445 0.0171875
0 0.3645833333333333 0.3609375 0.02361111111111111 0.015625
