0 0.5083333333333333 0.205859375 0.03888888888888889 0.02421875
0 0.31805555555555554 0.434765625 0.03888888888888889 0.02421875
0 0.32916666666666666 0.466015625 0.03888888888888889 0.01796875
0 0.2833333333333333 0.6625 0.041666666666666664 0.025
0 0.3034722222222222 0.608203125 0.034722222222222224 0.01953125
0 0.26666666666666666 0.55 0.030555555555555555 0.01875
0 0.1736111111111111 0.452734375 0.013888888888888888 0.01015625
0 0.49930555555555556 0.459375 0.03194444444444444 0.01875
0 0.5444444444444444 0.44140625 0.025 0.0140625
0 0.6395833333333333 0.415234375 0.03194444444444444 0.01328125
0 0.7055555555555556 0.43515625 0.03611111111111111 0.021875
0 0.6527777777777778 0.4 0.030555555555555555 0.015625
0 0.8986111111111111 0.565625 0.019444444444444445 0.0078125
0 0.1125 0.50390625 0.022222222222222223 0.0140625
0 0.2916666666666667 0.36015625 0.03611111111111111 0.0265625
0 0.32569444444444445 0.3671875 0.03194444444444444 0.0125
0 0.6083333333333333 0.40546875 0.027777777777777776 0.0234375
0 0.23125 0.4546875 0.029166666666666667 0.0234375
0 0.06944444444444445 0.54609375 0.044444444444444446 0.0203125
0 0.10555555555555556 0.540625 0.030555555555555555 0.034375
0 0.30625 0.555078125 0.04861111111111111 0.01796875
0 0.2638888888888889 0.625390625 0.05277777777777778 0.02421875
0 0.5034722222222222 0.742578125 0.043055555555555555 0.01484375
0 0.6291666666666667 0.683203125 0.011111111111111112 0.01953125
0 0.6722222222222223 0.621484375 0.019444444444444445 0.01328125
0 0.7965277777777777 0.6703125 0.029166666666666667 0.01875
0 0.8881944444444444 0.67109375 0.043055555555555555 0.01875
0 0.8631944444444445 0.637890625 0.034722222222222224 0.01328125
0 0.9277777777777778 0.66328125 0.041666666666666664 0.0109375
0 0.9375 0.683203125 0.022222222222222223 0.02265625
