0 0.5111111111111111 0.464453125 0.06666666666666667 0.03984375
0 0.029861111111111113 0.47265625 0.043055555555555555 0.021875
0 0.11597222222222223 0.500390625 0.034722222222222224 0.02109375
0 0.07430555555555556 0.515234375 0.04027777777777778 0.01796875
0 0.0375 0.548046875 0.05555555555555555 0.02421875
0 0.014583333333333334 0.566015625 0.02638888888888889 0.01484375
0 0.06111111111111111 0.588671875 0.027777777777777776 0.02578125
0 0.3104166666666667 0.540625 0.029166666666666667 0.021875
0 0.3388888888888889 0.54609375 0.027777777777777776 0.0171875
0 0.9256944444444445 0.6859375 0.02361111111111111 0.015625
