0 0.3298611111111111 0.05859375 0.02638888888888889 0.0140625
0 0.3784722222222222 0.10625 0.04861111111111111 0.0328125
0 0.33125 0.12265625 0.02361111111111111 0.025
0 0.27708333333333335 0.090234375 0.034722222222222224 0.02421875
0 0.47291666666666665 0.114453125 0.03194444444444444 0.01953125
0 0.49583333333333335 0.109765625 0.022222222222222223 0.02265625
0 0.36319444444444443 0.08515625 0.018055555555555554 0.0109375
0 0.23194444444444445 0.1375 0.03611111111111111 0.025
0 0.25763888888888886 0.237109375 0.043055555555555555 0.02265625
0 0.20555555555555555 0.21171875 0.025 0.0140625
0 0.2520833333333333 0.301953125 0.04861111111111111 0.02109375
0 0.18958333333333333 0.3640625 0.05694444444444444 0.034375
0 0.18333333333333332 0.3328125 0.030555555555555555 0.025
0 0.16875 0.396484375 0.04861111111111111 0.02578125
0 0.12777777777777777 0.389453125 0.027777777777777776 0.01640625
0 0.3326388888888889 0.2125 0.034722222222222224 0.021875
0 0.40694444444444444 0.198046875 0.03888888888888889 0.02421875
0 0.4791666666666667 0.29375 0.03611111111111111 0.0203125
0 0.5958333333333333 0.23359375 0.03888888888888889 0.0234375
0 0.58125 0.34765625 0.04583333333333333 0.028125
0 0.6388888888888888 0.316015625 0.03333333333333333 0.02265625
0 0.6680555555555555 0.386328125 0.03888888888888889 0.02734375
0 0.6631944444444444 0.3328125 0.043055555555555555 0.0171875
0 0.6909722222222222 0.340625 0.02638888888888889 0.0109375
0 0.7666666666666667 0.303125 0.03333333333333333 0.0125
0 0.6354166666666666 0.48125 0.0375 0.0203125
0 0.6055555555555555 0.445703125 0.04722222222222222 0.02109375
0 0.6493055555555556 0.436328125 0.04027777777777778 0.01953125
0 0.29375 0.32578125 0.02638888888888889 0.01875
0 0.2361111111111111 0.284765625 0.025 0.01640625
0 0.2798611111111111 0.2484375 0.02638888888888889 0.0140625
0 0.21041666666666667 0.228515625 0.03194444444444444 0.01640625
0 0.2125 0.4703125 0.030555555555555555 0.0125
0 0.5125 0.6390625 0.03611111111111111 0.0171875
0 0.5104166666666666 0.654296875 0.0375 0.01640625
0 0.6208333333333333 0.499609375 0.03888888888888889 0.01640625
0 0.65625 0.580078125 0.034722222222222224 0.01640625
0 0.4548611111111111 0.5921875 0.04027777777777778 0.0125
0 0.13055555555555556 0.420703125 0.03333333333333333 0.00703125
0 0.8020833333333334 0.598046875 0.043055555555555555 0.02265625
0 0.7548611111111111 0.491015625 0.04861111111111111 0.02578125
0 0.9618055555555556 0.5375 0.05138888888888889 0.025
0 0.9763888888888889 0.55234375 0.044444444444444446 0.01875
0 0.8895833333333333 0.558203125 0.034722222222222224 0.01796875
0 0.8472222222222222 0.558203125 0.03333333333333333 0.01484375
0 0.8395833333333333 0.364453125 0.04861111111111111 0.02421875
0 0.9673611111111111 0.028125 0.05138888888888889 0.0328125
0 0.9104166666666667 0.440625 0.018055555555555554 0.009375
0 0.6652777777777777 0.7828125 0.027777777777777776 0.025
0 0.6555555555555556 0.71875 0.030555555555555555 0.01875
0 0.26875 0.0078125 0.02638888888888889 0.0125
0 0.5208333333333334 0.3078125 0.030555555555555555 0.0140625
0 0.4666666666666667 0.38671875 0.030555555555555555 0.0140625
0 0.9854166666666667 0.45 0.02638888888888889 0.015625
0 0.9805555555555555 0.016796875 0.03611111111111111 0.03046875
0 0.5006944444444444 0.205078125 0.04027777777777778 0.02421875
0 0.5604166666666667 0.408984375 0.018055555555555554 0.00859375
0 0.05486111111111111 0.603515625 0.06527777777777778 0.03203125
0 0.29097222222222224 0.5859375 0.034722222222222224 0.0171875
0 0.36875 0.598046875 0.020833333333333332 0.01484375
