0 0.4270833333333333 0.022265625 0.07361111111111111 0.04140625
0 0.30972222222222223 0.005859375 0.058333333333333334 0.01171875
0 0.35555555555555557 0.004296875 0.03333333333333333 0.00859375
0 0.27847222222222223 0.02421875 0.04861111111111111 0.0328125
0 0.5680555555555555 0.0359375 0.05555555555555555 0.0296875
0 0.4840277777777778 0.036328125 0.05416666666666667 0.03359375
0 0.5479166666666667 0.0109375 0.05138888888888889 0.0203125
0 0.5409722222222222 0.108984375 0.0625 0.03359375
0 0.43680555555555556 0.064453125 0.03194444444444444 0.02578125
0 0.28958333333333336 0.059375 0.05416666666666667 0.03125
0 0.3638888888888889 0.0921875 0.05 0.03125
0 0.2951388888888889 0.10390625 0.05694444444444444 0.028125
0 0.5958333333333333 0.175390625 0.05277777777777778 0.03359375
0 0.6451388888888889 0.18046875 0.04583333333333333 0.028125
0 0.3486111111111111 0.145703125 0.06388888888888888 0.03671875
0 0.425 0.159765625 0.04722222222222222 0.02890625
0 0.5916666666666667 0.207421875 0.044444444444444446 0.02109375
0 0.3548611111111111 0.18125 0.05138888888888889 0.0296875
0 0.3729166666666667 0.214453125 0.059722222222222225 0.02890625
0 0.18680555555555556 0.18125 0.07083333333333333 0.0453125
0 0.12430555555555556 0.185546875 0.0625 0.03984375
0 0.03125 0.2828125 0.059722222222222225 0.0484375
0 0.3527777777777778 0.260546875 0.05555555555555555 0.03046875
0 0.425 0.240234375 0.06111111111111111 0.02109375
0 0.5680555555555555 0.26875 0.058333333333333334 0.028125
0 0.5659722222222222 0.296484375 0.043055555555555555 0.02421875
0 0.5097222222222222 0.30078125 0.05555555555555555 0.040625
0 0.1361111111111111 0.333203125 0.06388888888888888 0.04453125
0 0.18888888888888888 0.320703125 0.05 0.05078125
0 0.3020833333333333 0.300390625 0.0375 0.02578125
0 0.3416666666666667 0.29296875 0.05277777777777778 0.0296875
0 0.38472222222222224 0.291796875 0.04722222222222222 0.02421875
0 0.26319444444444445 0.305859375 0.059722222222222225 0.03203125
0 0.6111111111111112 0.3234375 0.05 0.03125
0 0.23472222222222222 0.41015625 0.05277777777777778 0.0359375
0 0.4756944444444444 0.359375 0.059722222222222225 0.0296875
0 0.7527777777777778 0.39140625 0.05 0.0234375
0 0.9847222222222223 0.386328125 0.027777777777777776 0.03046875
0 0.9631944444444445 0.401171875 0.043055555555555555 0.02421875
0 0.9326388888888889 0.38359375 0.04027777777777778 0.0390625
0 0.9819444444444444 0.476171875 0.030555555555555555 0.03671875
0 0.6833333333333333 0.4765625 0.05 0.028125
0 0.6736111111111112 0.491015625 0.04722222222222222 0.02421875
0 0.5972222222222222 0.5140625 0.04722222222222222 0.0265625
0 0.4930555555555556 0.47890625 0.03611111111111111 0.021875
0 0.8256944444444444 0.46484375 0.04583333333333333 0.028125
0 0.23472222222222222 0.527734375 0.05 0.02578125
0 0.6861111111111111 0.584765625 0.05277777777777778 0.02890625
