0 0.3173611111111111 0.35625 0.03194444444444444 0.0171875
0 0.34652777777777777 0.358984375 0.04027777777777778 0.01484375
0 0.13402777777777777 0.491015625 0.02638888888888889 0.02109375
0 0.13055555555555556 0.522265625 0.022222222222222223 0.01171875
0 0.2881944444444444 0.5453125 0.03194444444444444 0.0125
0 0.3229166666666667 0.5484375 0.04027777777777778 0.0171875
0 0.32569444444444445 0.604296875 0.04583333333333333 0.02734375
0 0.28194444444444444 0.61796875 0.058333333333333334 0.0265625
0 0.3034722222222222 0.65390625 0.043055555555555555 0.025
0 0.34305555555555556 0.42890625 0.04722222222222222 0.025
0 0.35208333333333336 0.458203125 0.04027777777777778 0.01953125
0 0.5236111111111111 0.452734375 0.041666666666666664 0.02265625
0 0.5340277777777778 0.196875 0.04583333333333333 0.028125
0 0.9236111111111112 0.561328125 0.027777777777777776 0.01171875
0 0.7319444444444444 0.427734375 0.041666666666666664 0.02890625
0 0.6777777777777778 0.3953125 0.03333333333333333 0.021875
0 0.6229166666666667 0.3953125 0.029166666666666667 0.0109375
0 0.5666666666666667 0.431640625 0.027777777777777776 0.02109375
0 0.6590277777777778 0.40703125 0.020833333333333332 0.0140625
0 0.09305555555555556 0.53828125 0.03333333333333333 0.015625
0 0.8118055555555556 0.668359375 0.034722222222222224 0.01640625
0 0.9979166666666667 0.33828125 0.001388888888888889 0.00625
0 0.25625 0.448828125 0.029166666666666667 0.02578125
0 0.1951388888888889 0.444921875 0.02361111111111111 0.01328125
0 0.5152777777777777 0.735546875 0.04722222222222222 0.01484375
0 0.6416666666666667 0.6796875 0.016666666666666666 0.01875
0 0.69375 0.614453125 0.018055555555555554 0.02265625
0 0.9069444444444444 0.667578125 0.041666666666666664 0.01953125
0 0.9506944444444444 0.65859375 0.034722222222222224 0.0140625
0 0.8840277777777777 0.632421875 0.04027777777777778 0.01328125
0 0.8326388888888889 0.622265625 0.020833333333333332 0.01328125
0 0.9541666666666667 0.679296875 0.025 0.02109375
