0 0.4756944444444444 0.493359375 0.04027777777777778 0.02109375
0 0.7986111111111112 0.580078125 0.03888888888888889 0.02421875
0 0.8013888888888889 0.519140625 0.03888888888888889 0.01484375
0 0.7298611111111111 0.521484375 0.0375 0.02109375
0 0.7965277777777777 0.49140625 0.02638888888888889 0.0125
0 0.8569444444444444 0.48515625 0.030555555555555555 0.0203125
0 0.13333333333333333 0.50859375 0.044444444444444446 0.025
0 0.1840277777777778 0.48203125 0.034722222222222224 0.0234375
0 0.05486111111111111 0.504296875 0.034722222222222224 0.01796875
0 0.09652777777777778 0.5015625 0.03194444444444444 0.01875
0 0.21736111111111112 0.3921875 0.03194444444444444 0.0234375
0 0.2048611111111111 0.3421875 0.04027777777777778 0.0203125
0 0.2673611111111111 0.355859375 0.02638888888888889 0.02109375
0 0.39166666666666666 0.373046875 0.027777777777777776 0.01953125
0 0.6555555555555556 0.296875 0.027777777777777776 0.0140625
0 0.43125 0.3359375 0.0375 0.01875
0 0.2548611111111111 0.319140625 0.04583333333333333 0.02265625
0 0.9715277777777778 0.483984375 0.04027777777777778 0.02578125
0 0.9840277777777777 0.375 0.02638888888888889 0.01875
0 0.9861111111111112 0.429296875 0.025 0.01640625
0 0.15486111111111112 0.201953125 0.03194444444444444 0.01953125
0 0.09583333333333334 0.12734375 0.03888888888888889 0.0171875
0 0.04097222222222222 0.1640625 0.0375 0.01875
0 0.09722222222222222 0.1578125 0.030555555555555555 0.015625
0 0.018055555555555554 0.179296875 0.030555555555555555 0.01640625
0 0.05486111111111111 0.209375 0.034722222222222224 0.0234375
0 0.019444444444444445 0.2421875 0.030555555555555555 0.0140625
0 0.04583333333333333 0.293359375 0.03333333333333333 0.01484375
0 0.24166666666666667 0.169921875 0.030555555555555555 0.01796875
0 0.1701388888888889 0.185546875 0.0375 0.02109375
0 0.3597222222222222 0.144921875 0.030555555555555555 0.01953125
0 0.3861111111111111 0.169140625 0.030555555555555555 0.01953125
0 0.2152777777777778 0.14453125 0.030555555555555555 0.01875
0 0.30277777777777776 0.221875 0.03611111111111111 0.0171875
0 0.19722222222222222 0.192578125 0.025 0.01953125
0 0.32222222222222224 0.170703125 0.03611111111111111 0.01640625
0 0.33194444444444443 0.15078125 0.027777777777777776 0.0140625
0 0.5569444444444445 0.206640625 0.03611111111111111 0.01796875
0 0.6194444444444445 0.262109375 0.022222222222222223 0.01484375
0 0.25972222222222224 0.216015625 0.044444444444444446 0.01640625
0 0.1125 0.20703125 0.030555555555555555 0.0171875
0 0.3138888888888889 0.4203125 0.025 0.0140625
0 0.4625 0.239453125 0.022222222222222223 0.01640625
0 0.3034722222222222 0.199609375 0.034722222222222224 0.01640625
0 0.08194444444444444 0.19609375 0.03611111111111111 0.0078125
0 0.016666666666666666 0.290625 0.030555555555555555 0.0140625
0 0.27708333333333335 0.26640625 0.02361111111111111 0.0171875
0 0.3111111111111111 0.29765625 0.03333333333333333 0.015625
0 0.38263888888888886 0.266015625 0.0375 0.02265625
0 0.3909722222222222 0.196484375 0.04027777777777778 0.02109375
0 0.2604166666666667 0.173828125 0.03194444444444444 0.01953125
0 0.2 0.123828125 0.03611111111111111 0.01640625
0 0.2076388888888889 0.10625 0.02638888888888889 0.0140625
0 0.20347222222222222 0.171875 0.018055555555555554 0.01875
0 0.21805555555555556 0.186328125 0.016666666666666666 0.01328125
0 0.13958333333333334 0.173046875 0.034722222222222224 0.02734375
0 0.47708333333333336 0.206640625 0.020833333333333332 0.01796875
0 0.5208333333333334 0.257421875 0.03333333333333333 0.01953125
0 0.6104166666666667 0.29765625 0.02638888888888889 0.0109375
0 0.5625 0.31171875 0.03888888888888889 0.0125
0 0.6819444444444445 0.3234375 0.022222222222222223 0.0109375
0 0.9673611111111111 0.39921875 0.03194444444444444 0.0140625
0 0.5354166666666667 0.4984375 0.018055555555555554 0.0125
0 0.7965277777777777 0.559375 0.029166666666666667 0.0125
0 0.7756944444444445 0.57578125 0.020833333333333332 0.0171875
0 0.90625 0.486328125 0.02361111111111111 0.01484375
0 0.9104166666666667 0.45390625 0.015277777777777777 0.0140625
0 0.9673611111111111 0.453125 0.029166666666666667 0.0125
0 0.9902777777777778 0.448828125 0.016666666666666666 0.01640625
0 0.4097222222222222 0.3875 0.030555555555555555 0.0171875
