0 0.13194444444444445 0.287109375 0.03888888888888889 0.02734375
0 0.3458333333333333 0.284375 0.03611111111111111 0.025
0 0.17430555555555555 0.31328125 0.04583333333333333 0.021875
0 0.2222222222222222 0.3359375 0.04722222222222222 0.028125
0 0.11319444444444444 0.41328125 0.0375 0.0234375
0 0.04583333333333333 0.39375 0.044444444444444446 0.0234375
0 0.05555555555555555 0.4234375 0.044444444444444446 0.0265625
0 0.8631944444444445 0.62578125 0.043055555555555555 0.0359375
0 0.0375 0.241796875 0.06111111111111111 0.03203125
0 0.18263888888888888 0.33984375 0.05138888888888889 0.0296875
0 0.14375 0.322265625 0.029166666666666667 0.01640625
0 0.27847222222222223 0.290234375 0.043055555555555555 0.02109375
0 0.18125 0.279296875 0.04583333333333333 0.02578125
0 0.15138888888888888 0.400390625 0.05 0.01484375
0 0.08958333333333333 0.44375 0.05138888888888889 0.0234375
0 0.11944444444444445 0.469921875 0.03888888888888889 0.01171875
0 0.010416666666666666 0.5078125 0.015277777777777777 0.0109375
0 0.3368055555555556 0.440234375 0.0125 0.01484375
0 0.98125 0.425390625 0.034722222222222224 0.02734375
0 0.35347222222222224 0.630859375 0.043055555555555555 0.01953125
0 0.2611111111111111 0.64375 0.03611111111111111 0.021875
0 0.9909722222222223 0.53125 0.015277777777777777 0.0140625
0 0.9916666666666667 0.553125 0.011111111111111112 0.009375
0 0.37569444444444444 0.68359375 0.0375 0.028125
0 0.23541666666666666 0.68203125 0.04583333333333333 0.025
0 0.23819444444444443 0.658203125 0.04027777777777778 0.01953125
0 0.2076388888888889 0.694921875 0.0375 0.01953125
0 0.32916666666666666 0.616796875 0.022222222222222223 0.01796875
0 0.9222222222222223 0.622265625 0.030555555555555555 0.01171875
0 0.33402777777777776 0.672265625 0.0375 0.02109375
