0 0.33125 0.10859375 0.04027777777777778 0.0265625
0 0.35208333333333336 0.0859375 0.034722222222222224 0.0203125
0 0.4375 0.08828125 0.03888888888888889 0.015625
0 0.5145833333333333 0.24296875 0.04027777777777778 0.0234375
0 0.5361111111111111 0.259375 0.041666666666666664 0.0265625
0 0.4326388888888889 0.40546875 0.04027777777777778 0.0296875
0 0.4097222222222222 0.416015625 0.03333333333333333 0.02265625
0 0.5375 0.425 0.03333333333333333 0.0171875
0 0.6097222222222223 0.440234375 0.04722222222222222 0.03046875
0 0.56875 0.481640625 0.02638888888888889 0.01640625
0 0.5597222222222222 0.529296875 0.04722222222222222 0.02578125
0 0.48819444444444443 0.49453125 0.04027777777777778 0.028125
0 0.45902777777777776 0.505078125 0.02638888888888889 0.02265625
0 0.37222222222222223 0.491796875 0.05 0.02890625
0 0.34652777777777777 0.496484375 0.03194444444444444 0.02578125
0 0.4673611111111111 0.619140625 0.04861111111111111 0.02265625
0 0.32569444444444445 0.606640625 0.04861111111111111 0.02421875
0 0.1451388888888889 0.591796875 0.05694444444444444 0.02734375
0 0.16805555555555557 0.5609375 0.027777777777777776 0.025
0 0.18611111111111112 0.51953125 0.03333333333333333 0.0296875
0 0.0763888888888889 0.42421875 0.03333333333333333 0.0171875
0 0.4861111111111111 0.42421875 0.03333333333333333 0.01875
0 0.5145833333333333 0.3078125 0.02638888888888889 0.009375
0 0.10347222222222222 0.433984375 0.034722222222222224 0.02265625
