0 0.1125 0.070703125 0.025 0.01796875
0 0.12708333333333333 0.09140625 0.0375 0.021875
0 0.10902777777777778 0.10234375 0.020833333333333332 0.01875
0 0.15902777777777777 0.097265625 0.020833333333333332 0.02109375
0 0.16597222222222222 0.08515625 0.018055555555555554 0.0171875
0 0.12986111111111112 0.137109375 0.0375 0.01953125
0 0.14444444444444443 0.202734375 0.03611111111111111 0.01484375
0 0.09444444444444444 0.233984375 0.027777777777777776 0.01640625
0 0.07222222222222222 0.31875 0.03333333333333333 0.0140625
0 0.07013888888888889 0.2875 0.034722222222222224 0.0171875
0 0.14097222222222222 0.667578125 0.04583333333333333 0.02890625
0 0.20069444444444445 0.709765625 0.0375 0.02109375
0 0.47847222222222224 0.731640625 0.07083333333333333 0.03203125
0 0.29305555555555557 0.591796875 0.03611111111111111 0.01953125
0 0.20277777777777778 0.053515625 0.03888888888888889 0.02421875
0 0.2423611111111111 0.05546875 0.034722222222222224 0.025
0 0.24930555555555556 0.07578125 0.03194444444444444 0.0171875
0 0.23680555555555555 0.103515625 0.034722222222222224 0.02578125
0 0.28055555555555556 0.0859375 0.027777777777777776 0.01875
0 0.27291666666666664 0.11171875 0.0375 0.0203125
0 0.29097222222222224 0.109765625 0.018055555555555554 0.01484375
0 0.2513888888888889 0.123828125 0.041666666666666664 0.01484375
0 0.25 0.13828125 0.030555555555555555 0.0125
0 0.325 0.131640625 0.013888888888888888 0.01328125
0 0.30069444444444443 0.14765625 0.029166666666666667 0.0140625
0 0.2534722222222222 0.192578125 0.029166666666666667 0.01640625
0 0.2972222222222222 0.18203125 0.027777777777777776 0.0109375
0 0.25833333333333336 0.209765625 0.019444444444444445 0.01171875
0 0.28125 0.213671875 0.02638888888888889 0.01328125
0 0.3145833333333333 0.23515625 0.05138888888888889 0.025
0 0.24930555555555556 0.334765625 0.04861111111111111 0.02890625
0 0.2763888888888889 0.357421875 0.044444444444444446 0.02421875
0 0.3375 0.375 0.03333333333333333 0.0203125
0 0.38819444444444445 0.481640625 0.059722222222222225 0.03046875
0 0.35833333333333334 0.537109375 0.027777777777777776 0.01640625
0 0.4826388888888889 0.590625 0.06805555555555555 0.0328125
0 0.39375 0.539453125 0.0125 0.01484375
0 0.3090277777777778 0.298046875 0.034722222222222224 0.02421875
0 0.3729166666666667 0.291015625 0.0375 0.02265625
0 0.4027777777777778 0.289453125 0.030555555555555555 0.02265625
0 0.39444444444444443 0.23671875 0.019444444444444445 0.0109375
0 0.43472222222222223 0.25625 0.05 0.025
0 0.45416666666666666 0.22734375 0.04722222222222222 0.025
0 0.37430555555555556 0.06796875 0.03194444444444444 0.015625
0 0.4131944444444444 0.075390625 0.034722222222222224 0.01953125
0 0.46805555555555556 0.10390625 0.030555555555555555 0.0140625
0 0.43472222222222223 0.13671875 0.03333333333333333 0.0203125
0 0.42291666666666666 0.16640625 0.029166666666666667 0.01875
0 0.46944444444444444 0.184375 0.022222222222222223 0.01875
0 0.5291666666666667 0.215625 0.03333333333333333 0.01875
0 0.6576388888888889 0.2140625 0.034722222222222224 0.0125
0 0.5555555555555556 0.29375 0.025 0.0109375
0 0.5222222222222223 0.4421875 0.030555555555555555 0.0234375
0 0.5840277777777778 0.585546875 0.02638888888888889 0.02109375
0 0.6708333333333333 0.59453125 0.04722222222222222 0.028125
0 0.7097222222222223 0.65546875 0.030555555555555555 0.015625
0 0.7354166666666667 0.686328125 0.018055555555555554 0.01171875
0 0.8326388888888889 0.658203125 0.0125 0.00859375
0 0.8631944444444445 0.659375 0.03194444444444444 0.015625
0 0.9472222222222222 0.651953125 0.03333333333333333 0.01796875
0 0.8680555555555556 0.595703125 0.016666666666666666 0.02109375
0 0.4951388888888889 0.11796875 0.018055555555555554 0.0171875
0 0.5104166666666666 0.093359375 0.020833333333333332 0.01171875
0 0.5479166666666667 0.1203125 0.04583333333333333 0.025
0 0.5833333333333334 0.07109375 0.041666666666666664 0.0234375
0 0.5680555555555555 0.097265625 0.03333333333333333 0.02421875
0 0.6256944444444444 0.0328125 0.02638888888888889 0.01875
0 0.6881944444444444 0.060546875 0.02638888888888889 0.01796875
0 0.6263888888888889 0.06328125 0.05277777777777778 0.028125
0 0.6041666666666666 0.093359375 0.025 0.01640625
0 0.6166666666666667 0.101171875 0.03333333333333333 0.02734375
0 0.6506944444444445 0.103515625 0.05138888888888889 0.03359375
0 0.7506944444444444 0.08046875 0.015277777777777777 0.015625
0 0.7479166666666667 0.100390625 0.03194444444444444 0.02109375
0 0.7625 0.1359375 0.027777777777777776 0.0265625
0 0.6006944444444444 0.177734375 0.0375 0.02109375
0 0.5743055555555555 0.186328125 0.0375 0.02578125
0 0.7486111111111111 0.233984375 0.030555555555555555 0.01484375
0 0.8291666666666667 0.212109375 0.05277777777777778 0.03359375
0 0.9111111111111111 0.1734375 0.025 0.0140625
0 0.9888888888888889 0.18984375 0.016666666666666666 0.015625
0 0.8423611111111111 0.273828125 0.05416666666666667 0.03515625
0 0.9381944444444444 0.230859375 0.03194444444444444 0.02265625
0 0.9722222222222222 0.233984375 0.030555555555555555 0.01953125
0 0.9673611111111111 0.259375 0.034722222222222224 0.015625
0 0.9354166666666667 0.344921875 0.05694444444444444 0.03203125
0 0.9611111111111111 0.36015625 0.030555555555555555 0.0171875
0 0.9569444444444445 0.446875 0.03333333333333333 0.0140625
0 0.9520833333333333 0.39765625 0.02361111111111111 0.015625
0 0.7895833333333333 0.4203125 0.03194444444444444 0.01875
0 0.73125 0.411328125 0.04583333333333333 0.03046875
0 0.7458333333333333 0.37421875 0.03333333333333333 0.0234375
0 0.7756944444444445 0.371484375 0.034722222222222224 0.02109375
0 0.7951388888888888 0.323828125 0.029166666666666667 0.01171875
0 0.6423611111111112 0.13515625 0.034722222222222224 0.0296875
0 0.6284722222222222 0.290234375 0.018055555555555554 0.01328125
0 0.015277777777777777 0.3703125 0.027777777777777776 0.015625
0 0.5708333333333333 0.423046875 0.06388888888888888 0.03515625
0 0.6916666666666667 0.35 0.05277777777777778 0.015625
0 0.9625 0.737890625 0.027777777777777776 0.02109375
