0 0.6166666666666667 0.051953125 0.05 0.03359375
0 0.6798611111111111 0.13125 0.03194444444444444 0.015625
0 0.7194444444444444 0.160546875 0.03888888888888889 0.02578125
0 0.5854166666666667 0.159375 0.04861111111111111 0.0296875
0 0.5243055555555556 0.17890625 0.04583333333333333 0.021875
0 0.5708333333333333 0.1828125 0.05277777777777778 0.0265625
0 0.6 0.201171875 0.027777777777777776 0.02890625
0 0.56875 0.207421875 0.02638888888888889 0.02421875
0 0.5298611111111111 0.205859375 0.04861111111111111 0.03515625
0 0.55625 0.237109375 0.043055555555555555 0.02109375
0 0.7826388888888889 0.212109375 0.043055555555555555 0.03046875
0 0.4479166666666667 0.25625 0.03194444444444444 0.015625
0 0.49236111111111114 0.253515625 0.034722222222222224 0.01640625
0 0.5805555555555556 0.25859375 0.041666666666666664 0.034375
0 0.5402777777777777 0.26796875 0.03888888888888889 0.025
0 0.47708333333333336 0.279296875 0.04861111111111111 0.02421875
0 0.34444444444444444 0.35 0.03333333333333333 0.01875
0 0.49375 0.39296875 0.034722222222222224 0.028125
0 0.5131944444444444 0.4109375 0.04861111111111111 0.0265625
0 0.5590277777777778 0.387109375 0.05416666666666667 0.03515625
0 0.6701388888888888 0.359765625 0.04583333333333333 0.02265625
0 0.7208333333333333 0.3453125 0.03611111111111111 0.0171875
0 0.6951388888888889 0.32578125 0.020833333333333332 0.0125
0 0.6763888888888889 0.2875 0.027777777777777776 0.0109375
0 0.74375 0.35859375 0.029166666666666667 0.028125
0 0.7854166666666667 0.3640625 0.05138888888888889 0.028125
0 0.03194444444444444 0.571875 0.05277777777777778 0.0296875
0 0.027083333333333334 0.6 0.05138888888888889 0.0265625
0 0.052083333333333336 0.618359375 0.03194444444444444 0.02109375
0 0.48055555555555557 0.445703125 0.03888888888888889 0.03046875
0 0.6430555555555556 0.430859375 0.04722222222222222 0.03359375
0 0.7513888888888889 0.40703125 0.03611111111111111 0.0234375
0 0.80625 0.39453125 0.020833333333333332 0.0125
0 0.7305555555555555 0.46796875 0.05555555555555555 0.040625
0 0.7784722222222222 0.46796875 0.043055555555555555 0.028125
0 0.6520833333333333 0.506640625 0.034722222222222224 0.02421875
0 0.6861111111111111 0.548828125 0.05277777777777778 0.03046875
0 0.3840277777777778 0.51484375 0.04583333333333333 0.03125
0 0.42777777777777776 0.521484375 0.04722222222222222 0.02578125
0 0.5104166666666666 0.609375 0.04027777777777778 0.0203125
0 0.3923611111111111 0.652734375 0.0625 0.03984375
0 0.42777777777777776 0.678515625 0.05555555555555555 0.03359375
0 0.35555555555555557 0.6859375 0.05 0.025
0 0.9055555555555556 0.72890625 0.03611111111111111 0.028125
0 0.8819444444444444 0.55703125 0.022222222222222223 0.0109375
