0 0.1951388888888889 0.31796875 0.02361111111111111 0.015625
0 0.23472222222222222 0.46171875 0.03888888888888889 0.01875
0 0.34652777777777777 0.38984375 0.04583333333333333 0.015625
0 0.47847222222222224 0.307421875 0.029166666666666667 0.01796875
0 0.45694444444444443 0.32578125 0.025 0.015625
0 0.47430555555555554 0.33046875 0.029166666666666667 0.0125
0 0.8673611111111111 0.355078125 0.02361111111111111 0.01484375
0 0.9291666666666667 0.36953125 0.03333333333333333 0.0203125
0 0.8993055555555556 0.380078125 0.020833333333333332 0.01484375
0 0.2604166666666667 0.455859375 0.029166666666666667 0.01484375
0 0.2222222222222222 0.448828125 0.03888888888888889 0.01328125
