0 0.3958333333333333 0.2484375 0.05 0.0296875
0 0.5041666666666667 0.25234375 0.041666666666666664 0.0296875
0 0.4027777777777778 0.309375 0.044444444444444446 0.025
0 0.4576388888888889 0.315234375 0.043055555555555555 0.02890625
0 0.5805555555555556 0.2953125 0.03888888888888889 0.0234375
0 0.6291666666666667 0.286328125 0.041666666666666664 0.02265625
0 0.7263888888888889 0.29140625 0.03611111111111111 0.01875
0 0.7979166666666667 0.28515625 0.03194444444444444 0.0234375
0 0.6840277777777778 0.339453125 0.0375 0.03046875
0 0.64375 0.342578125 0.05138888888888889 0.02578125
0 0.5895833333333333 0.330078125 0.043055555555555555 0.02421875
0 0.5034722222222222 0.39765625 0.05138888888888889 0.025
0 0.6284722222222222 0.315234375 0.0375 0.01796875
0 0.6215277777777778 0.409765625 0.04861111111111111 0.02890625
0 0.5333333333333333 0.4265625 0.04722222222222222 0.025
0 0.5916666666666667 0.415234375 0.027777777777777776 0.01328125
0 0.5638888888888889 0.447265625 0.044444444444444446 0.01796875
0 0.5993055555555555 0.4796875 0.04861111111111111 0.03125
0 0.7041666666666667 0.418359375 0.03888888888888889 0.01484375
0 0.4826388888888889 0.512109375 0.04583333333333333 0.02265625
0 0.04027777777777778 0.611328125 0.05 0.02578125
0 0.07361111111111111 0.632421875 0.03333333333333333 0.02421875
0 0.0375 0.633203125 0.044444444444444446 0.01796875
0 0.12361111111111112 0.65 0.044444444444444446 0.0234375
0 0.15486111111111112 0.665234375 0.043055555555555555 0.02890625
0 0.22777777777777777 0.65859375 0.030555555555555555 0.0125
0 0.29305555555555557 0.6703125 0.03888888888888889 0.0171875
0 0.25277777777777777 0.682421875 0.058333333333333334 0.02734375
0 0.23472222222222222 0.7015625 0.05 0.028125
0 0.2923611111111111 0.69375 0.029166666666666667 0.015625
0 0.06597222222222222 0.754296875 0.05138888888888889 0.02578125
0 0.14652777777777778 0.712890625 0.04583333333333333 0.01953125
0 0.4395833333333333 0.637109375 0.05694444444444444 0.03046875
0 0.6472222222222223 0.649609375 0.044444444444444446 0.01640625
0 0.6701388888888888 0.637109375 0.034722222222222224 0.01796875
0 0.7729166666666667 0.624609375 0.0375 0.01953125
0 0.6479166666666667 0.6703125 0.0375 0.0171875
0 0.6208333333333333 0.6859375 0.041666666666666664 0.01875
0 0.7805555555555556 0.678125 0.03333333333333333 0.021875
0 0.7451388888888889 0.669921875 0.043055555555555555 0.02109375
0 0.5333333333333333 0.380859375 0.027777777777777776 0.01953125
0 0.42986111111111114 0.554296875 0.0375 0.03828125
0 0.4173611111111111 0.57578125 0.02638888888888889 0.0140625
