0 0.55625 0.11328125 0.04861111111111111 0.028125
0 0.5819444444444445 0.1 0.044444444444444446 0.0296875
0 0.5555555555555556 0.136328125 0.03888888888888889 0.01796875
0 0.42430555555555555 0.177734375 0.034722222222222224 0.02109375
0 0.6048611111111111 0.216015625 0.05694444444444444 0.03203125
0 0.5291666666666667 0.244921875 0.05277777777777778 0.02890625
0 0.6159722222222223 0.248828125 0.04027777777777778 0.02578125
0 0.6576388888888889 0.25234375 0.04027777777777778 0.0234375
0 0.3784722222222222 0.34609375 0.059722222222222225 0.025
0 0.38263888888888886 0.371875 0.05694444444444444 0.03125
0 0.43472222222222223 0.384375 0.05277777777777778 0.0328125
0 0.5930555555555556 0.283203125 0.041666666666666664 0.03046875
0 0.34930555555555554 0.423046875 0.05416666666666667 0.02890625
0 0.4791666666666667 0.439453125 0.058333333333333334 0.02734375
0 0.3819444444444444 0.411328125 0.03611111111111111 0.02109375
0 0.5027777777777778 0.31640625 0.025 0.0234375
0 0.5583333333333333 0.29921875 0.022222222222222223 0.0296875
0 0.6458333333333334 0.380859375 0.05555555555555555 0.02734375
0 0.7208333333333333 0.363671875 0.05277777777777778 0.03203125
0 0.48125 0.460546875 0.0375 0.01640625
0 0.26944444444444443 0.569140625 0.04722222222222222 0.02109375
0 0.44513888888888886 0.5984375 0.0625 0.03125
0 0.47152777777777777 0.5453125 0.05138888888888889 0.03125
0 0.5277777777777778 0.544921875 0.058333333333333334 0.02734375
0 0.6069444444444444 0.533984375 0.058333333333333334 0.02265625
0 0.6131944444444445 0.723828125 0.02638888888888889 0.02578125
0 0.7138888888888889 0.646484375 0.044444444444444446 0.02109375
0 0.6652777777777777 0.59375 0.030555555555555555 0.0234375
0 0.7041666666666667 0.567578125 0.04722222222222222 0.02890625
0 0.6854166666666667 0.623046875 0.05138888888888889 0.02109375
0 0.21875 0.788671875 0.09583333333333334 0.05390625
0 0.5055555555555555 0.8265625 0.027777777777777776 0.03125
0 0.8333333333333334 0.841015625 0.058333333333333334 0.02734375
0 0.9097222222222222 0.87578125 0.06388888888888888 0.0296875
0 0.2798611111111111 0.83515625 0.0625 0.0375
0 0.3402777777777778 0.861328125 0.075 0.02578125
0 0.29444444444444445 0.37265625 0.041666666666666664 0.0125
0 0.6555555555555556 0.28125 0.027777777777777776 0.0125
0 0.5256944444444445 0.378515625 0.029166666666666667 0.01171875
0 0.39375 0.421875 0.034722222222222224 0.0171875
0 0.3548611111111111 0.816015625 0.02361111111111111 0.01953125
0 0.23819444444444443 0.946484375 0.05138888888888889 0.03046875
