0 0.6041666666666666 0.313671875 0.06388888888888888 0.03515625
0 0.9583333333333334 0.324609375 0.07222222222222222 0.02890625
0 0.9368055555555556 0.3671875 0.04583333333333333 0.0328125
0 0.8541666666666666 0.410546875 0.058333333333333334 0.01796875
0 0.9465277777777777 0.468359375 0.043055555555555555 0.01953125
0 0.8763888888888889 0.51171875 0.06111111111111111 0.028125
0 0.9326388888888889 0.520703125 0.04583333333333333 0.02890625
0 0.8416666666666667 0.526171875 0.027777777777777776 0.01953125
0 0.89375 0.59375 0.05694444444444444 0.0296875
0 0.8291666666666667 0.609375 0.04722222222222222 0.021875
0 0.9909722222222223 0.3703125 0.015277777777777777 0.0265625
0 0.9854166666666667 0.426171875 0.02638888888888889 0.01796875
0 0.9118055555555555 0.473828125 0.029166666666666667 0.02109375
0 0.8715277777777778 0.57734375 0.0375 0.015625
