0 0.5923611111111111 0.03125 0.04861111111111111 0.0328125
0 0.6444444444444445 0.03125 0.04722222222222222 0.034375
0 0.5958333333333333 0.05546875 0.03333333333333333 0.015625
0 0.6513888888888889 0.153125 0.044444444444444446 0.015625
0 0.6659722222222222 0.17890625 0.04027777777777778 0.0234375
0 0.6958333333333333 0.21328125 0.041666666666666664 0.025
0 0.6076388888888888 0.236328125 0.043055555555555555 0.02578125
0 0.4236111111111111 0.43359375 0.06388888888888888 0.028125
0 0.6048611111111111 0.369140625 0.0625 0.02890625
0 0.6520833333333333 0.456640625 0.0625 0.03203125
0 0.6298611111111111 0.49921875 0.0625 0.03125
0 0.5881944444444445 0.52421875 0.034722222222222224 0.0171875
0 0.6569444444444444 0.56953125 0.041666666666666664 0.025
0 0.70625 0.54609375 0.05416666666666667 0.0296875
0 0.4722222222222222 0.70625 0.05 0.0296875
0 0.36041666666666666 0.7265625 0.05416666666666667 0.034375
0 0.7819444444444444 0.79296875 0.05 0.0203125
0 0.28055555555555556 0.626953125 0.06111111111111111 0.02265625
0 0.45208333333333334 0.622265625 0.04027777777777778 0.02421875
0 0.4986111111111111 0.020703125 0.05 0.02421875
0 0.5347222222222222 0.016015625 0.04722222222222222 0.02109375
0 0.5666666666666667 0.62265625 0.030555555555555555 0.0109375
0 0.7201388888888889 0.641015625 0.05694444444444444 0.03203125
0 0.5784722222222223 0.388671875 0.03194444444444444 0.02265625
0 0.7097222222222223 0.383984375 0.05 0.02265625
0 0.7409722222222223 0.308203125 0.03194444444444444 0.01640625
0 0.27152777777777776 0.673046875 0.034722222222222224 0.02578125
0 0.5743055555555555 0.825 0.009722222222222222 0.0171875
0 0.16875 0.717578125 0.0375 0.01328125
0 0.65 0.36875 0.05555555555555555 0.0328125
0 0.5451388888888888 0.254296875 0.05694444444444444 0.02890625
0 0.51875 0.27734375 0.04861111111111111 0.028125
0 0.6534722222222222 0.2109375 0.043055555555555555 0.03125
0 0.4583333333333333 0.47890625 0.05277777777777778 0.021875
0 0.7326388888888888 0.495703125 0.04027777777777778 0.02265625
0 0.7805555555555556 0.497265625 0.05 0.01953125
0 0.9840277777777777 0.553125 0.029166666666666667 0.01875
0 0.7097222222222223 0.47421875 0.04722222222222222 0.0328125
0 0.675 0.48046875 0.027777777777777776 0.0234375
0 0.013194444444444444 0.726953125 0.02638888888888889 0.01796875
