0 0.4111111111111111 0.0734375 0.044444444444444446 0.0265625
0 0.39861111111111114 0.094140625 0.04722222222222222 0.02578125
0 0.45625 0.351953125 0.020833333333333332 0.01796875
0 0.4048611111111111 0.465234375 0.0375 0.02265625
0 0.7958333333333333 0.47265625 0.03888888888888889 0.0140625
0 0.7701388888888889 0.47265625 0.020833333333333332 0.0125
0 0.7340277777777777 0.556640625 0.034722222222222224 0.01796875
0 0.4236111111111111 0.569140625 0.058333333333333334 0.03203125
0 0.16458333333333333 0.51875 0.04027777777777778 0.021875
0 0.20069444444444445 0.52421875 0.02361111111111111 0.0109375
0 0.18055555555555555 0.54140625 0.022222222222222223 0.01875
0 0.23472222222222222 0.56015625 0.044444444444444446 0.021875
0 0.16458333333333333 0.576171875 0.029166666666666667 0.01484375
0 0.6881944444444444 0.62265625 0.015277777777777777 0.0078125
0 0.8333333333333334 0.69140625 0.04722222222222222 0.01875
0 0.013888888888888888 0.626953125 0.025 0.01953125
0 0.011111111111111112 0.701953125 0.019444444444444445 0.01171875
0 0.3875 0.708984375 0.05 0.03203125
0 0.4131944444444444 0.66015625 0.043055555555555555 0.0171875
0 0.44027777777777777 0.672265625 0.025 0.02578125
0 0.5395833333333333 0.70859375 0.043055555555555555 0.01875
0 0.6736111111111112 0.741015625 0.030555555555555555 0.01328125
0 0.7083333333333334 0.7359375 0.04722222222222222 0.021875
0 0.5777777777777777 0.709375 0.022222222222222223 0.0203125
0 0.013888888888888888 0.766796875 0.027777777777777776 0.02265625
0 0.01597222222222222 0.793359375 0.029166666666666667 0.01796875
0 0.325 0.860546875 0.06111111111111111 0.03515625
0 0.4027777777777778 0.7875 0.03333333333333333 0.0234375
0 0.47291666666666665 0.775390625 0.015277777777777777 0.01015625
0 0.5444444444444444 0.848828125 0.05277777777777778 0.02109375
0 0.6118055555555556 0.828125 0.020833333333333332 0.01875
0 0.6076388888888888 0.851171875 0.05138888888888889 0.02421875
