0 0.73125 0.169921875 0.029166666666666667 0.02109375
0 0.5993055555555555 0.2484375 0.0375 0.025
0 0.6743055555555556 0.2328125 0.04861111111111111 0.0171875
0 0.7347222222222223 0.1453125 0.041666666666666664 0.028125
0 0.7104166666666667 0.12890625 0.0375 0.028125
0 0.7951388888888888 0.2734375 0.043055555555555555 0.028125
0 0.7666666666666667 0.153125 0.03333333333333333 0.021875
0 0.7680555555555556 0.107421875 0.03611111111111111 0.02578125
0 0.12291666666666666 0.205078125 0.02361111111111111 0.01953125
0 0.14652777777777778 0.21171875 0.03194444444444444 0.01875
0 0.23333333333333334 0.20234375 0.030555555555555555 0.0140625
0 0.20416666666666666 0.203515625 0.03333333333333333 0.01015625
0 0.16805555555555557 0.221484375 0.030555555555555555 0.01171875
0 0.5715277777777777 0.256640625 0.04861111111111111 0.02578125
0 0.19236111111111112 0.35703125 0.04583333333333333 0.0234375
0 0.12708333333333333 0.349609375 0.04861111111111111 0.02734375
0 0.15763888888888888 0.41796875 0.05138888888888889 0.028125
0 0.7354166666666667 0.4015625 0.04027777777777778 0.0296875
0 0.22430555555555556 0.456640625 0.04027777777777778 0.02109375
0 0.059027777777777776 0.480078125 0.043055555555555555 0.02578125
0 0.28958333333333336 0.414453125 0.03194444444444444 0.02109375
0 0.10486111111111111 0.50703125 0.0375 0.01875
0 0.7597222222222222 0.44921875 0.05277777777777778 0.0296875
0 0.24375 0.442578125 0.02361111111111111 0.01484375
0 0.21597222222222223 0.51875 0.043055555555555555 0.021875
0 0.3458333333333333 0.4375 0.03333333333333333 0.015625
0 0.6083333333333333 0.392578125 0.03888888888888889 0.01953125
0 0.1111111111111111 0.481640625 0.03333333333333333 0.01328125
0 0.15694444444444444 0.47734375 0.044444444444444446 0.015625
0 0.5159722222222223 0.58828125 0.020833333333333332 0.0171875
0 0.7361111111111112 0.61328125 0.027777777777777776 0.0140625
0 0.5451388888888888 0.66953125 0.04027777777777778 0.015625
0 0.8791666666666667 0.435546875 0.025 0.01484375
0 0.24583333333333332 0.5015625 0.027777777777777776 0.0140625
0 0.16597222222222222 0.50625 0.018055555555555554 0.0109375
