0 0.10694444444444444 0.404296875 0.03888888888888889 0.01484375
0 0.6909722222222222 0.458984375 0.029166666666666667 0.02265625
0 0.21041666666666667 0.340625 0.02638888888888889 0.0171875
0 0.2298611111111111 0.3234375 0.029166666666666667 0.0171875
0 0.6173611111111111 0.37578125 0.0375 0.021875
0 0.5854166666666667 0.363671875 0.03194444444444444 0.01953125
0 0.0125 0.473828125 0.022222222222222223 0.01328125
0 0.03333333333333333 0.4859375 0.013888888888888888 0.0109375
0 0.225 0.346484375 0.027777777777777776 0.01015625
0 0.5548611111111111 0.386328125 0.0125 0.01484375
0 0.7208333333333333 0.446875 0.030555555555555555 0.0171875
