0 0.2923611111111111 0.452734375 0.034722222222222224 0.01953125
0 0.5277777777777778 0.29921875 0.027777777777777776 0.015625
0 0.5041666666666667 0.3171875 0.025 0.0125
0 0.5222222222222223 0.32421875 0.030555555555555555 0.0125
0 0.24583333333333332 0.31015625 0.019444444444444445 0.015625
0 0.9388888888888889 0.34921875 0.030555555555555555 0.0140625
0 0.2743055555555556 0.44140625 0.029166666666666667 0.015625
0 0.31666666666666665 0.44765625 0.027777777777777776 0.0140625
0 0.4013888888888889 0.380859375 0.025 0.01796875
0 0.38263888888888886 0.38046875 0.015277777777777777 0.0171875
0 0.9770833333333333 0.36640625 0.043055555555555555 0.0296875
