0 0.4597222222222222 0.5578125 0.03888888888888889 0.0171875
0 0.1486111111111111 0.630078125 0.041666666666666664 0.01796875
0 0.29305555555555557 0.709765625 0.05277777777777778 0.02578125
0 0.34097222222222223 0.68203125 0.05416666666666667 0.0265625
0 0.36944444444444446 0.70078125 0.03333333333333333 0.0328125
0 0.3625 0.76796875 0.03333333333333333 0.0328125
0 0.875 0.61640625 0.025 0.0125
0 0.9076388888888889 0.623828125 0.034722222222222224 0.01171875
0 0.9868055555555556 0.612890625 0.018055555555555554 0.01484375
0 0.9298611111111111 0.425390625 0.03194444444444444 0.02265625
0 0.3548611111111111 0.30390625 0.02361111111111111 0.0125
