0 0.31527777777777777 0.681640625 0.025 0.01953125
0 0.27708333333333335 0.62890625 0.0125 0.015625
0 0.1673611111111111 0.59609375 0.020833333333333332 0.0125
0 0.45694444444444443 0.53046875 0.027777777777777776 0.0140625
0 0.46597222222222223 0.555859375 0.020833333333333332 0.01015625
0 0.4388888888888889 0.5765625 0.013888888888888888 0.009375
0 0.5625 0.440234375 0.013888888888888888 0.01328125
0 0.5916666666666667 0.437890625 0.022222222222222223 0.01015625
0 0.5430555555555555 0.40078125 0.013888888888888888 0.00625
0 0.5923611111111111 0.376171875 0.020833333333333332 0.01328125
0 0.6541666666666667 0.38046875 0.030555555555555555 0.01875
0 0.5722222222222222 0.33359375 0.019444444444444445 0.0109375
0 0.5013888888888889 0.33671875 0.025 0.0140625
0 0.475 0.379296875 0.030555555555555555 0.01640625
0 0.3888888888888889 0.348828125 0.022222222222222223 0.01640625
0 0.3458333333333333 0.359765625 0.016666666666666666 0.00703125
0 0.3736111111111111 0.36484375 0.027777777777777776 0.0125
0 0.7229166666666667 0.36953125 0.034722222222222224 0.015625
0 0.8361111111111111 0.359375 0.019444444444444445 0.009375
0 0.8826388888888889 0.32578125 0.0125 0.0078125
0 0.8597222222222223 0.41328125 0.013888888888888888 0.0125
0 0.6763888888888889 0.5625 0.025 0.021875
0 0.7458333333333333 0.57890625 0.025 0.0125
0 0.8708333333333333 0.571484375 0.013888888888888888 0.00703125
0 0.7895833333333333 0.62890625 0.018055555555555554 0.0046875
0 0.8069444444444445 0.638671875 0.025 0.01328125
0 0.7625 0.6640625 0.022222222222222223 0.0109375
0 0.7840277777777778 0.66796875 0.015277777777777777 0.0046875
0 0.8222222222222222 0.657421875 0.011111111111111112 0.01015625
0 0.8895833333333333 0.70390625 0.020833333333333332 0.009375
0 0.9104166666666667 0.705859375 0.020833333333333332 0.01171875
0 0.9506944444444444 0.701953125 0.0125 0.01015625
0 0.9416666666666667 0.726171875 0.011111111111111112 0.01015625
0 0.9840277777777777 0.694140625 0.0125 0.00859375
0 0.8694444444444445 0.709765625 0.013888888888888888 0.01796875
0 0.9909722222222223 0.630859375 0.015277777777777777 0.01171875
0 0.7666666666666667 0.259375 0.027777777777777776 0.0171875
0 0.7923611111111111 0.2578125 0.02361111111111111 0.0078125
0 0.7861111111111111 0.234765625 0.03888888888888889 0.03671875
0 0.7416666666666667 0.242578125 0.027777777777777776 0.01640625
0 0.6993055555555555 0.270703125 0.009722222222222222 0.01015625
0 0.7576388888888889 0.205078125 0.02638888888888889 0.01640625
0 0.6819444444444445 0.229296875 0.025 0.01328125
0 0.64375 0.219921875 0.018055555555555554 0.01171875
0 0.6506944444444445 0.234375 0.015277777777777777 0.0125
0 0.6347222222222222 0.1671875 0.025 0.0109375
0 0.6659722222222222 0.191796875 0.020833333333333332 0.01953125
0 0.5798611111111112 0.224609375 0.0125 0.00859375
0 0.5680555555555555 0.23984375 0.025 0.015625
0 0.5958333333333333 0.241796875 0.022222222222222223 0.01640625
0 0.8361111111111111 0.232421875 0.008333333333333333 0.01171875
0 0.6951388888888889 0.184375 0.015277777777777777 0.0125
0 0.35625 0.341015625 0.02638888888888889 0.01484375
0 0.5159722222222223 0.424609375 0.02638888888888889 0.01640625
0 0.8430555555555556 0.31953125 0.030555555555555555 0.0140625
0 0.6513888888888889 0.25078125 0.019444444444444445 0.015625
0 0.45555555555555555 0.49921875 0.044444444444444446 0.0265625
0 0.013888888888888888 0.653515625 0.027777777777777776 0.01484375
0 0.020833333333333332 0.679296875 0.03611111111111111 0.02265625
0 0.09861111111111111 0.66875 0.025 0.015625
0 0.18333333333333332 0.64140625 0.025 0.0109375
0 0.23125 0.58046875 0.0125 0.0140625
0 0.2590277777777778 0.68671875 0.020833333333333332 0.009375
0 0.33125 0.651953125 0.029166666666666667 0.02109375
0 0.4326388888888889 0.594140625 0.02361111111111111 0.01953125
0 0.4895833333333333 0.612890625 0.03194444444444444 0.01484375
0 0.5548611111111111 0.60703125 0.02361111111111111 0.0171875
0 0.5118055555555555 0.6234375 0.034722222222222224 0.01875
0 0.5694444444444444 0.541796875 0.019444444444444445 0.02109375
0 0.7736111111111111 0.548046875 0.041666666666666664 0.01796875
0 0.8152777777777778 0.710546875 0.027777777777777776 0.01328125
0 0.8284722222222223 0.724609375 0.03194444444444444 0.01640625
0 0.9805555555555555 0.746484375 0.03611111111111111 0.01328125
0 0.9 0.678125 0.019444444444444445 0.0125
