0 0.59375 0.458203125 0.034722222222222224 0.02265625
0 0.6548611111111111 0.48828125 0.04861111111111111 0.028125
0 0.5930555555555556 0.491796875 0.03888888888888889 0.01796875
0 0.5548611111111111 0.519921875 0.034722222222222224 0.02734375
0 0.5298611111111111 0.577734375 0.04861111111111111 0.01796875
0 0.6145833333333334 0.596875 0.04861111111111111 0.025
0 0.5048611111111111 0.60546875 0.015277777777777777 0.009375
0 0.42777777777777776 0.6140625 0.019444444444444445 0.01875
0 0.5006944444444444 0.630859375 0.02361111111111111 0.01796875
0 0.9465277777777777 0.62890625 0.0375 0.01875
0 0.9097222222222222 0.6578125 0.04722222222222222 0.0234375
0 0.8729166666666667 0.687890625 0.029166666666666667 0.01796875
0 0.7340277777777777 0.6515625 0.043055555555555555 0.01875
0 0.5479166666666667 0.6265625 0.02638888888888889 0.0140625
0 0.6333333333333333 0.63984375 0.04722222222222222 0.028125
0 0.65625 0.5609375 0.02361111111111111 0.0171875
