0 0.15 0.01171875 0.04722222222222222 0.021875
0 0.15763888888888888 0.028515625 0.03194444444444444 0.01328125
0 0.08819444444444445 0.137890625 0.034722222222222224 0.02578125
0 0.2465277777777778 0.140234375 0.04583333333333333 0.02734375
0 0.21944444444444444 0.096484375 0.03611111111111111 0.01953125
0 0.2923611111111111 0.1390625 0.043055555555555555 0.0296875
0 0.23194444444444445 0.16953125 0.030555555555555555 0.01875
0 0.13125 0.20859375 0.043055555555555555 0.0296875
0 0.29791666666666666 0.175390625 0.04027777777777778 0.01953125
0 0.013888888888888888 0.275390625 0.025 0.02890625
0 0.041666666666666664 0.29921875 0.041666666666666664 0.021875
0 0.029861111111111113 0.314453125 0.04861111111111111 0.02109375
0 0.06944444444444445 0.308984375 0.03333333333333333 0.01015625
0 0.14930555555555555 0.273828125 0.04861111111111111 0.02265625
0 0.2388888888888889 0.266796875 0.04722222222222222 0.02109375
0 0.33819444444444446 0.2546875 0.04583333333333333 0.028125
0 0.3611111111111111 0.319140625 0.03888888888888889 0.01953125
0 0.32430555555555557 0.33046875 0.04027777777777778 0.015625
0 0.9423611111111111 0.0140625 0.07083333333333333 0.025
0 0.9118055555555555 0.1078125 0.0375 0.021875
0 0.9180555555555555 0.13984375 0.05555555555555555 0.0328125
0 0.99375 0.143359375 0.009722222222222222 0.03046875
0 0.7368055555555556 0.235546875 0.05416666666666667 0.03046875
0 0.7590277777777777 0.220703125 0.02638888888888889 0.02421875
0 0.7611111111111111 0.270703125 0.05 0.02421875
0 0.9277777777777778 0.241796875 0.06111111111111111 0.03671875
0 0.9611111111111111 0.233984375 0.022222222222222223 0.01171875
0 0.8909722222222223 0.297265625 0.06527777777777778 0.03984375
0 0.9541666666666667 0.316796875 0.08055555555555556 0.03359375
0 0.475 0.382421875 0.04722222222222222 0.02734375
0 0.12430555555555556 0.416796875 0.02361111111111111 0.01484375
0 0.035416666666666666 0.427734375 0.05138888888888889 0.02265625
0 0.3020833333333333 0.437890625 0.02361111111111111 0.01484375
0 0.38680555555555557 0.452734375 0.02638888888888889 0.01484375
0 0.65 0.3734375 0.06388888888888888 0.034375
0 0.73125 0.384375 0.05416666666666667 0.0234375
0 0.9416666666666667 0.355078125 0.058333333333333334 0.03359375
0 0.8145833333333333 0.40234375 0.02361111111111111 0.0140625
0 0.7819444444444444 0.4375 0.06388888888888888 0.034375
0 0.8479166666666667 0.44375 0.06805555555555555 0.0359375
0 0.28125 0.516796875 0.029166666666666667 0.01640625
0 0.27361111111111114 0.54765625 0.025 0.0109375
0 0.16041666666666668 0.59140625 0.0375 0.028125
0 0.11458333333333333 0.57109375 0.0375 0.0125
0 0.04097222222222222 0.584765625 0.05694444444444444 0.03515625
0 0.08888888888888889 0.6046875 0.030555555555555555 0.0171875
0 0.09097222222222222 0.618359375 0.029166666666666667 0.01328125
0 0.2298611111111111 0.621875 0.02361111111111111 0.01875
0 0.10347222222222222 0.684765625 0.05138888888888889 0.03515625
0 0.33194444444444443 0.69296875 0.05277777777777778 0.01875
0 0.39375 0.728515625 0.05138888888888889 0.03046875
0 0.6055555555555555 0.597265625 0.03611111111111111 0.01328125
0 0.6451388888888889 0.59375 0.020833333333333332 0.015625
0 0.7673611111111112 0.6453125 0.05416666666666667 0.0296875
