0 0.7444444444444445 0.745703125 0.05 0.04140625
0 0.68125 0.60546875 0.059722222222222225 0.034375
0 0.18333333333333332 0.476953125 0.03888888888888889 0.02109375
0 0.21666666666666667 0.588671875 0.03333333333333333 0.01484375
0 0.11319444444444444 0.742578125 0.059722222222222225 0.03046875
0 0.7381944444444445 0.175390625 0.05416666666666667 0.03359375
0 0.76875 0.1859375 0.05416666666666667 0.0328125
0 0.5652777777777778 0.173046875 0.05555555555555555 0.03359375
0 0.5423611111111111 0.18359375 0.04027777777777778 0.01875
0 0.6902777777777778 0.29375 0.05555555555555555 0.040625
0 0.5597222222222222 0.291796875 0.05555555555555555 0.02265625
0 0.5159722222222223 0.244140625 0.05138888888888889 0.02734375
0 0.5340277777777778 0.3875 0.0625 0.0265625
0 0.5201388888888889 0.414453125 0.04583333333333333 0.02890625
0 0.8527777777777777 0.555859375 0.044444444444444446 0.02421875
0 0.8347222222222223 0.5015625 0.05277777777777778 0.021875
0 0.8847222222222222 0.49765625 0.044444444444444446 0.01875
0 0.8041666666666667 0.403515625 0.05 0.01796875
0 0.6541666666666667 0.36796875 0.03611111111111111 0.0125
0 0.5840277777777778 0.78359375 0.043055555555555555 0.025
0 0.5729166666666666 0.240625 0.02638888888888889 0.01875
0 0.9256944444444445 0.557421875 0.02638888888888889 0.01640625
0 0.19444444444444445 0.508984375 0.03333333333333333 0.01640625
0 0.17291666666666666 0.78828125 0.05138888888888889 0.03125
0 0.5986111111111111 0.246875 0.025 0.025
0 0.09444444444444444 0.2765625 0.05 0.028125
0 0.12430555555555556 0.29140625 0.02361111111111111 0.0234375
0 0.6229166666666667 0.327734375 0.04583333333333333 0.01953125
0 0.42291666666666666 0.4203125 0.04027777777777778 0.0234375
0 0.41458333333333336 0.696875 0.08194444444444444 0.015625
0 0.3236111111111111 0.63984375 0.025 0.021875
0 0.5236111111111111 0.689453125 0.041666666666666664 0.02734375
0 0.5152777777777777 0.804296875 0.03888888888888889 0.01484375
0 0.7951388888888888 0.789453125 0.06527777777777778 0.02578125
0 0.8520833333333333 0.692578125 0.059722222222222225 0.05234375
0 0.7229166666666667 0.70703125 0.0375 0.0203125
0 0.6902777777777778 0.432421875 0.044444444444444446 0.02265625
0 0.7826388888888889 0.434765625 0.04583333333333333 0.01484375
0 0.725 0.48984375 0.05 0.03125
0 0.9708333333333333 0.545703125 0.03888888888888889 0.02890625
