0 0.2611111111111111 0.66484375 0.06111111111111111 0.0375
0 0.8798611111111111 0.690234375 0.034722222222222224 0.02265625
0 0.8909722222222223 0.6359375 0.043055555555555555 0.01875
0 0.6888888888888889 0.630859375 0.041666666666666664 0.02734375
0 0.6798611111111111 0.59765625 0.04583333333333333 0.0296875
0 0.3020833333333333 0.663671875 0.02361111111111111 0.02109375
0 0.4798611111111111 0.551953125 0.029166666666666667 0.00859375
0 0.4361111111111111 0.5390625 0.03333333333333333 0.015625
0 0.44513888888888886 0.51875 0.034722222222222224 0.01875
0 0.4826388888888889 0.513671875 0.0375 0.01953125
0 0.11805555555555555 0.57109375 0.03888888888888889 0.0234375
0 0.09444444444444444 0.55390625 0.019444444444444445 0.0140625
0 0.9 0.505859375 0.041666666666666664 0.01796875
0 0.8847222222222222 0.483984375 0.027777777777777776 0.01328125
0 0.9215277777777777 0.43671875 0.034722222222222224 0.0171875
0 0.7527777777777778 0.50625 0.030555555555555555 0.0140625
0 0.24027777777777778 0.399609375 0.041666666666666664 0.02265625
0 0.20416666666666666 0.409375 0.030555555555555555 0.0171875
0 0.25069444444444444 0.42109375 0.04583333333333333 0.021875
0 0.25763888888888886 0.43515625 0.020833333333333332 0.009375
0 0.20972222222222223 0.441796875 0.011111111111111112 0.02109375
0 0.40902777777777777 0.416796875 0.04027777777777778 0.02265625
0 0.4666666666666667 0.3921875 0.03611111111111111 0.0203125
0 0.49027777777777776 0.370703125 0.03611111111111111 0.01953125
0 0.4965277777777778 0.383984375 0.02638888888888889 0.01015625
0 0.12916666666666668 0.346875 0.027777777777777776 0.015625
0 0.21388888888888888 0.333203125 0.027777777777777776 0.01328125
0 0.2972222222222222 0.348046875 0.05555555555555555 0.04140625
0 0.38819444444444445 0.333984375 0.015277777777777777 0.00859375
0 0.19652777777777777 0.266015625 0.04861111111111111 0.02734375
0 0.2638888888888889 0.283984375 0.05555555555555555 0.02109375
0 0.375 0.27421875 0.022222222222222223 0.0203125
0 0.34791666666666665 0.246484375 0.0375 0.02109375
0 0.3215277777777778 0.2421875 0.03194444444444444 0.0140625
0 0.3145833333333333 0.215234375 0.04861111111111111 0.02734375
0 0.20972222222222223 0.181640625 0.05555555555555555 0.02890625
0 0.25 0.1875 0.044444444444444446 0.03125
0 0.38055555555555554 0.176953125 0.05 0.02734375
0 0.3375 0.18046875 0.03888888888888889 0.025
0 0.18472222222222223 0.1328125 0.044444444444444446 0.021875
0 0.26944444444444443 0.090625 0.04722222222222222 0.0265625
0 0.3076388888888889 0.094140625 0.029166666666666667 0.02578125
0 0.3326388888888889 0.09765625 0.020833333333333332 0.025
0 0.38680555555555557 0.13984375 0.020833333333333332 0.01875
0 0.44930555555555557 0.21484375 0.009722222222222222 0.01875
0 0.48125 0.19453125 0.018055555555555554 0.0125
0 0.42291666666666666 0.176953125 0.029166666666666667 0.01328125
0 0.40902777777777777 0.370703125 0.03194444444444444 0.01171875
0 0.03125 0.41171875 0.05416666666666667 0.025
0 0.22152777777777777 0.49921875 0.029166666666666667 0.0140625
0 0.6659722222222222 0.64375 0.029166666666666667 0.0171875
0 0.9527777777777777 0.32890625 0.025 0.0140625
0 0.9840277777777777 0.332421875 0.02638888888888889 0.01328125
0 0.9680555555555556 0.3984375 0.025 0.0125
0 0.8708333333333333 0.406640625 0.027777777777777776 0.01171875
0 0.8381944444444445 0.425 0.03194444444444444 0.015625
0 0.8361111111111111 0.565234375 0.03611111111111111 0.01328125
0 0.8194444444444444 0.605859375 0.025 0.01328125
0 0.8583333333333333 0.624609375 0.027777777777777776 0.02109375
