0 0.83125 0.1265625 0.07916666666666666 0.0453125
0 0.9131944444444444 0.11328125 0.0625 0.0390625
0 0.9465277777777777 0.05625 0.06527777777777778 0.0390625
0 0.7854166666666667 0.0203125 0.04861111111111111 0.0328125
0 0.6770833333333334 0.00859375 0.05694444444444444 0.015625
0 0.7125 0.071484375 0.075 0.04765625
0 0.7631944444444444 0.093359375 0.04861111111111111 0.03984375
0 0.6694444444444444 0.1015625 0.05555555555555555 0.0421875
0 0.6958333333333333 0.1390625 0.03888888888888889 0.0328125
0 0.7923611111111111 0.1625 0.0875 0.0484375
0 0.46875 0.037890625 0.0375 0.02734375
0 0.45208333333333334 0.058984375 0.04027777777777778 0.02109375
0 0.4798611111111111 0.09453125 0.04861111111111111 0.028125
0 0.5298611111111111 0.106640625 0.05416666666666667 0.02890625
0 0.5743055555555555 0.114453125 0.04583333333333333 0.02421875
0 0.6034722222222222 0.10859375 0.034722222222222224 0.0234375
0 0.6958333333333333 0.208984375 0.05 0.03203125
0 0.6048611111111111 0.205078125 0.05416666666666667 0.03046875
0 0.5333333333333333 0.132421875 0.05277777777777778 0.02890625
0 0.5618055555555556 0.14609375 0.04027777777777778 0.021875
0 0.5243055555555556 0.16328125 0.07361111111111111 0.0328125
0 0.8590277777777777 0.267578125 0.05138888888888889 0.02109375
0 0.25 0.084375 0.05277777777777778 0.0296875
0 0.19236111111111112 0.046484375 0.059722222222222225 0.02734375
0 0.05416666666666667 0.051953125 0.044444444444444446 0.03046875
0 0.024305555555555556 0.067578125 0.04583333333333333 0.02578125
0 0.10902777777777778 0.084765625 0.04027777777777778 0.02109375
0 0.20347222222222222 0.1125 0.043055555555555555 0.0265625
0 0.03888888888888889 0.081640625 0.041666666666666664 0.02109375
0 0.06319444444444444 0.103515625 0.03194444444444444 0.01796875
0 0.013194444444444444 0.119921875 0.02361111111111111 0.01796875
0 0.05416666666666667 0.13125 0.027777777777777776 0.0203125
0 0.04513888888888889 0.14921875 0.020833333333333332 0.015625
0 0.07708333333333334 0.150390625 0.043055555555555555 0.02265625
0 0.1375 0.093359375 0.03611111111111111 0.01953125
0 0.2111111111111111 0.141796875 0.044444444444444446 0.03515625
0 0.24930555555555556 0.12421875 0.02361111111111111 0.0125
0 0.41041666666666665 0.0921875 0.0375 0.0171875
0 0.3923611111111111 0.034375 0.04861111111111111 0.0265625
0 0.43125 0.0390625 0.04027777777777778 0.0234375
0 0.5222222222222223 0.218359375 0.05555555555555555 0.03671875
0 0.4486111111111111 0.173828125 0.05277777777777778 0.02421875
0 0.31180555555555556 0.144921875 0.043055555555555555 0.04140625
0 0.1638888888888889 0.1734375 0.030555555555555555 0.0140625
0 0.15694444444444444 0.155078125 0.03333333333333333 0.01796875
0 0.06805555555555555 0.18828125 0.027777777777777776 0.021875
0 0.10347222222222222 0.1671875 0.029166666666666667 0.0140625
0 0.14652777777777778 0.22265625 0.059722222222222225 0.0296875
0 0.06041666666666667 0.205078125 0.02361111111111111 0.01640625
0 0.05 0.2171875 0.03888888888888889 0.021875
0 0.4263888888888889 0.235546875 0.06388888888888888 0.03828125
0 0.37222222222222223 0.25078125 0.058333333333333334 0.0375
0 0.5118055555555555 0.358984375 0.04027777777777778 0.02421875
0 0.2701388888888889 0.2921875 0.04861111111111111 0.0296875
0 0.30277777777777776 0.2625 0.027777777777777776 0.0234375
0 0.35833333333333334 0.26953125 0.04722222222222222 0.0234375
0 0.22361111111111112 0.2859375 0.03333333333333333 0.028125
0 0.26319444444444445 0.32421875 0.05138888888888889 0.025
0 0.08125 0.3359375 0.034722222222222224 0.01875
0 0.18333333333333332 0.325390625 0.03888888888888889 0.01796875
0 0.20347222222222222 0.3125 0.05694444444444444 0.015625
0 0.10555555555555556 0.259765625 0.03611111111111111 0.02265625
0 0.16041666666666668 0.24921875 0.04583333333333333 0.01875
0 0.6395833333333333 0.28359375 0.05694444444444444 0.0265625
0 0.7541666666666667 0.31484375 0.05277777777777778 0.021875
0 0.14444444444444443 0.353515625 0.03611111111111111 0.01484375
0 0.16041666666666668 0.36796875 0.02361111111111111 0.015625
0 0.22916666666666666 0.41328125 0.03888888888888889 0.021875
0 0.33819444444444446 0.4453125 0.03194444444444444 0.015625
0 0.6180555555555556 0.498828125 0.041666666666666664 0.02265625
0 0.7222222222222222 0.471484375 0.06388888888888888 0.02890625
0 0.7055555555555556 0.43359375 0.030555555555555555 0.0171875
0 0.05 0.46796875 0.03611111111111111 0.0234375
0 0.034027777777777775 0.49296875 0.0375 0.0203125
0 0.008333333333333333 0.498046875 0.013888888888888888 0.02109375
0 0.33055555555555555 0.478125 0.03888888888888889 0.0171875
0 0.35347222222222224 0.50703125 0.043055555555555555 0.0234375
0 0.4895833333333333 0.540234375 0.05138888888888889 0.02578125
0 0.8208333333333333 0.626171875 0.058333333333333334 0.03203125
0 0.9604166666666667 0.6078125 0.0625 0.028125
0 0.5743055555555555 0.5515625 0.03194444444444444 0.01875
0 0.46041666666666664 0.669140625 0.04861111111111111 0.02421875
0 0.40625 0.71796875 0.059722222222222225 0.03125
0 0.1361111111111111 0.71171875 0.030555555555555555 0.021875
0 0.14583333333333334 0.300390625 0.03611111111111111 0.02578125
