0 0.7 0.55625 0.06111111111111111 0.0375
0 0.8423611111111111 0.4984375 0.07083333333333333 0.0390625
0 0.6993055555555555 0.51875 0.0375 0.034375
0 0.8902777777777777 0.3015625 0.04722222222222222 0.0265625
0 0.8423611111111111 0.123046875 0.04583333333333333 0.02109375
0 0.9027777777777778 0.08046875 0.04722222222222222 0.0265625
0 0.7416666666666667 0.014453125 0.041666666666666664 0.02421875
0 0.9805555555555555 0.138671875 0.03333333333333333 0.02109375
0 0.7506944444444444 0.167578125 0.04583333333333333 0.02421875
0 0.7659722222222223 0.5453125 0.04583333333333333 0.025
0 0.9638888888888889 0.546875 0.04722222222222222 0.0265625
0 0.41875 0.4703125 0.0375 0.01875
0 0.225 0.542578125 0.03888888888888889 0.02109375
0 0.42916666666666664 0.42578125 0.03333333333333333 0.01875
0 0.39444444444444443 0.351171875 0.03611111111111111 0.01640625
0 0.3819444444444444 0.363671875 0.030555555555555555 0.01328125
0 0.6027777777777777 0.271484375 0.03611111111111111 0.02109375
0 0.6409722222222223 0.284375 0.03194444444444444 0.015625
0 0.6888888888888889 0.211328125 0.03888888888888889 0.02109375
0 0.6236111111111111 0.244140625 0.044444444444444446 0.02109375
0 0.6354166666666666 0.537890625 0.0375 0.02265625
0 0.6465277777777778 0.5578125 0.04583333333333333 0.021875
0 0.46805555555555556 0.5375 0.03333333333333333 0.0171875
0 0.46597222222222223 0.5515625 0.03194444444444444 0.0140625
0 0.44722222222222224 0.564453125 0.027777777777777776 0.01640625
0 0.7840277777777778 0.141796875 0.04583333333333333 0.02109375
0 0.7916666666666666 0.081640625 0.030555555555555555 0.02421875
0 0.7555555555555555 0.08046875 0.044444444444444446 0.021875
0 0.2826388888888889 0.40390625 0.02638888888888889 0.015625
0 0.20347222222222222 0.45703125 0.02638888888888889 0.01875
0 0.20833333333333334 0.51796875 0.027777777777777776 0.0140625
0 0.1125 0.379296875 0.03333333333333333 0.01484375
0 0.8458333333333333 0.065625 0.030555555555555555 0.015625
0 0.5333333333333333 0.298828125 0.03888888888888889 0.01640625
0 0.51875 0.286328125 0.03194444444444444 0.01171875
0 0.7069444444444445 0.166796875 0.022222222222222223 0.01484375
0 0.6409722222222223 0.194140625 0.04861111111111111 0.01796875
0 0.9888888888888889 0.1984375 0.019444444444444445 0.0125
0 0.9777777777777777 0.237109375 0.019444444444444445 0.01328125
0 0.9743055555555555 0.21484375 0.020833333333333332 0.0125
0 0.6354166666666666 0.334765625 0.0375 0.02109375
0 0.6222222222222222 0.351171875 0.025 0.01328125
0 0.33402777777777776 0.431640625 0.029166666666666667 0.01640625
0 0.2798611111111111 0.462109375 0.02638888888888889 0.01640625
0 0.10625 0.48203125 0.02638888888888889 0.0140625
0 0.007638888888888889 0.4765625 0.0125 0.0125
0 0.11319444444444444 0.572265625 0.02638888888888889 0.01640625
0 0.14166666666666666 0.572265625 0.030555555555555555 0.01640625
0 0.14652777777777778 0.51640625 0.029166666666666667 0.0171875
0 0.12291666666666666 0.500390625 0.02361111111111111 0.01640625
0 0.14930555555555555 0.528515625 0.020833333333333332 0.00703125
0 0.43819444444444444 0.583984375 0.03194444444444444 0.01796875
0 0.4666666666666667 0.575 0.030555555555555555 0.0125
0 0.49722222222222223 0.546484375 0.030555555555555555 0.01484375
0 0.5236111111111111 0.517578125 0.027777777777777776 0.01640625
0 0.5118055555555555 0.532421875 0.029166666666666667 0.01328125
0 0.6118055555555556 0.5421875 0.02638888888888889 0.0203125
0 0.9722222222222222 0.584765625 0.044444444444444446 0.02109375
0 0.9798611111111111 0.612109375 0.0375 0.02578125
0 0.7770833333333333 0.512109375 0.029166666666666667 0.01796875
0 0.6965277777777777 0.4703125 0.059722222222222225 0.03125
0 0.8277777777777777 0.436328125 0.03333333333333333 0.01796875
0 0.8548611111111111 0.456640625 0.02361111111111111 0.01484375
0 0.7611111111111111 0.467578125 0.025 0.01640625
0 0.4930555555555556 0.448828125 0.025 0.01328125
0 0.5458333333333333 0.4484375 0.03611111111111111 0.0265625
0 0.49930555555555556 0.399609375 0.029166666666666667 0.02109375
0 0.325 0.51796875 0.044444444444444446 0.0203125
0 0.10138888888888889 0.3640625 0.030555555555555555 0.0171875
0 0.009027777777777777 0.288671875 0.015277777777777777 0.01015625
0 0.009027777777777777 0.326171875 0.015277777777777777 0.01171875
0 0.71875 0.3171875 0.029166666666666667 0.015625
0 0.69375 0.310546875 0.029166666666666667 0.01796875
0 0.7597222222222222 0.212109375 0.027777777777777776 0.01640625
0 0.7326388888888888 0.2421875 0.02638888888888889 0.0140625
0 0.8604166666666667 0.305859375 0.020833333333333332 0.02265625
0 0.8340277777777778 0.389453125 0.03194444444444444 0.01796875
0 0.9354166666666667 0.380859375 0.029166666666666667 0.01328125
0 0.6520833333333333 0.5171875 0.029166666666666667 0.021875
0 0.9 0.4734375 0.03611111111111111 0.01875
0 0.3375 0.471875 0.025 0.015625
0 0.5604166666666667 0.393359375 0.029166666666666667 0.01328125
0 0.5270833333333333 0.36015625 0.02361111111111111 0.0125
0 0.5076388888888889 0.309375 0.02361111111111111 0.009375
0 0.2847222222222222 0.375 0.03611111111111111 0.0140625
0 0.6444444444444445 0.223046875 0.03888888888888889 0.02265625
0 0.15902777777777777 0.32734375 0.02361111111111111 0.0140625
0 0.013194444444444444 0.553125 0.018055555555555554 0.0078125
