0 0.4847222222222222 0.186328125 0.03888888888888889 0.02265625
0 0.3972222222222222 0.229296875 0.03888888888888889 0.02421875
0 0.49930555555555556 0.241015625 0.05138888888888889 0.02734375
0 0.4354166666666667 0.292578125 0.034722222222222224 0.02265625
0 0.48055555555555557 0.310546875 0.03611111111111111 0.02421875
0 0.5076388888888889 0.3078125 0.04027777777777778 0.025
0 0.5590277777777778 0.282421875 0.03194444444444444 0.01640625
0 0.49375 0.351953125 0.04583333333333333 0.02578125
0 0.5618055555555556 0.317578125 0.04027777777777778 0.02265625
0 0.5993055555555555 0.3125 0.0375 0.0203125
0 0.5840277777777778 0.347265625 0.04861111111111111 0.02421875
0 0.6430555555555556 0.361328125 0.03888888888888889 0.01953125
0 0.6909722222222222 0.381640625 0.04583333333333333 0.02421875
0 0.8118055555555556 0.39375 0.043055555555555555 0.021875
0 0.6194444444444445 0.398046875 0.03611111111111111 0.02421875
0 0.6604166666666667 0.413671875 0.0375 0.02109375
0 0.71875 0.42578125 0.029166666666666667 0.021875
0 0.6270833333333333 0.41484375 0.02638888888888889 0.01875
0 0.44027777777777777 0.416796875 0.03611111111111111 0.02109375
0 0.4326388888888889 0.44140625 0.0375 0.0234375
0 0.44513888888888886 0.48515625 0.043055555555555555 0.025
0 0.6506944444444445 0.46796875 0.029166666666666667 0.0171875
0 0.6041666666666666 0.514453125 0.030555555555555555 0.02421875
0 0.6375 0.519140625 0.03611111111111111 0.02109375
0 0.6569444444444444 0.508984375 0.025 0.01484375
0 0.6798611111111111 0.528125 0.029166666666666667 0.0125
0 0.5993055555555555 0.536328125 0.03194444444444444 0.02109375
0 0.5736111111111111 0.551953125 0.04722222222222222 0.02578125
0 0.68125 0.5765625 0.04027777777777778 0.015625
0 0.6944444444444444 0.55859375 0.025 0.015625
0 0.7805555555555556 0.6296875 0.05277777777777778 0.0296875
0 0.9548611111111112 0.665625 0.04027777777777778 0.028125
0 0.9881944444444445 0.65625 0.020833333333333332 0.021875
0 0.9222222222222223 0.67265625 0.03888888888888889 0.0203125
0 0.8354166666666667 0.687890625 0.0375 0.03203125
0 0.40902777777777777 0.601171875 0.05416666666666667 0.02578125
0 0.34791666666666665 0.619140625 0.04583333333333333 0.02734375
0 0.28888888888888886 0.6140625 0.04722222222222222 0.025
0 0.26875 0.637109375 0.04583333333333333 0.02265625
0 0.25625 0.64921875 0.04027777777777778 0.025
0 0.4305555555555556 0.6546875 0.041666666666666664 0.0234375
0 0.39166666666666666 0.662890625 0.03888888888888889 0.02109375
0 0.3840277777777778 0.641796875 0.029166666666666667 0.01171875
0 0.3819444444444444 0.69609375 0.044444444444444446 0.0234375
0 0.3819444444444444 0.712109375 0.03333333333333333 0.01171875
0 0.27361111111111114 0.752734375 0.041666666666666664 0.02578125
0 0.3076388888888889 0.71875 0.020833333333333332 0.0078125
0 0.3423611111111111 0.789453125 0.02638888888888889 0.02109375
0 0.3923611111111111 0.8046875 0.05138888888888889 0.0265625
0 0.5340277777777778 0.7953125 0.04027777777777778 0.028125
0 0.4847222222222222 0.797265625 0.022222222222222223 0.01171875
0 0.8097222222222222 0.789453125 0.05277777777777778 0.02421875
0 0.6604166666666667 0.764453125 0.02638888888888889 0.02109375
0 0.6888888888888889 0.761328125 0.03333333333333333 0.01796875
0 0.2951388888888889 0.886328125 0.034722222222222224 0.01953125
0 0.33611111111111114 0.88046875 0.03333333333333333 0.021875
0 0.3645833333333333 0.862890625 0.02638888888888889 0.02578125
0 0.42291666666666666 0.852734375 0.04027777777777778 0.02109375
0 0.7916666666666666 0.83828125 0.05555555555555555 0.03125
0 0.8097222222222222 0.81171875 0.05 0.0203125
0 0.8791666666666667 0.874609375 0.05 0.03359375
0 0.8256944444444444 0.8671875 0.04027777777777778 0.0171875
0 0.9347222222222222 0.89921875 0.03888888888888889 0.0265625
0 0.9048611111111111 0.88359375 0.03194444444444444 0.03125
0 0.175 0.91953125 0.041666666666666664 0.021875
0 0.3541666666666667 0.644140625 0.03333333333333333 0.01953125
0 0.25972222222222224 0.795703125 0.027777777777777776 0.01640625
0 0.7666666666666667 0.727734375 0.03611111111111111 0.01640625
0 0.9881944444444445 0.701953125 0.018055555555555554 0.02421875
0 0.7590277777777777 0.710546875 0.020833333333333332 0.01171875
0 0.5229166666666667 0.6125 0.03194444444444444 0.025
0 0.4486111111111111 0.50859375 0.03333333333333333 0.0203125
0 0.8680555555555556 0.961328125 0.022222222222222223 0.02734375
