0 0.5979166666666667 0.516015625 0.0375 0.03671875
0 0.6618055555555555 0.514453125 0.043055555555555555 0.01953125
0 0.6972222222222222 0.52890625 0.05555555555555555 0.03125
0 0.7416666666666667 0.53984375 0.044444444444444446 0.0265625
0 0.6986111111111111 0.574609375 0.05277777777777778 0.02109375
0 0.7055555555555556 0.673828125 0.030555555555555555 0.02265625
0 0.8090277777777778 0.687109375 0.04583333333333333 0.02265625
0 0.6159722222222223 0.675 0.0375 0.0234375
0 0.5833333333333334 0.658203125 0.03333333333333333 0.02421875
0 0.4826388888888889 0.7296875 0.04861111111111111 0.028125
0 0.7027777777777777 0.69609375 0.027777777777777776 0.0265625
0 0.7645833333333333 0.7953125 0.04861111111111111 0.021875
0 0.13402777777777777 0.659765625 0.04027777777777778 0.02734375
0 0.27361111111111114 0.64765625 0.027777777777777776 0.0109375
0 0.12222222222222222 0.68828125 0.041666666666666664 0.025
0 0.15763888888888888 0.721484375 0.04583333333333333 0.02890625
0 0.8583333333333333 0.8671875 0.058333333333333334 0.034375
0 0.89375 0.748046875 0.03194444444444444 0.01640625
0 0.3854166666666667 0.64296875 0.02638888888888889 0.0171875
0 0.55 0.6625 0.03611111111111111 0.025
0 0.08680555555555555 0.444140625 0.043055555555555555 0.02421875
0 0.07222222222222222 0.491015625 0.05277777777777778 0.02890625
0 0.1388888888888889 0.465625 0.05277777777777778 0.0265625
0 0.16597222222222222 0.47734375 0.029166666666666667 0.025
0 0.19722222222222222 0.499609375 0.03611111111111111 0.01640625
0 0.23680555555555555 0.50234375 0.043055555555555555 0.0203125
0 0.07291666666666667 0.5125 0.0625 0.0203125
0 0.08055555555555556 0.53046875 0.041666666666666664 0.0203125
0 0.027083333333333334 0.75859375 0.05138888888888889 0.028125
0 0.11597222222222223 0.727734375 0.034722222222222224 0.01640625
0 0.6576388888888889 0.7203125 0.04861111111111111 0.021875
0 0.6145833333333334 0.73515625 0.043055555555555555 0.021875
0 0.9180555555555555 0.8578125 0.05555555555555555 0.0234375
