0 0.17152777777777778 0.623046875 0.05416666666666667 0.02578125
0 0.29375 0.660546875 0.05416666666666667 0.02109375
0 0.2638888888888889 0.7078125 0.06388888888888888 0.021875
0 0.5763888888888888 0.629296875 0.027777777777777776 0.01484375
0 0.6173611111111111 0.614453125 0.04027777777777778 0.01796875
0 0.6986111111111111 0.636328125 0.041666666666666664 0.01328125
0 0.6979166666666666 0.580859375 0.043055555555555555 0.01640625
0 0.7763888888888889 0.567578125 0.03888888888888889 0.02421875
0 0.7743055555555556 0.44453125 0.043055555555555555 0.0265625
0 0.7486111111111111 0.455078125 0.044444444444444446 0.02109375
0 0.8375 0.429296875 0.019444444444444445 0.01171875
0 0.8819444444444444 0.43125 0.019444444444444445 0.015625
0 0.8097222222222222 0.495703125 0.019444444444444445 0.01796875
0 0.8861111111111111 0.533203125 0.030555555555555555 0.02265625
0 0.9368055555555556 0.51640625 0.029166666666666667 0.015625
0 0.9173611111111111 0.553515625 0.04583333333333333 0.02109375
0 0.8131944444444444 0.5703125 0.02361111111111111 0.0125
0 0.7854166666666667 0.590625 0.04027777777777778 0.021875
0 0.7888888888888889 0.612109375 0.03333333333333333 0.01484375
0 0.875 0.61875 0.03888888888888889 0.0234375
0 0.9104166666666667 0.6078125 0.04861111111111111 0.0265625
0 0.9041666666666667 0.635546875 0.03611111111111111 0.02109375
0 0.22916666666666666 0.683203125 0.05 0.03203125
0 0.19722222222222222 0.669140625 0.016666666666666666 0.01171875
0 0.15486111111111112 0.676953125 0.043055555555555555 0.02578125
0 0.1 0.65625 0.044444444444444446 0.0296875
0 0.07152777777777777 0.659765625 0.034722222222222224 0.02890625
0 0.11041666666666666 0.5390625 0.05416666666666667 0.0265625
0 0.09027777777777778 0.55390625 0.041666666666666664 0.0234375
0 0.11527777777777778 0.515625 0.019444444444444445 0.0171875
0 0.08611111111111111 0.51328125 0.03888888888888889 0.0265625
0 0.09791666666666667 0.473828125 0.04027777777777778 0.02578125
0 0.9076388888888889 0.408203125 0.020833333333333332 0.01015625
0 0.9715277777777778 0.644140625 0.020833333333333332 0.01796875
0 0.5708333333333333 0.65 0.044444444444444446 0.0265625
0 0.04375 0.703515625 0.04027777777777778 0.02109375
0 0.02013888888888889 0.769140625 0.0375 0.02578125
0 0.029861111111111113 0.633203125 0.04027777777777778 0.02109375
0 0.02638888888888889 0.50859375 0.04722222222222222 0.0171875
0 0.004861111111111111 0.483203125 0.009722222222222222 0.01953125
0 0.03333333333333333 0.4234375 0.03611111111111111 0.025
0 0.034027777777777775 0.453125 0.029166666666666667 0.01875
