0 0.44305555555555554 0.018359375 0.05555555555555555 0.03203125
0 0.4048611111111111 0.0234375 0.05694444444444444 0.0390625
0 0.38819444444444445 0.051953125 0.04027777777777778 0.03046875
0 0.3888888888888889 0.1078125 0.058333333333333334 0.034375
0 0.4479166666666667 0.11171875 0.04861111111111111 0.0265625
0 0.5090277777777777 0.095703125 0.04027777777777778 0.02890625
0 0.5097222222222222 0.151171875 0.05555555555555555 0.02890625
0 0.44166666666666665 0.154296875 0.044444444444444446 0.03359375
0 0.49236111111111114 0.16796875 0.02638888888888889 0.0359375
0 0.43333333333333335 0.16953125 0.044444444444444446 0.025
0 0.38472222222222224 0.16953125 0.05555555555555555 0.025
0 0.3958333333333333 0.200390625 0.041666666666666664 0.02265625
0 0.6881944444444444 0.23125 0.059722222222222225 0.028125
0 0.7409722222222223 0.2453125 0.04583333333333333 0.0234375
0 0.3611111111111111 0.28359375 0.03611111111111111 0.0234375
0 0.25416666666666665 0.243359375 0.030555555555555555 0.01484375
0 0.4201388888888889 0.34375 0.043055555555555555 0.025
0 0.22361111111111112 0.40546875 0.027777777777777776 0.0125
0 0.03333333333333333 0.4140625 0.05277777777777778 0.0234375
0 0.049305555555555554 0.43515625 0.05694444444444444 0.03125
0 0.19236111111111112 0.478125 0.043055555555555555 0.0234375
0 0.3055555555555556 0.519921875 0.05555555555555555 0.03203125
0 0.5354166666666667 0.5046875 0.059722222222222225 0.0265625
0 0.49236111111111114 0.49609375 0.04583333333333333 0.015625
0 0.4548611111111111 0.535546875 0.043055555555555555 0.02421875
0 0.3423611111111111 0.555078125 0.04583333333333333 0.03203125
0 0.3625 0.57734375 0.05 0.025
0 0.31527777777777777 0.58828125 0.05555555555555555 0.0421875
0 0.22847222222222222 0.579296875 0.029166666666666667 0.01953125
0 0.6541666666666667 0.5390625 0.03888888888888889 0.01875
0 0.6930555555555555 0.573046875 0.030555555555555555 0.01640625
0 0.5673611111111111 0.414453125 0.0375 0.03203125
0 0.7 0.491015625 0.044444444444444446 0.01640625
0 0.08263888888888889 0.68359375 0.043055555555555555 0.021875
0 0.43472222222222223 0.652734375 0.03611111111111111 0.01796875
0 0.6729166666666667 0.74609375 0.05416666666666667 0.0359375
0 0.8402777777777778 0.804296875 0.05555555555555555 0.03359375
0 0.38055555555555554 0.003515625 0.030555555555555555 0.00703125
0 0.32430555555555557 0.24375 0.020833333333333332 0.028125
0 0.4125 0.280859375 0.04722222222222222 0.03984375
0 0.011111111111111112 0.45859375 0.016666666666666666 0.0109375
0 0.7145833333333333 0.45234375 0.034722222222222224 0.01875
0 0.9826388888888888 0.644921875 0.03194444444444444 0.02890625
