0 0.1361111111111111 0.193359375 0.05 0.02265625
0 0.17569444444444443 0.228125 0.04861111111111111 0.0234375
0 0.09236111111111112 0.26796875 0.07083333333333333 0.0328125
0 0.16666666666666666 0.3109375 0.05277777777777778 0.025
0 0.06805555555555555 0.308203125 0.06944444444444445 0.03203125
0 0.3770833333333333 0.405078125 0.05138888888888889 0.02578125
0 0.3173611111111111 0.38046875 0.03194444444444444 0.0140625
0 0.1527777777777778 0.4390625 0.05277777777777778 0.0265625
0 0.45069444444444445 0.525 0.04583333333333333 0.0296875
0 0.5423611111111111 0.549609375 0.04861111111111111 0.02890625
0 0.225 0.596484375 0.05 0.03359375
0 0.3368055555555556 0.439453125 0.0375 0.02578125
0 0.25 0.416796875 0.05277777777777778 0.02890625
0 0.050694444444444445 0.6796875 0.059722222222222225 0.0296875
0 0.02013888888888889 0.62734375 0.034722222222222224 0.0359375
0 0.12222222222222222 0.72578125 0.044444444444444446 0.0265625
0 0.25763888888888886 0.850390625 0.05138888888888889 0.03203125
0 0.2520833333333333 0.88671875 0.05416666666666667 0.0328125
0 0.4548611111111111 0.7421875 0.04861111111111111 0.03125
0 0.29930555555555555 0.746484375 0.05416666666666667 0.02421875
0 0.47638888888888886 0.794921875 0.03333333333333333 0.02890625
0 0.4479166666666667 0.782421875 0.0375 0.02578125
0 0.8263888888888888 0.90078125 0.041666666666666664 0.0203125
0 0.4131944444444444 0.501953125 0.05138888888888889 0.02265625
0 0.2 0.473828125 0.03333333333333333 0.01953125
0 0.9673611111111111 0.3578125 0.05416666666666667 0.0171875
0 0.9729166666666667 0.39140625 0.04583333333333333 0.0296875
0 0.9826388888888888 0.4734375 0.03194444444444444 0.028125
0 0.9347222222222222 0.532421875 0.03611111111111111 0.02734375
0 0.9104166666666667 0.583984375 0.04583333333333333 0.02265625
0 0.9479166666666666 0.687109375 0.04861111111111111 0.02421875
0 0.875 0.624609375 0.03333333333333333 0.01328125
0 0.9263888888888889 0.6171875 0.019444444444444445 0.01875
0 0.39652777777777776 0.578515625 0.0375 0.02265625
0 0.45625 0.585546875 0.034722222222222224 0.01796875
0 0.034722222222222224 0.44921875 0.027777777777777776 0.021875
0 0.08263888888888889 0.448828125 0.018055555555555554 0.01640625
0 0.08055555555555556 0.525 0.013888888888888888 0.015625
0 0.027083333333333334 0.51484375 0.02361111111111111 0.0125
0 0.009027777777777777 0.557421875 0.018055555555555554 0.01640625
0 0.27291666666666664 0.484765625 0.04027777777777778 0.03046875
0 0.31666666666666665 0.466796875 0.03333333333333333 0.01640625
0 0.39791666666666664 0.450390625 0.02361111111111111 0.02421875
0 0.01875 0.65078125 0.034722222222222224 0.0296875
0 0.035416666666666666 0.76953125 0.06527777777777778 0.0265625
0 0.5486111111111112 0.787109375 0.041666666666666664 0.02109375
0 0.53125 0.8109375 0.04861111111111111 0.025
0 0.6416666666666667 0.8453125 0.03611111111111111 0.021875
0 0.7694444444444445 0.7703125 0.05 0.025
0 0.6972222222222222 0.962890625 0.05277777777777778 0.03671875
0 0.6576388888888889 0.9546875 0.029166666666666667 0.0203125
0 0.6548611111111111 0.986328125 0.034722222222222224 0.02421875
0 0.8958333333333334 0.916015625 0.04722222222222222 0.02734375
0 0.9319444444444445 0.897265625 0.04722222222222222 0.02578125
0 0.9888888888888889 0.60390625 0.016666666666666666 0.025
0 0.9777777777777777 0.5171875 0.041666666666666664 0.015625
0 0.4826388888888889 0.556640625 0.04027777777777778 0.01953125
0 0.5715277777777777 0.679296875 0.043055555555555555 0.01953125
