0 0.9229166666666667 0.7765625 0.04861111111111111 0.025
0 0.14791666666666667 0.708203125 0.05694444444444444 0.03515625
0 0.17916666666666667 0.73515625 0.05277777777777778 0.0265625
0 0.2798611111111111 0.74140625 0.03194444444444444 0.0203125
0 0.24097222222222223 0.744921875 0.043055555555555555 0.02265625
0 0.2951388888888889 0.670703125 0.04861111111111111 0.02109375
0 0.20555555555555555 0.5765625 0.041666666666666664 0.025
0 0.24583333333333332 0.580078125 0.041666666666666664 0.01953125
0 0.5222222222222223 0.5578125 0.027777777777777776 0.0171875
0 0.5305555555555556 0.5328125 0.04722222222222222 0.028125
0 0.5875 0.537890625 0.03888888888888889 0.02109375
0 0.35347222222222224 0.473828125 0.043055555555555555 0.02421875
0 0.3854166666666667 0.452734375 0.04583333333333333 0.02734375
0 0.5027777777777778 0.4265625 0.041666666666666664 0.01875
0 0.5819444444444445 0.433203125 0.044444444444444446 0.02578125
0 0.19722222222222222 0.41875 0.027777777777777776 0.01875
0 0.6180555555555556 0.4109375 0.03333333333333333 0.025
0 0.5659722222222222 0.39765625 0.02638888888888889 0.015625
0 0.5402777777777777 0.362890625 0.041666666666666664 0.02109375
0 0.5729166666666666 0.3640625 0.029166666666666667 0.0171875
0 0.5541666666666667 0.3421875 0.03888888888888889 0.01875
0 0.3111111111111111 0.327734375 0.030555555555555555 0.00859375
0 0.34097222222222223 0.353515625 0.02361111111111111 0.01640625
0 0.39166666666666666 0.344140625 0.030555555555555555 0.01953125
0 0.4236111111111111 0.334765625 0.041666666666666664 0.03046875
0 0.6368055555555555 0.285546875 0.04027777777777778 0.02578125
0 0.42430555555555555 0.306640625 0.03194444444444444 0.00859375
0 0.3923611111111111 0.2828125 0.05138888888888889 0.03125
0 0.3875 0.25703125 0.044444444444444446 0.0203125
0 0.4270833333333333 0.26171875 0.0375 0.01875
0 0.4222222222222222 0.239453125 0.04722222222222222 0.02578125
0 0.5541666666666667 0.238671875 0.027777777777777776 0.02265625
0 0.46111111111111114 0.134765625 0.03888888888888889 0.02734375
0 0.6326388888888889 0.38828125 0.05416666666666667 0.025
0 0.6215277777777778 0.57109375 0.03194444444444444 0.01875
0 0.6027777777777777 0.4875 0.05555555555555555 0.0140625
0 0.5305555555555556 0.61640625 0.022222222222222223 0.01875
0 0.5930555555555556 0.686328125 0.013888888888888888 0.02265625
0 0.7097222222222223 0.626953125 0.03888888888888889 0.01171875
0 0.6965277777777777 0.723046875 0.020833333333333332 0.02109375
0 0.7458333333333333 0.8125 0.013888888888888888 0.01875
0 0.5305555555555556 0.50859375 0.022222222222222223 0.0171875
0 0.31805555555555554 0.504296875 0.022222222222222223 0.01484375
