0 0.5402777777777777 0.082421875 0.041666666666666664 0.02109375
0 0.48333333333333334 0.10625 0.03888888888888889 0.021875
0 0.49722222222222223 0.15703125 0.044444444444444446 0.01875
0 0.5229166666666667 0.1734375 0.02638888888888889 0.0171875
0 0.5847222222222223 0.18828125 0.044444444444444446 0.025
0 0.40069444444444446 0.18125 0.04583333333333333 0.0234375
0 0.3784722222222222 0.215234375 0.04027777777777778 0.02578125
0 0.4166666666666667 0.212890625 0.03333333333333333 0.02109375
0 0.4388888888888889 0.18671875 0.030555555555555555 0.021875
0 0.4395833333333333 0.238671875 0.034722222222222224 0.01640625
0 0.5159722222222223 0.240625 0.03194444444444444 0.0203125
0 0.5354166666666667 0.282421875 0.04027777777777778 0.02265625
0 0.5229166666666667 0.302734375 0.0375 0.01953125
0 0.5868055555555556 0.309375 0.0375 0.021875
0 0.6444444444444445 0.308203125 0.044444444444444446 0.02890625
0 0.5569444444444445 0.27265625 0.027777777777777776 0.015625
0 0.3548611111111111 0.278515625 0.04583333333333333 0.02421875
0 0.3784722222222222 0.30078125 0.05416666666666667 0.0203125
0 0.4326388888888889 0.27421875 0.020833333333333332 0.0109375
0 0.4673611111111111 0.315234375 0.029166666666666667 0.01640625
0 0.4791666666666667 0.3421875 0.019444444444444445 0.0203125
0 0.35555555555555557 0.38828125 0.041666666666666664 0.025
0 0.4305555555555556 0.361328125 0.022222222222222223 0.01484375
0 0.45416666666666666 0.379296875 0.027777777777777776 0.01953125
0 0.5243055555555556 0.375390625 0.04861111111111111 0.02421875
0 0.6805555555555556 0.340625 0.044444444444444446 0.025
0 0.5909722222222222 0.38203125 0.034722222222222224 0.0203125
0 0.50625 0.393359375 0.05138888888888889 0.02734375
0 0.6881944444444444 0.4640625 0.04583333333333333 0.025
0 0.2972222222222222 0.436328125 0.041666666666666664 0.01484375
0 0.2847222222222222 0.465234375 0.03333333333333333 0.02109375
0 0.33125 0.484375 0.04027777777777778 0.021875
0 0.35833333333333334 0.468359375 0.030555555555555555 0.01640625
0 0.3819444444444444 0.481640625 0.030555555555555555 0.01640625
0 0.4618055555555556 0.534375 0.029166666666666667 0.01875
0 0.5055555555555555 0.547265625 0.027777777777777776 0.01640625
0 0.6208333333333333 0.55 0.03333333333333333 0.0171875
0 0.7090277777777778 0.530078125 0.034722222222222224 0.01328125
0 0.7548611111111111 0.536328125 0.029166666666666667 0.01796875
0 0.2673611111111111 0.50390625 0.043055555555555555 0.01875
0 0.10555555555555556 0.533984375 0.03888888888888889 0.02109375
0 0.37083333333333335 0.579296875 0.03888888888888889 0.01953125
0 0.21666666666666667 0.65859375 0.03888888888888889 0.0203125
0 0.56875 0.654296875 0.034722222222222224 0.01796875
0 0.6104166666666667 0.71796875 0.04861111111111111 0.028125
0 0.27291666666666664 0.695703125 0.04027777777777778 0.02421875
0 0.11944444444444445 0.792578125 0.044444444444444446 0.02578125
0 0.03125 0.76484375 0.034722222222222224 0.015625
0 0.6222222222222222 0.773046875 0.041666666666666664 0.03203125
0 0.7263888888888889 0.78046875 0.04722222222222222 0.028125
0 0.4125 0.23984375 0.044444444444444446 0.0203125
0 0.46458333333333335 0.2234375 0.034722222222222224 0.03125
0 0.44930555555555557 0.293359375 0.015277777777777777 0.01171875
0 0.5409722222222222 0.394140625 0.02361111111111111 0.01484375
0 0.30277777777777776 0.5296875 0.027777777777777776 0.015625
0 0.22291666666666668 0.566015625 0.04583333333333333 0.01640625
0 0.16944444444444445 0.660546875 0.025 0.01953125
0 0.2916666666666667 0.70390625 0.030555555555555555 0.015625
0 0.5756944444444444 0.53125 0.018055555555555554 0.015625
0 0.9645833333333333 0.559375 0.04027777777777778 0.0171875
0 0.68125 0.39453125 0.020833333333333332 0.0125
0 0.8534722222222222 0.651953125 0.02361111111111111 0.01015625
0 0.88125 0.805078125 0.0125 0.01796875
0 0.6868055555555556 0.86640625 0.05416666666666667 0.03125
0 0.10555555555555556 0.926171875 0.027777777777777776 0.01484375
0 0.6791666666666667 0.96171875 0.075 0.040625
0 0.4270833333333333 0.6203125 0.043055555555555555 0.01875
