0 0.3458333333333333 0.726171875 0.06111111111111111 0.03984375
0 0.3347222222222222 0.47578125 0.03888888888888889 0.025
0 0.32569444444444445 0.4546875 0.03194444444444444 0.021875
0 0.275 0.465234375 0.04722222222222222 0.01640625
0 0.32013888888888886 0.492578125 0.06527777777777778 0.03671875
0 0.3638888888888889 0.403125 0.041666666666666664 0.021875
0 0.2701388888888889 0.3234375 0.04583333333333333 0.0296875
0 0.28541666666666665 0.243359375 0.04583333333333333 0.03046875
0 0.3263888888888889 0.24765625 0.041666666666666664 0.03125
0 0.2611111111111111 0.19453125 0.044444444444444446 0.0203125
0 0.34097222222222223 0.15234375 0.04583333333333333 0.025
0 0.3784722222222222 0.155078125 0.029166666666666667 0.02265625
0 0.40555555555555556 0.158203125 0.016666666666666666 0.02265625
0 0.4131944444444444 0.2390625 0.0375 0.0265625
0 0.45694444444444443 0.23671875 0.04722222222222222 0.028125
0 0.3861111111111111 0.27265625 0.05 0.028125
0 0.42083333333333334 0.302734375 0.041666666666666664 0.02421875
0 0.3888888888888889 0.30078125 0.019444444444444445 0.01875
0 0.4534722222222222 0.330078125 0.02638888888888889 0.01796875
0 0.3416666666666667 0.338671875 0.04722222222222222 0.01953125
0 0.29375 0.3859375 0.034722222222222224 0.015625
0 0.2125 0.4046875 0.025 0.015625
0 0.46319444444444446 0.38828125 0.018055555555555554 0.0140625
0 0.5694444444444444 0.42265625 0.03888888888888889 0.021875
0 0.5423611111111111 0.442578125 0.0375 0.01953125
0 0.4847222222222222 0.469140625 0.03888888888888889 0.02109375
0 0.5277777777777778 0.57109375 0.03611111111111111 0.01875
0 0.5173611111111112 0.593359375 0.0375 0.01953125
0 0.5652777777777778 0.5671875 0.03611111111111111 0.0234375
0 0.10972222222222222 0.4703125 0.05 0.0265625
0 0.19930555555555557 0.62578125 0.034722222222222224 0.021875
0 0.17777777777777778 0.61015625 0.030555555555555555 0.0171875
0 0.3055555555555556 0.55703125 0.03888888888888889 0.0140625
0 0.7736111111111111 0.64921875 0.05555555555555555 0.03125
0 0.7840277777777778 0.682421875 0.043055555555555555 0.02734375
0 0.7569444444444444 0.6984375 0.03333333333333333 0.0140625
0 0.4736111111111111 0.039453125 0.06111111111111111 0.03203125
0 0.45555555555555555 0.1984375 0.025 0.021875
0 0.46875 0.212109375 0.020833333333333332 0.01640625
0 0.5020833333333333 0.23125 0.020833333333333332 0.015625
0 0.5506944444444445 0.25078125 0.020833333333333332 0.0171875
0 0.48680555555555555 0.421484375 0.034722222222222224 0.01328125
0 0.5770833333333333 0.437109375 0.029166666666666667 0.01328125
0 0.3888888888888889 0.726171875 0.027777777777777776 0.02578125
0 0.98125 0.687890625 0.034722222222222224 0.02578125
0 0.925 0.6109375 0.03333333333333333 0.0140625
0 0.9840277777777777 0.744140625 0.029166666666666667 0.01640625
0 0.5701388888888889 0.60703125 0.043055555555555555 0.028125
0 0.8319444444444445 0.552734375 0.041666666666666664 0.01640625
0 0.9715277777777778 0.530078125 0.02638888888888889 0.01484375
0 0.9833333333333333 0.555078125 0.030555555555555555 0.01640625
0 0.9222222222222223 0.47109375 0.027777777777777776 0.015625
0 0.9930555555555556 0.480078125 0.011111111111111112 0.01328125
