0 0.2569444444444444 0.46796875 0.025 0.0203125
0 0.2611111111111111 0.492578125 0.03611111111111111 0.01640625
0 0.8666666666666667 0.423046875 0.03333333333333333 0.01796875
0 0.80625 0.484375 0.020833333333333332 0.015625
0 0.8722222222222222 0.624609375 0.03611111111111111 0.01640625
0 0.24722222222222223 0.621875 0.05 0.0265625
0 0.20833333333333334 0.64765625 0.04722222222222222 0.0296875
0 0.26180555555555557 0.6625 0.0375 0.0171875
0 0.23680555555555555 0.68203125 0.0375 0.0234375
0 0.24791666666666667 0.737890625 0.018055555555555554 0.01328125
