0 0.5444444444444444 0.060546875 0.025 0.01640625
0 0.5756944444444444 0.049609375 0.018055555555555554 0.01171875
0 0.6229166666666667 0.083203125 0.043055555555555555 0.02734375
0 0.6291666666666667 0.068359375 0.03611111111111111 0.01796875
0 0.58125 0.085546875 0.03194444444444444 0.01953125
0 0.5416666666666666 0.156640625 0.04722222222222222 0.02734375
0 0.4222222222222222 0.2640625 0.03888888888888889 0.025
0 0.4513888888888889 0.263671875 0.025 0.01953125
0 0.4777777777777778 0.26640625 0.019444444444444445 0.0234375
0 0.3472222222222222 0.3046875 0.044444444444444446 0.0171875
0 0.37083333333333335 0.351171875 0.044444444444444446 0.02421875
0 0.4083333333333333 0.35546875 0.041666666666666664 0.028125
0 0.48680555555555555 0.345703125 0.0375 0.02578125
0 0.5270833333333333 0.3421875 0.04027777777777778 0.0296875
0 0.5277777777777778 0.3109375 0.025 0.0109375
0 0.4576388888888889 0.37734375 0.043055555555555555 0.0234375
0 0.35694444444444445 0.428125 0.044444444444444446 0.0265625
0 0.46805555555555556 0.404296875 0.03333333333333333 0.01484375
0 0.5027777777777778 0.40625 0.044444444444444446 0.021875
0 0.42291666666666666 0.445703125 0.04027777777777778 0.01796875
0 0.5284722222222222 0.430859375 0.0125 0.01015625
0 0.6666666666666666 0.459375 0.019444444444444445 0.015625
0 0.7180555555555556 0.452734375 0.022222222222222223 0.00859375
0 0.5305555555555556 0.48515625 0.019444444444444445 0.021875
0 0.44722222222222224 0.5015625 0.03888888888888889 0.0296875
0 0.3770833333333333 0.4953125 0.0375 0.025
0 0.2902777777777778 0.5078125 0.022222222222222223 0.0171875
0 0.40069444444444446 0.557421875 0.0375 0.02109375
0 0.4166666666666667 0.57734375 0.044444444444444446 0.0234375
0 0.3576388888888889 0.5671875 0.05138888888888889 0.0171875
0 0.38819444444444445 0.596875 0.02638888888888889 0.0234375
0 0.5645833333333333 0.56875 0.043055555555555555 0.025
0 0.64375 0.523046875 0.043055555555555555 0.02109375
0 0.6194444444444445 0.543359375 0.03611111111111111 0.01796875
0 0.2701388888888889 0.7328125 0.034722222222222224 0.0171875
0 0.24861111111111112 0.712109375 0.022222222222222223 0.01796875
0 0.45694444444444443 0.837890625 0.06666666666666667 0.04296875
0 0.49375 0.8359375 0.02638888888888889 0.0265625
0 0.6458333333333334 0.66640625 0.041666666666666664 0.01875
0 0.6048611111111111 0.671875 0.0375 0.015625
0 0.5506944444444445 0.517578125 0.03194444444444444 0.01796875
0 0.6006944444444444 0.6921875 0.034722222222222224 0.0140625
0 0.8701388888888889 0.75625 0.059722222222222225 0.0359375
0 0.8819444444444444 0.792578125 0.05 0.02890625
0 0.5888888888888889 0.338671875 0.041666666666666664 0.01328125
0 0.61875 0.353125 0.018055555555555554 0.0125
0 0.42291666666666666 0.594921875 0.0125 0.01171875
0 0.38819444444444445 0.611328125 0.02638888888888889 0.01015625
0 0.19444444444444445 0.5640625 0.027777777777777776 0.01875
0 0.16805555555555557 0.571875 0.022222222222222223 0.0171875
0 0.38263888888888886 0.667578125 0.02361111111111111 0.01328125
0 0.8583333333333333 0.809375 0.022222222222222223 0.015625
0 0.6520833333333333 0.7109375 0.04583333333333333 0.021875
0 0.9118055555555555 0.654296875 0.03194444444444444 0.01328125
0 0.5680555555555555 0.66328125 0.025 0.0140625
