0 0.04027777777777778 0.215234375 0.030555555555555555 0.02109375
0 0.24722222222222223 0.325390625 0.03333333333333333 0.01484375
0 0.16944444444444445 0.30390625 0.030555555555555555 0.0125
0 0.1375 0.327734375 0.022222222222222223 0.01171875
0 0.20347222222222222 0.34375 0.02638888888888889 0.0140625
0 0.1875 0.3265625 0.025 0.0109375
0 0.13819444444444445 0.230078125 0.02361111111111111 0.01328125
0 0.05 0.4578125 0.03888888888888889 0.01875
0 0.23680555555555555 0.3484375 0.03194444444444444 0.0171875
0 0.22013888888888888 0.2921875 0.02361111111111111 0.0140625
0 0.12083333333333333 0.3734375 0.025 0.0109375
0 0.015277777777777777 0.499609375 0.022222222222222223 0.01328125
0 0.4527777777777778 0.409765625 0.016666666666666666 0.01171875
0 0.10972222222222222 0.263671875 0.022222222222222223 0.01171875
0 0.46875 0.3765625 0.02638888888888889 0.0109375
0 0.3277777777777778 0.35078125 0.019444444444444445 0.009375
0 0.06041666666666667 0.4703125 0.029166666666666667 0.0140625
0 0.011805555555555555 0.4875 0.02361111111111111 0.0125
0 0.029166666666666667 0.50234375 0.03333333333333333 0.0203125
0 0.27361111111111114 0.403125 0.022222222222222223 0.015625
0 0.3680555555555556 0.406640625 0.022222222222222223 0.00859375
0 0.31527777777777777 0.455078125 0.027777777777777776 0.01015625
0 0.4965277777777778 0.38046875 0.03194444444444444 0.0125
