0 0.6944444444444444 0.6828125 0.06666666666666667 0.040625
0 0.1736111111111111 0.0578125 0.05277777777777778 0.03125
0 0.06180555555555556 0.083203125 0.05416666666666667 0.03203125
0 0.13055555555555556 0.119921875 0.05 0.02734375
0 0.19444444444444445 0.112109375 0.03611111111111111 0.02578125
0 0.0763888888888889 0.03671875 0.05 0.025
0 0.17916666666666667 0.16953125 0.03611111111111111 0.025
0 0.14375 0.2046875 0.04027777777777778 0.021875
0 0.14444444444444443 0.1859375 0.041666666666666664 0.0171875
0 0.13958333333333334 0.168359375 0.04027777777777778 0.02109375
0 0.41944444444444445 0.198046875 0.04722222222222222 0.02890625
0 0.27847222222222223 0.155078125 0.043055555555555555 0.02265625
0 0.31319444444444444 0.090234375 0.04027777777777778 0.02421875
0 0.26666666666666666 0.0921875 0.03888888888888889 0.0265625
0 0.21180555555555555 0.190234375 0.034722222222222224 0.02109375
0 0.18472222222222223 0.186328125 0.030555555555555555 0.01484375
0 0.36944444444444446 0.2546875 0.03611111111111111 0.01875
0 0.24583333333333332 0.189453125 0.027777777777777776 0.01328125
0 0.05555555555555555 0.0125 0.03611111111111111 0.0234375
0 0.11805555555555555 0.008984375 0.03611111111111111 0.01328125
0 0.2076388888888889 0.280859375 0.034722222222222224 0.01484375
0 0.7333333333333333 0.349609375 0.04722222222222222 0.02265625
0 0.8020833333333334 0.350390625 0.05416666666666667 0.03046875
0 0.7673611111111112 0.3484375 0.02361111111111111 0.01875
0 0.8923611111111112 0.405859375 0.04027777777777778 0.02109375
0 0.925 0.380859375 0.05555555555555555 0.02578125
0 0.9666666666666667 0.39765625 0.05555555555555555 0.0296875
0 0.6569444444444444 0.391015625 0.025 0.01640625
0 0.15833333333333333 0.493359375 0.03611111111111111 0.01640625
0 0.14166666666666666 0.38203125 0.030555555555555555 0.0171875
0 0.26458333333333334 0.655859375 0.04861111111111111 0.02734375
0 0.05486111111111111 0.6109375 0.043055555555555555 0.0203125
0 0.45902777777777776 0.562109375 0.04027777777777778 0.02109375
0 0.6486111111111111 0.288671875 0.03888888888888889 0.02109375
0 0.7006944444444444 0.298046875 0.0375 0.01796875
0 0.6944444444444444 0.326171875 0.04722222222222222 0.02265625
0 0.11666666666666667 0.20859375 0.03333333333333333 0.021875
0 0.2965277777777778 0.321484375 0.0375 0.02109375
0 0.0375 0.430859375 0.027777777777777776 0.01796875
0 0.07291666666666667 0.43046875 0.034722222222222224 0.01875
0 0.7215277777777778 0.604296875 0.043055555555555555 0.02890625
0 0.41458333333333336 0.49609375 0.02361111111111111 0.015625
0 0.1625 0.507421875 0.027777777777777776 0.00859375
0 0.39652777777777776 0.13671875 0.02361111111111111 0.01875
0 0.6041666666666666 0.26015625 0.03611111111111111 0.0296875
0 0.5986111111111111 0.286328125 0.030555555555555555 0.02109375
0 0.8902777777777777 0.5609375 0.041666666666666664 0.0234375
0 0.016666666666666666 0.09140625 0.030555555555555555 0.028125
0 0.1375 0.101953125 0.03888888888888889 0.01953125
0 0.1527777777777778 0.0671875 0.044444444444444446 0.025
0 0.09722222222222222 0.049609375 0.016666666666666666 0.02265625
0 0.43333333333333335 0.232421875 0.041666666666666664 0.02109375
0 0.5777777777777777 0.300390625 0.04722222222222222 0.02109375
0 0.6201388888888889 0.339453125 0.034722222222222224 0.01640625
0 0.5979166666666667 0.35234375 0.02638888888888889 0.015625
0 0.034027777777777775 0.38125 0.034722222222222224 0.0203125
0 0.02013888888888889 0.418359375 0.034722222222222224 0.01484375
0 0.025 0.434765625 0.025 0.01640625
0 0.05625 0.398046875 0.02638888888888889 0.01640625
0 0.018055555555555554 0.40078125 0.030555555555555555 0.0171875
0 0.19166666666666668 0.498828125 0.027777777777777776 0.01015625
0 0.025694444444444443 0.61796875 0.04027777777777778 0.01875
0 0.013194444444444444 0.65078125 0.02638888888888889 0.028125
0 0.1076388888888889 0.655078125 0.02361111111111111 0.01640625
0 0.22013888888888888 0.64375 0.043055555555555555 0.0234375
0 0.24375 0.62734375 0.0375 0.0125
0 0.3138888888888889 0.650390625 0.04722222222222222 0.02109375
0 0.3388888888888889 0.63359375 0.041666666666666664 0.0265625
0 0.5076388888888889 0.6 0.04583333333333333 0.0296875
0 0.8965277777777778 0.622265625 0.029166666666666667 0.01796875
0 0.8229166666666666 0.609375 0.0375 0.0234375
0 0.7569444444444444 0.585546875 0.025 0.01015625
0 0.9770833333333333 0.666015625 0.02638888888888889 0.01796875
0 0.95625 0.70546875 0.02638888888888889 0.0125
0 0.7222222222222222 0.67421875 0.016666666666666666 0.0203125
0 0.4534722222222222 0.501171875 0.018055555555555554 0.01328125
0 0.8479166666666667 0.50703125 0.043055555555555555 0.01875
0 0.7861111111111111 0.41875 0.03333333333333333 0.01875
0 0.8159722222222222 0.4125 0.02638888888888889 0.0140625
0 0.94375 0.52734375 0.029166666666666667 0.0203125
0 0.9826388888888888 0.54765625 0.02361111111111111 0.0140625
0 0.9381944444444444 0.577734375 0.015277777777777777 0.01015625
0 0.9881944444444445 0.576953125 0.018055555555555554 0.01953125
0 0.03819444444444445 0.468359375 0.02638888888888889 0.01640625
0 0.2951388888888889 0.3453125 0.029166666666666667 0.0203125
0 0.2652777777777778 0.344921875 0.022222222222222223 0.01015625
0 0.37569444444444444 0.46640625 0.02361111111111111 0.0171875
0 0.35833333333333334 0.47890625 0.011111111111111112 0.0109375
0 0.40694444444444444 0.428515625 0.025 0.01484375
0 0.50625 0.44921875 0.018055555555555554 0.0171875
0 0.49722222222222223 0.458203125 0.025 0.01484375
0 0.10555555555555556 0.322265625 0.025 0.01171875
0 0.12361111111111112 0.158984375 0.03611111111111111 0.02109375
0 0.34097222222222223 0.148828125 0.04027777777777778 0.01640625
0 0.6388888888888888 0.244921875 0.030555555555555555 0.01796875
0 0.7493055555555556 0.292578125 0.015277777777777777 0.01640625
0 0.7166666666666667 0.2734375 0.019444444444444445 0.01875
0 0.29444444444444445 0.2765625 0.022222222222222223 0.0171875
0 0.24166666666666667 0.279296875 0.027777777777777776 0.01640625
0 0.7444444444444445 0.390625 0.016666666666666666 0.0203125
0 0.8152777777777778 0.394140625 0.025 0.01640625
0 0.3645833333333333 0.317578125 0.03194444444444444 0.01796875
0 0.5597222222222222 0.448828125 0.011111111111111112 0.01328125
0 0.5576388888888889 0.43203125 0.015277777777777777 0.015625
0 0.7722222222222223 0.516796875 0.030555555555555555 0.01796875
0 0.09722222222222222 0.426171875 0.016666666666666666 0.01484375
0 0.19652777777777777 0.25 0.02361111111111111 0.0140625
