0 0.43194444444444446 0.403125 0.025 0.0171875
0 0.4625 0.40234375 0.03611111111111111 0.01875
0 0.4076388888888889 0.4578125 0.05138888888888889 0.0265625
0 0.5027777777777778 0.487890625 0.041666666666666664 0.02421875
0 0.4465277777777778 0.478125 0.04027777777777778 0.0171875
0 0.3798611111111111 0.476953125 0.02638888888888889 0.02109375
0 0.40694444444444444 0.53828125 0.019444444444444445 0.0125
0 0.49583333333333335 0.526953125 0.044444444444444446 0.02734375
0 0.5201388888888889 0.516796875 0.04583333333333333 0.02421875
0 0.5715277777777777 0.59453125 0.05416666666666667 0.0265625
0 0.4222222222222222 0.601953125 0.06111111111111111 0.02421875
0 0.4888888888888889 0.625 0.05277777777777778 0.025
0 0.1111111111111111 0.6921875 0.044444444444444446 0.0296875
0 0.1736111111111111 0.709375 0.044444444444444446 0.0265625
0 0.35555555555555557 0.647265625 0.041666666666666664 0.01796875
0 0.44583333333333336 0.665625 0.025 0.0140625
0 0.41180555555555554 0.72578125 0.034722222222222224 0.025
0 0.5486111111111112 0.644921875 0.044444444444444446 0.02265625
0 0.6277777777777778 0.652734375 0.044444444444444446 0.03359375
0 0.6597222222222222 0.67890625 0.05 0.021875
0 0.6826388888888889 0.633203125 0.04861111111111111 0.01796875
0 0.9375 0.619921875 0.04722222222222222 0.01953125
0 0.9791666666666666 0.603515625 0.03888888888888889 0.02265625
0 0.9263888888888889 0.634375 0.044444444444444446 0.0171875
0 0.9145833333333333 0.64765625 0.020833333333333332 0.0109375
0 0.44722222222222224 0.427734375 0.025 0.01953125
0 0.5006944444444444 0.44609375 0.0375 0.025
0 0.015277777777777777 0.55078125 0.030555555555555555 0.025
0 0.006944444444444444 0.5296875 0.013888888888888888 0.0109375
0 0.009027777777777777 0.503125 0.018055555555555554 0.0234375
