0 0.3701388888888889 0.677734375 0.05416666666666667 0.03046875
0 0.33125 0.649609375 0.059722222222222225 0.03359375
0 0.46458333333333335 0.609375 0.043055555555555555 0.0265625
0 0.3298611111111111 0.51484375 0.043055555555555555 0.028125
0 0.3770833333333333 0.519921875 0.04583333333333333 0.02421875
0 0.4340277777777778 0.43984375 0.03194444444444444 0.0265625
0 0.4652777777777778 0.407421875 0.04722222222222222 0.02421875
0 0.28888888888888886 0.348046875 0.03333333333333333 0.02109375
0 0.39861111111111114 0.249609375 0.027777777777777776 0.01015625
0 0.42916666666666664 0.27734375 0.03888888888888889 0.0203125
0 0.49930555555555556 0.269140625 0.03194444444444444 0.01953125
0 0.5340277777777778 0.252734375 0.043055555555555555 0.02734375
0 0.5131944444444444 0.2296875 0.05138888888888889 0.0125
0 0.48333333333333334 0.203125 0.05277777777777778 0.0296875
0 0.4736111111111111 0.17265625 0.03611111111111111 0.015625
0 0.5284722222222222 0.18046875 0.043055555555555555 0.0265625
0 0.5368055555555555 0.155078125 0.04583333333333333 0.02578125
0 0.5722222222222222 0.046484375 0.04722222222222222 0.03359375
0 0.6777777777777778 0.15859375 0.025 0.021875
0 0.7465277777777778 0.20859375 0.034722222222222224 0.0265625
0 0.5125 0.382421875 0.05 0.02890625
0 0.6256944444444444 0.35625 0.043055555555555555 0.0203125
0 0.7451388888888889 0.36171875 0.05694444444444444 0.0234375
0 0.7076388888888889 0.3578125 0.029166666666666667 0.0203125
0 0.6833333333333333 0.346484375 0.022222222222222223 0.01015625
0 0.7125 0.405859375 0.03888888888888889 0.02421875
0 0.6013888888888889 0.430078125 0.04722222222222222 0.02578125
0 0.6916666666666667 0.464453125 0.05555555555555555 0.03359375
0 0.7381944444444445 0.466796875 0.043055555555555555 0.02734375
0 0.61875 0.50390625 0.04861111111111111 0.0296875
0 0.6430555555555556 0.550390625 0.04722222222222222 0.02421875
0 0.33611111111111114 0.33671875 0.03888888888888889 0.0140625
0 0.44513888888888886 0.3828125 0.029166666666666667 0.0125
0 0.5958333333333333 0.3265625 0.027777777777777776 0.009375
0 0.5381944444444444 0.196484375 0.05416666666666667 0.03046875
0 0.6333333333333333 0.125 0.03333333333333333 0.0140625
0 0.31527777777777777 0.680859375 0.05555555555555555 0.01953125
0 0.8875 0.732421875 0.05 0.02578125
0 0.8444444444444444 0.555859375 0.022222222222222223 0.01328125
