0 0.044444444444444446 0.621484375 0.05 0.03046875
0 0.16041666666666668 0.44140625 0.043055555555555555 0.021875
0 0.45555555555555555 0.056640625 0.044444444444444446 0.02265625
0 0.42083333333333334 0.08515625 0.041666666666666664 0.021875
0 0.4111111111111111 0.123828125 0.041666666666666664 0.02578125
0 0.4097222222222222 0.151171875 0.05 0.02421875
0 0.4215277777777778 0.176171875 0.03194444444444444 0.01953125
0 0.3458333333333333 0.211328125 0.03333333333333333 0.02109375
0 0.5548611111111111 0.15078125 0.05694444444444444 0.028125
0 0.5076388888888889 0.140625 0.0375 0.0296875
0 0.45555555555555555 0.11953125 0.041666666666666664 0.0171875
0 0.49722222222222223 0.114453125 0.041666666666666664 0.02421875
0 0.39305555555555555 0.2015625 0.03333333333333333 0.01875
0 0.6222222222222222 0.149609375 0.044444444444444446 0.02578125
0 0.6625 0.158984375 0.041666666666666664 0.02578125
0 0.7569444444444444 0.201953125 0.044444444444444446 0.02578125
0 0.7645833333333333 0.171875 0.043055555555555555 0.0203125
0 0.8104166666666667 0.1984375 0.05416666666666667 0.0234375
0 0.8236111111111111 0.22578125 0.05277777777777778 0.0265625
0 0.7916666666666666 0.219140625 0.03611111111111111 0.01953125
0 0.8715277777777778 0.225 0.0375 0.0203125
0 0.74375 0.151171875 0.04027777777777778 0.02734375
0 0.6152777777777778 0.115234375 0.04722222222222222 0.02265625
0 0.4847222222222222 0.336328125 0.04722222222222222 0.01953125
0 0.5173611111111112 0.376953125 0.043055555555555555 0.02421875
0 0.6527777777777778 0.34375 0.027777777777777776 0.0203125
0 0.5604166666666667 0.330078125 0.04027777777777778 0.01484375
0 0.6256944444444444 0.4390625 0.034722222222222224 0.0234375
0 0.6743055555555556 0.43671875 0.034722222222222224 0.025
0 0.9368055555555556 0.566015625 0.0625 0.03515625
0 0.3798611111111111 0.6046875 0.043055555555555555 0.0296875
0 0.34791666666666665 0.5640625 0.04861111111111111 0.0265625
0 0.3625 0.51328125 0.04722222222222222 0.0234375
0 0.3527777777777778 0.5390625 0.027777777777777776 0.0203125
0 0.17430555555555555 0.407421875 0.03194444444444444 0.01640625
0 0.13402777777777777 0.393359375 0.020833333333333332 0.01015625
0 0.35 0.412109375 0.027777777777777776 0.01640625
0 0.49444444444444446 0.40078125 0.03888888888888889 0.0171875
0 0.5243055555555556 0.428515625 0.034722222222222224 0.02734375
0 0.51875 0.473828125 0.04027777777777778 0.01015625
0 0.6743055555555556 0.354296875 0.029166666666666667 0.02109375
0 0.6659722222222222 0.3671875 0.0375 0.0078125
0 0.7395833333333334 0.446484375 0.02361111111111111 0.02265625
0 0.6673611111111111 0.31015625 0.0375 0.01875
0 0.5736111111111111 0.18125 0.025 0.0203125
0 0.5465277777777777 0.230078125 0.02361111111111111 0.02109375
0 0.3854166666666667 0.083203125 0.029166666666666667 0.02421875
0 0.5326388888888889 0.171875 0.03194444444444444 0.0265625
0 0.42291666666666666 0.246484375 0.043055555555555555 0.02421875
0 0.43680555555555556 0.263671875 0.043055555555555555 0.01484375
0 0.6180555555555556 0.217578125 0.03611111111111111 0.01796875
0 0.8215277777777777 0.178125 0.03194444444444444 0.021875
0 0.6847222222222222 0.151953125 0.03611111111111111 0.02109375
0 0.6416666666666667 0.357421875 0.03333333333333333 0.01796875
0 0.6256944444444444 0.340234375 0.03194444444444444 0.01796875
0 0.7159722222222222 0.309375 0.029166666666666667 0.0234375
0 0.40555555555555556 0.41015625 0.030555555555555555 0.0140625
0 0.5 0.3828125 0.03611111111111111 0.0203125
0 0.04513888888888889 0.340234375 0.02638888888888889 0.01484375
0 0.029861111111111113 0.603515625 0.034722222222222224 0.02109375
0 0.06111111111111111 0.601953125 0.03888888888888889 0.01640625
0 0.11875 0.578515625 0.029166666666666667 0.02265625
0 0.06736111111111111 0.582421875 0.034722222222222224 0.01953125
0 0.24930555555555556 0.57890625 0.04027777777777778 0.0171875
0 0.5576388888888889 0.708984375 0.04027777777777778 0.03203125
0 0.5638888888888889 0.661328125 0.03888888888888889 0.02421875
0 0.6270833333333333 0.6671875 0.05138888888888889 0.0296875
0 0.5451388888888888 0.494921875 0.043055555555555555 0.01484375
0 0.6548611111111111 0.453125 0.03194444444444444 0.015625
0 0.6986111111111111 0.3546875 0.019444444444444445 0.0109375
0 0.8645833333333334 0.46640625 0.02361111111111111 0.0140625
0 0.8590277777777777 0.483984375 0.02361111111111111 0.02109375
0 0.9 0.476171875 0.013888888888888888 0.01953125
0 0.9375 0.447265625 0.027777777777777776 0.01484375
0 0.9652777777777778 0.451171875 0.03333333333333333 0.01171875
0 0.9770833333333333 0.43203125 0.02638888888888889 0.0171875
