0 0.8673611111111111 0.308203125 0.04583333333333333 0.02109375
0 0.8305555555555556 0.29765625 0.019444444444444445 0.015625
0 0.8659722222222223 0.2875 0.02361111111111111 0.0203125
0 0.010416666666666666 0.4890625 0.020833333333333332 0.0203125
0 0.7055555555555556 0.4484375 0.044444444444444446 0.0265625
0 0.7486111111111111 0.424609375 0.03888888888888889 0.01796875
0 0.7951388888888888 0.4671875 0.04861111111111111 0.0296875
0 0.8173611111111111 0.4875 0.0625 0.0265625
0 0.7569444444444444 0.480859375 0.027777777777777776 0.01640625
0 0.9076388888888889 0.471875 0.034722222222222224 0.0328125
0 0.9506944444444444 0.45078125 0.05416666666666667 0.0234375
0 0.9736111111111111 0.503125 0.05 0.01875
0 0.9416666666666667 0.617578125 0.06111111111111111 0.03671875
0 0.7798611111111111 0.53359375 0.029166666666666667 0.021875
0 0.7347222222222223 0.548828125 0.05555555555555555 0.02578125
0 0.59375 0.656640625 0.04861111111111111 0.03203125
0 0.69375 0.6125 0.05694444444444444 0.03125
0 0.7027777777777777 0.587890625 0.019444444444444445 0.01171875
0 0.9611111111111111 0.66640625 0.03333333333333333 0.0203125
0 0.6444444444444445 0.656640625 0.044444444444444446 0.02421875
0 0.12083333333333333 0.737890625 0.04722222222222222 0.02578125
0 0.04861111111111111 0.668359375 0.025 0.02421875
0 0.07708333333333334 0.68359375 0.043055555555555555 0.01875
0 0.07430555555555556 0.697265625 0.020833333333333332 0.01171875
