0 0.5583333333333333 0.0046875 0.019444444444444445 0.0078125
0 0.45208333333333334 0.169921875 0.043055555555555555 0.02421875
0 0.5743055555555555 0.14921875 0.0375 0.028125
0 0.5048611111111111 0.120703125 0.04583333333333333 0.02578125
0 0.5291666666666667 0.109765625 0.025 0.01640625
0 0.4909722222222222 0.040234375 0.0375 0.02265625
0 0.5743055555555555 0.00625 0.018055555555555554 0.0109375
0 0.6736111111111112 0.014453125 0.044444444444444446 0.02734375
0 0.6256944444444444 0.0140625 0.04027777777777778 0.021875
0 0.6486111111111111 0.004296875 0.04722222222222222 0.00703125
0 0.5465277777777777 0.147265625 0.020833333333333332 0.02265625
0 0.625 0.12890625 0.058333333333333334 0.0359375
0 0.5736111111111111 0.08515625 0.03611111111111111 0.0171875
0 0.4125 0.206640625 0.019444444444444445 0.01640625
0 0.08680555555555555 0.292578125 0.02638888888888889 0.01796875
0 0.07361111111111111 0.305078125 0.03333333333333333 0.01796875
0 0.41875 0.24296875 0.0375 0.0171875
0 0.4201388888888889 0.2578125 0.0375 0.0125
0 0.5486111111111112 0.244140625 0.03333333333333333 0.02578125
0 0.4847222222222222 0.26953125 0.05 0.028125
0 0.058333333333333334 0.34609375 0.019444444444444445 0.021875
0 0.46458333333333335 0.318359375 0.034722222222222224 0.01796875
0 0.48333333333333334 0.333203125 0.05555555555555555 0.02578125
0 0.6270833333333333 0.226953125 0.04027777777777778 0.02421875
0 0.725 0.23046875 0.044444444444444446 0.025
0 0.53125 0.356640625 0.029166666666666667 0.01953125
0 0.17430555555555555 0.412109375 0.04861111111111111 0.02578125
0 0.18888888888888888 0.38046875 0.03611111111111111 0.0078125
0 0.4 0.42734375 0.05 0.0265625
0 0.4284722222222222 0.3984375 0.05138888888888889 0.034375
0 0.42291666666666666 0.36796875 0.043055555555555555 0.0265625
0 0.7076388888888889 0.3203125 0.04583333333333333 0.025
0 0.7395833333333334 0.33046875 0.034722222222222224 0.0265625
0 0.8291666666666667 0.26015625 0.03888888888888889 0.025
0 0.7638888888888888 0.33671875 0.03611111111111111 0.0140625
0 0.13472222222222222 0.50625 0.058333333333333334 0.0296875
0 0.4152777777777778 0.475 0.027777777777777776 0.0109375
0 0.8222222222222222 0.375390625 0.058333333333333334 0.02890625
0 0.6930555555555555 0.4125 0.03611111111111111 0.01875
0 0.88125 0.340234375 0.034722222222222224 0.02265625
0 0.9069444444444444 0.413671875 0.05 0.03046875
0 0.8430555555555556 0.47578125 0.05 0.025
0 0.30972222222222223 0.63515625 0.041666666666666664 0.01875
0 0.8777777777777778 0.512109375 0.044444444444444446 0.02421875
0 0.8583333333333333 0.53125 0.03611111111111111 0.01875
0 0.8916666666666667 0.465234375 0.03333333333333333 0.01640625
0 0.9305555555555556 0.52109375 0.04722222222222222 0.01875
0 0.9868055555555556 0.528515625 0.02361111111111111 0.01328125
0 0.7055555555555556 0.628515625 0.044444444444444446 0.01640625
0 0.525 0.625 0.03611111111111111 0.01875
0 0.7479166666666667 0.67734375 0.043055555555555555 0.01875
0 0.74375 0.693359375 0.04027777777777778 0.01484375
0 0.9006944444444445 0.763671875 0.04861111111111111 0.01796875
0 0.9111111111111111 0.83046875 0.03888888888888889 0.0265625
0 0.8916666666666667 0.61640625 0.025 0.01875
0 0.06527777777777778 0.56796875 0.03333333333333333 0.0140625
0 0.6152777777777778 0.064453125 0.025 0.01015625
0 0.08194444444444444 0.414453125 0.022222222222222223 0.01484375
0 0.3645833333333333 0.4234375 0.04027777777777778 0.0140625
0 0.32222222222222224 0.476953125 0.019444444444444445 0.01328125
0 0.33194444444444443 0.53515625 0.027777777777777776 0.0078125
0 0.9180555555555555 0.363671875 0.041666666666666664 0.01953125
0 0.69375 0.118359375 0.029166666666666667 0.02109375
