0 0.6159722222222223 0.172265625 0.05138888888888889 0.02578125
0 0.4125 0.398828125 0.044444444444444446 0.01953125
0 0.6534722222222222 0.380078125 0.05138888888888889 0.02265625
0 0.41180555555555554 0.449609375 0.0375 0.02265625
0 0.8111111111111111 0.36015625 0.030555555555555555 0.01875
0 0.7805555555555556 0.47109375 0.03888888888888889 0.021875
0 0.5909722222222222 0.499609375 0.029166666666666667 0.02734375
0 0.02638888888888889 0.58203125 0.03611111111111111 0.01875
0 0.32430555555555557 0.567578125 0.029166666666666667 0.01015625
0 0.3576388888888889 0.5671875 0.02638888888888889 0.0125
0 0.8541666666666666 0.359375 0.016666666666666666 0.0140625
0 0.9131944444444444 0.366796875 0.020833333333333332 0.01484375
0 0.2590277777777778 0.5796875 0.015277777777777777 0.0125
