0 0.14791666666666667 0.129296875 0.05138888888888889 0.02890625
0 0.10277777777777777 0.115625 0.03888888888888889 0.0234375
0 0.09791666666666667 0.142578125 0.04861111111111111 0.02890625
0 0.1388888888888889 0.142578125 0.03611111111111111 0.02109375
0 0.33055555555555555 0.194921875 0.041666666666666664 0.02109375
0 0.3486111111111111 0.2609375 0.03888888888888889 0.0234375
0 0.3854166666666667 0.270703125 0.04027777777777778 0.02109375
0 0.9215277777777777 0.187109375 0.034722222222222224 0.02265625
0 0.8791666666666667 0.274609375 0.044444444444444446 0.02890625
0 0.9125 0.278125 0.044444444444444446 0.0234375
0 0.9305555555555556 0.300390625 0.05277777777777778 0.03203125
0 0.9631944444444445 0.26953125 0.043055555555555555 0.0265625
0 0.8548611111111111 0.351953125 0.05138888888888889 0.02578125
0 0.9027777777777778 0.369921875 0.05 0.02265625
0 0.8833333333333333 0.41796875 0.041666666666666664 0.0171875
0 0.9020833333333333 0.482421875 0.0375 0.01796875
0 0.7930555555555555 0.429296875 0.044444444444444446 0.01953125
0 0.3298611111111111 0.487890625 0.05416666666666667 0.02734375
0 0.8618055555555556 0.491796875 0.04027777777777778 0.02109375
0 0.9208333333333333 0.5015625 0.05 0.021875
0 0.8708333333333333 0.58203125 0.044444444444444446 0.0265625
0 0.8979166666666667 0.5203125 0.03194444444444444 0.021875
0 0.73125 0.646875 0.04583333333333333 0.0234375
0 0.9375 0.426171875 0.03611111111111111 0.02265625
0 0.8722222222222222 0.4359375 0.058333333333333334 0.0234375
0 0.9458333333333333 0.1875 0.03333333333333333 0.034375
0 0.85625 0.2328125 0.043055555555555555 0.025
0 0.13402777777777777 0.178515625 0.04861111111111111 0.02734375
0 0.08888888888888889 0.71171875 0.03333333333333333 0.028125
0 0.8493055555555555 0.529296875 0.03194444444444444 0.01953125
0 0.9902777777777778 0.26875 0.016666666666666666 0.028125
