0 0.017361111111111112 0.51171875 0.03194444444444444 0.021875
0 0.007638888888888889 0.47265625 0.009722222222222222 0.0125
0 0.011111111111111112 0.551953125 0.019444444444444445 0.02265625
0 0.11319444444444444 0.7484375 0.07083333333333333 0.034375
0 0.1451388888888889 0.728125 0.02361111111111111 0.009375
0 0.059722222222222225 0.760546875 0.025 0.02265625
0 0.12013888888888889 0.77265625 0.02638888888888889 0.0140625
0 0.12569444444444444 0.843359375 0.059722222222222225 0.03203125
0 0.8694444444444445 0.6078125 0.041666666666666664 0.021875
0 0.9 0.5984375 0.03888888888888889 0.025
0 0.8666666666666667 0.585546875 0.03888888888888889 0.01953125
0 0.7131944444444445 0.4765625 0.04583333333333333 0.0203125
0 0.8444444444444444 0.39140625 0.044444444444444446 0.01875
0 0.8951388888888889 0.34453125 0.0375 0.021875
