0 0.6027777777777777 0.6015625 0.041666666666666664 0.0265625
0 0.7333333333333333 0.619140625 0.044444444444444446 0.02109375
0 0.8659722222222223 0.63125 0.04027777777777778 0.021875
0 0.7722222222222223 0.51328125 0.044444444444444446 0.0265625
0 0.6138888888888889 0.5734375 0.022222222222222223 0.021875
0 0.9506944444444444 0.5484375 0.04583333333333333 0.025
0 0.8819444444444444 0.517578125 0.03611111111111111 0.02265625
0 0.8472222222222222 0.527734375 0.027777777777777776 0.01796875
0 0.3111111111111111 0.4921875 0.03888888888888889 0.0234375
0 0.6340277777777777 0.536328125 0.018055555555555554 0.02421875
0 0.5548611111111111 0.50703125 0.02361111111111111 0.0203125
0 0.4840277777777778 0.448046875 0.029166666666666667 0.01640625
0 0.19166666666666668 0.43671875 0.030555555555555555 0.0109375
0 0.5048611111111111 0.4609375 0.02361111111111111 0.015625
0 0.9173611111111111 0.45546875 0.029166666666666667 0.0140625
0 0.9881944444444445 0.4765625 0.020833333333333332 0.021875
0 0.7993055555555556 0.4453125 0.02638888888888889 0.0125
0 0.7361111111111112 0.168359375 0.03888888888888889 0.02265625
0 0.7604166666666666 0.151953125 0.029166666666666667 0.01953125
0 0.8868055555555555 0.290234375 0.0375 0.02421875
0 0.8993055555555556 0.305078125 0.043055555555555555 0.02421875
0 0.8430555555555556 0.153125 0.013888888888888888 0.0125
0 0.8847222222222222 0.351171875 0.025 0.00859375
0 0.9534722222222223 0.505078125 0.015277777777777777 0.01328125
0 0.7430555555555556 0.518359375 0.027777777777777776 0.02734375
