0 0.37777777777777777 0.09609375 0.06666666666666667 0.0453125
0 0.15416666666666667 0.26328125 0.06111111111111111 0.025
0 0.15833333333333333 0.290625 0.05277777777777778 0.03125
0 0.18333333333333332 0.373828125 0.06111111111111111 0.03359375
0 0.23680555555555555 0.440234375 0.059722222222222225 0.02890625
0 0.6041666666666666 0.464453125 0.05555555555555555 0.03515625
0 0.6506944444444445 0.47734375 0.0625 0.034375
0 0.6923611111111111 0.514453125 0.05138888888888889 0.02421875
0 0.9486111111111111 0.53984375 0.06388888888888888 0.034375
0 0.3333333333333333 0.654296875 0.05277777777777778 0.03046875
0 0.2423611111111111 0.569140625 0.05416666666666667 0.02890625
0 0.30486111111111114 0.53828125 0.05416666666666667 0.021875
0 0.20625 0.503125 0.0763888888888889 0.0390625
0 0.2465277777777778 0.48515625 0.04861111111111111 0.034375
0 0.2951388888888889 0.4796875 0.05416666666666667 0.028125
0 0.18333333333333332 0.4640625 0.05555555555555555 0.03125
0 0.12222222222222222 0.289453125 0.027777777777777776 0.01640625
0 0.6076388888888888 0.547265625 0.05416666666666667 0.02734375
0 0.6375 0.5828125 0.08888888888888889 0.0421875
