0 0.20347222222222222 0.384765625 0.018055555555555554 0.00859375
0 0.23055555555555557 0.390625 0.027777777777777776 0.0125
0 0.24513888888888888 0.37578125 0.020833333333333332 0.0140625
0 0.23055555555555557 0.366015625 0.019444444444444445 0.00546875
0 0.37777777777777777 0.364453125 0.030555555555555555 0.01328125
0 0.3333333333333333 0.4078125 0.025 0.015625
0 0.45416666666666666 0.4078125 0.019444444444444445 0.0140625
0 0.5493055555555556 0.40546875 0.015277777777777777 0.0109375
0 0.4125 0.43046875 0.008333333333333333 0.0078125
0 0.4465277777777778 0.508984375 0.009722222222222222 0.00390625
0 0.3013888888888889 0.525 0.016666666666666666 0.0109375
0 0.3173611111111111 0.539453125 0.009722222222222222 0.01015625
0 0.30069444444444443 0.56484375 0.02361111111111111 0.0140625
0 0.3951388888888889 0.575390625 0.015277777777777777 0.00546875
0 0.30625 0.609375 0.009722222222222222 0.00625
0 0.2708333333333333 0.60234375 0.008333333333333333 0.009375
0 0.009722222222222222 0.629296875 0.011111111111111112 0.01015625
0 0.09027777777777778 0.665234375 0.013888888888888888 0.01796875
0 0.14027777777777778 0.69375 0.030555555555555555 0.015625
0 0.11736111111111111 0.725 0.03194444444444444 0.0203125
0 0.5041666666666667 0.60625 0.019444444444444445 0.015625
0 0.6423611111111112 0.56328125 0.0125 0.009375
0 0.6569444444444444 0.68515625 0.025 0.015625
0 0.6090277777777777 0.710546875 0.018055555555555554 0.01171875
0 0.66875 0.705859375 0.015277777777777777 0.01015625
0 0.7555555555555555 0.724609375 0.022222222222222223 0.01171875
0 0.8638888888888889 0.679296875 0.025 0.01328125
0 0.7277777777777777 0.612890625 0.019444444444444445 0.01171875
0 0.7305555555555555 0.4515625 0.013888888888888888 0.0125
0 0.7555555555555555 0.44453125 0.011111111111111112 0.00625
0 0.8430555555555556 0.628125 0.008333333333333333 0.009375
0 0.6388888888888888 0.29375 0.025 0.015625
0 0.6666666666666666 0.293359375 0.022222222222222223 0.01015625
0 0.7069444444444445 0.271484375 0.008333333333333333 0.00859375
0 0.6284722222222222 0.237890625 0.02361111111111111 0.01484375
0 0.6145833333333334 0.276171875 0.02361111111111111 0.01484375
0 0.5597222222222222 0.2609375 0.027777777777777776 0.0140625
0 0.5243055555555556 0.25 0.018055555555555554 0.0125
0 0.53125 0.265234375 0.015277777777777777 0.01015625
0 0.47638888888888886 0.271875 0.025 0.015625
0 0.45 0.270703125 0.030555555555555555 0.01796875
0 0.45694444444444443 0.25234375 0.013888888888888888 0.009375
0 0.5125 0.1984375 0.025 0.0140625
0 0.45694444444444443 0.3265625 0.008333333333333333 0.0078125
0 0.8027777777777778 0.7515625 0.013888888888888888 0.015625
0 0.3951388888888889 0.455859375 0.018055555555555554 0.00859375
0 0.4201388888888889 0.472265625 0.04583333333333333 0.01640625
0 0.5159722222222223 0.415234375 0.04027777777777778 0.02421875
0 0.5770833333333333 0.303515625 0.0125 0.01484375
0 0.5416666666666666 0.226171875 0.025 0.01171875
0 0.65625 0.267578125 0.029166666666666667 0.02734375
0 0.4625 0.438671875 0.027777777777777776 0.01328125
0 0.6826388888888889 0.403125 0.0375 0.0109375
0 0.30833333333333335 0.65546875 0.044444444444444446 0.015625
0 0.3680555555555556 0.647265625 0.044444444444444446 0.01953125
0 0.33055555555555555 0.6671875 0.03888888888888889 0.01875
0 0.63125 0.718359375 0.03194444444444444 0.01328125
0 0.5708333333333333 0.558203125 0.03333333333333333 0.01640625
0 0.6159722222222223 0.5921875 0.04027777777777778 0.0203125
0 0.5784722222222223 0.62265625 0.0375 0.0140625
0 0.6347222222222222 0.680859375 0.044444444444444446 0.02421875
0 0.7611111111111111 0.753125 0.019444444444444445 0.01875
0 0.7430555555555556 0.748828125 0.019444444444444445 0.01171875
0 0.7347222222222223 0.76015625 0.041666666666666664 0.0140625
0 0.8548611111111111 0.7453125 0.029166666666666667 0.0125
0 0.7534722222222222 0.781640625 0.029166666666666667 0.01796875
0 0.7388888888888889 0.7921875 0.030555555555555555 0.015625
