0 0.44027777777777777 0.01171875 0.058333333333333334 0.021875
0 0.4826388888888889 0.0078125 0.04027777777777778 0.0140625
0 0.4131944444444444 0.031640625 0.043055555555555555 0.03359375
0 0.42430555555555555 0.065234375 0.05416666666666667 0.02578125
0 0.5583333333333333 0.026171875 0.058333333333333334 0.04140625
0 0.6034722222222222 0.037890625 0.029166666666666667 0.02734375
0 0.6833333333333333 0.02734375 0.06111111111111111 0.040625
0 0.5020833333333333 0.097265625 0.04027777777777778 0.02734375
0 0.425 0.11171875 0.044444444444444446 0.025
0 0.4826388888888889 0.149609375 0.05694444444444444 0.02890625
0 0.6729166666666667 0.11171875 0.04861111111111111 0.03125
0 0.7243055555555555 0.175 0.05138888888888889 0.025
0 0.7708333333333334 0.179296875 0.041666666666666664 0.02421875
0 0.3277777777777778 0.187109375 0.06666666666666667 0.03984375
0 0.27152777777777776 0.1921875 0.059722222222222225 0.040625
0 0.01875 0.209765625 0.0375 0.03671875
0 0.48819444444444443 0.186328125 0.04027777777777778 0.01953125
0 0.4979166666666667 0.218359375 0.043055555555555555 0.02109375
0 0.5486111111111112 0.240234375 0.041666666666666664 0.02265625
0 0.7076388888888889 0.20859375 0.02638888888888889 0.0234375
0 0.69375 0.266796875 0.05138888888888889 0.02578125
0 0.6861111111111111 0.297265625 0.041666666666666664 0.02578125
0 0.6284722222222222 0.300390625 0.043055555555555555 0.03515625
0 0.5083333333333333 0.289453125 0.03333333333333333 0.01484375
0 0.48819444444444443 0.2625 0.05138888888888889 0.028125
0 0.46319444444444446 0.2890625 0.020833333333333332 0.01875
0 0.4354166666666667 0.300390625 0.03194444444444444 0.01953125
0 0.3236111111111111 0.3296875 0.03888888888888889 0.040625
0 0.2763888888888889 0.334765625 0.06666666666666667 0.03984375
0 0.1388888888888889 0.280078125 0.07777777777777778 0.03828125
0 0.175 0.301953125 0.058333333333333334 0.02109375
0 0.10833333333333334 0.309375 0.03333333333333333 0.025
0 0.3590277777777778 0.41171875 0.034722222222222224 0.0234375
0 0.6111111111111112 0.3625 0.03333333333333333 0.0171875
0 0.8048611111111111 0.48125 0.04861111111111111 0.0265625
0 0.8729166666666667 0.386328125 0.034722222222222224 0.01484375
0 0.6083333333333333 0.478515625 0.019444444444444445 0.01484375
0 0.3659722222222222 0.5234375 0.043055555555555555 0.0296875
0 0.59375 0.58046875 0.034722222222222224 0.021875
0 0.5576388888888889 0.561328125 0.03194444444444444 0.02109375
0 0.3902777777777778 0.3109375 0.03888888888888889 0.01875
0 0.7173611111111111 0.516796875 0.034722222222222224 0.02109375
0 0.7833333333333333 0.487109375 0.03333333333333333 0.02421875
0 0.9576388888888889 0.46875 0.03194444444444444 0.01875
0 0.7611111111111111 0.320703125 0.030555555555555555 0.02109375
0 0.7270833333333333 0.320703125 0.020833333333333332 0.02109375
