0 0.44930555555555557 0.10703125 0.05138888888888889 0.0296875
0 0.4395833333333333 0.1265625 0.04583333333333333 0.01875
0 0.4236111111111111 0.49453125 0.04722222222222222 0.0234375
0 0.7979166666666667 0.507421875 0.043055555555555555 0.01171875
0 0.4888888888888889 0.384765625 0.05277777777777778 0.01640625
0 0.18680555555555556 0.54375 0.04861111111111111 0.01875
0 0.24583333333333332 0.584765625 0.03611111111111111 0.02109375
0 0.4423611111111111 0.596875 0.0375 0.0296875
0 0.5368055555555555 0.74140625 0.034722222222222224 0.0171875
0 0.7090277777777778 0.77578125 0.04861111111111111 0.0171875
0 0.8416666666666667 0.7328125 0.041666666666666664 0.0171875
0 0.38055555555555554 0.74140625 0.041666666666666664 0.03125
0 0.38472222222222224 0.819921875 0.041666666666666664 0.02421875
0 0.014583333333333334 0.788671875 0.02361111111111111 0.02109375
0 0.020833333333333332 0.81484375 0.03611111111111111 0.021875
0 0.29444444444444445 0.89453125 0.06388888888888888 0.0359375
0 0.5868055555555556 0.89140625 0.04583333333333333 0.021875
0 0.5270833333333333 0.884765625 0.04583333333333333 0.01953125
0 0.20277777777777778 0.57109375 0.019444444444444445 0.0125
0 0.18333333333333332 0.597265625 0.03333333333333333 0.02265625
0 0.029861111111111113 0.6515625 0.02361111111111111 0.0171875
0 0.02013888888888889 0.721484375 0.034722222222222224 0.01953125
0 0.4131944444444444 0.692578125 0.04027777777777778 0.02109375
0 0.4444444444444444 0.69609375 0.03611111111111111 0.0109375
0 0.6888888888888889 0.658984375 0.013888888888888888 0.01171875
0 0.6833333333333333 0.778515625 0.03888888888888889 0.01484375
