0 0.6743055555555556 0.028125 0.04027777777777778 0.03125
0 0.6368055555555555 0.1390625 0.05138888888888889 0.0265625
0 0.5756944444444444 0.159375 0.04861111111111111 0.021875
0 0.5805555555555556 0.18671875 0.05277777777777778 0.0328125
0 0.6243055555555556 0.1625 0.05416666666666667 0.028125
0 0.6347222222222222 0.180078125 0.05277777777777778 0.02734375
0 0.6041666666666666 0.21328125 0.041666666666666664 0.0171875
0 0.63125 0.237890625 0.04583333333333333 0.03046875
0 0.5909722222222222 0.24921875 0.04027777777777778 0.0234375
0 0.5236111111111111 0.258203125 0.04722222222222222 0.02578125
0 0.5458333333333333 0.232421875 0.03611111111111111 0.01796875
0 0.76875 0.141015625 0.03194444444444444 0.02890625
0 0.6111111111111112 0.366796875 0.05555555555555555 0.03046875
0 0.5583333333333333 0.388671875 0.05 0.03046875
0 0.5430555555555555 0.369140625 0.03888888888888889 0.01640625
0 0.5229166666666667 0.42578125 0.05416666666666667 0.025
0 0.7194444444444444 0.339453125 0.044444444444444446 0.02109375
0 0.6965277777777777 0.41484375 0.05138888888888889 0.0265625
0 0.8 0.388671875 0.03333333333333333 0.02109375
0 0.7972222222222223 0.338671875 0.04722222222222222 0.02421875
0 0.84375 0.346484375 0.0625 0.02265625
0 0.7840277777777778 0.448046875 0.05138888888888889 0.03203125
0 0.8298611111111112 0.449609375 0.04027777777777778 0.02734375
0 0.43333333333333335 0.49765625 0.041666666666666664 0.025
0 0.4777777777777778 0.501171875 0.041666666666666664 0.02734375
0 0.7027777777777777 0.4875 0.041666666666666664 0.0234375
0 0.8333333333333334 0.190625 0.04722222222222222 0.025
0 0.7354166666666667 0.53046875 0.05694444444444444 0.0296875
0 0.0763888888888889 0.55234375 0.05277777777777778 0.0265625
0 0.07083333333333333 0.5828125 0.05277777777777778 0.0328125
0 0.02361111111111111 0.580859375 0.041666666666666664 0.01953125
0 0.45208333333333334 0.63046875 0.07083333333333333 0.034375
0 0.4847222222222222 0.658203125 0.06111111111111111 0.02890625
0 0.39444444444444443 0.334765625 0.027777777777777776 0.02890625
0 0.8 0.4640625 0.044444444444444446 0.0203125
0 0.1076388888888889 0.5875 0.004166666666666667 0.0015625
0 0.1 0.59765625 0.025 0.0203125
0 0.7319444444444444 0.2671875 0.05277777777777778 0.01875
0 0.7486111111111111 0.30625 0.025 0.015625
0 0.5583333333333333 0.589453125 0.05 0.02265625
0 0.7381944444444445 0.108984375 0.043055555555555555 0.02109375
0 0.5166666666666667 0.51484375 0.05 0.0203125
0 0.9604166666666667 0.711328125 0.034722222222222224 0.02109375
0 0.40902777777777777 0.6625 0.04027777777777778 0.015625
0 0.7909722222222222 0.576171875 0.02361111111111111 0.01640625
