0 0.016666666666666666 0.506640625 0.030555555555555555 0.02109375
0 0.19236111111111112 0.48515625 0.034722222222222224 0.021875
0 0.25069444444444444 0.48359375 0.043055555555555555 0.0234375
0 0.8291666666666667 0.518359375 0.05555555555555555 0.02734375
0 0.6333333333333333 0.48671875 0.044444444444444446 0.0234375
0 0.46458333333333335 0.4734375 0.0375 0.0203125
0 0.24444444444444444 0.389453125 0.03611111111111111 0.01640625
0 0.19305555555555556 0.333203125 0.03888888888888889 0.01640625
0 0.8319444444444445 0.188671875 0.04722222222222222 0.02734375
0 0.8465277777777778 0.3109375 0.0375 0.025
0 0.9472222222222222 0.308203125 0.041666666666666664 0.02734375
0 0.9055555555555556 0.496484375 0.05 0.02109375
0 0.3972222222222222 0.321484375 0.03611111111111111 0.01484375
0 0.3541666666666667 0.3109375 0.025 0.0140625
0 0.25416666666666665 0.4125 0.025 0.0140625
0 0.25069444444444444 0.335546875 0.02638888888888889 0.01328125
0 0.8388888888888889 0.54140625 0.06111111111111111 0.021875
0 0.020833333333333332 0.2109375 0.03888888888888889 0.0203125
0 0.013888888888888888 0.189453125 0.027777777777777776 0.02109375
0 0.7847222222222222 0.189453125 0.03888888888888889 0.01796875
0 0.059027777777777776 0.208984375 0.02361111111111111 0.01640625
0 0.034027777777777775 0.147265625 0.03194444444444444 0.01328125
0 0.0375 0.175 0.011111111111111112 0.009375
0 0.034027777777777775 0.282421875 0.018055555555555554 0.01640625
0 0.07708333333333334 0.276171875 0.03194444444444444 0.01796875
0 0.09375 0.320703125 0.02361111111111111 0.01171875
0 0.07152777777777777 0.319921875 0.02638888888888889 0.01953125
0 0.09375 0.332421875 0.03194444444444444 0.01171875
0 0.22708333333333333 0.370703125 0.029166666666666667 0.01328125
0 0.17916666666666667 0.493359375 0.03888888888888889 0.02265625
0 0.24375 0.42109375 0.020833333333333332 0.0125
0 0.3951388888888889 0.378515625 0.018055555555555554 0.01640625
0 0.3958333333333333 0.395703125 0.025 0.01015625
0 0.42083333333333334 0.394921875 0.030555555555555555 0.01171875
0 0.29444444444444445 0.45078125 0.03888888888888889 0.015625
0 0.3145833333333333 0.503515625 0.029166666666666667 0.01796875
0 0.33402777777777776 0.5 0.04583333333333333 0.0234375
0 0.3909722222222222 0.480078125 0.020833333333333332 0.01171875
0 0.4263888888888889 0.4796875 0.027777777777777776 0.0171875
0 0.4111111111111111 0.5046875 0.03888888888888889 0.0171875
0 0.6680555555555555 0.46640625 0.03333333333333333 0.0140625
0 0.8784722222222222 0.29609375 0.0375 0.025
0 0.9569444444444445 0.320703125 0.03333333333333333 0.01484375
0 0.9833333333333333 0.311328125 0.030555555555555555 0.02578125
