0 0.7 0.036328125 0.05 0.03671875
0 0.6631944444444444 0.03359375 0.03194444444444444 0.0234375
0 0.6638888888888889 0.06875 0.05555555555555555 0.0359375
0 0.6979166666666666 0.0671875 0.02638888888888889 0.028125
0 0.51875 0.1203125 0.020833333333333332 0.028125
0 0.5708333333333333 0.1453125 0.04722222222222222 0.015625
0 0.5770833333333333 0.1234375 0.06527777777777778 0.03125
0 0.8715277777777778 0.256640625 0.07361111111111111 0.03515625
0 0.6256944444444444 0.173828125 0.043055555555555555 0.02578125
0 0.5722222222222222 0.166796875 0.044444444444444446 0.02109375
0 0.6041666666666666 0.189453125 0.05277777777777778 0.02578125
0 0.7166666666666667 0.26328125 0.03888888888888889 0.0265625
0 0.6902777777777778 0.27109375 0.044444444444444446 0.025
0 0.7520833333333333 0.290234375 0.04861111111111111 0.03203125
0 0.70625 0.303515625 0.059722222222222225 0.03984375
0 0.5506944444444445 0.2078125 0.04861111111111111 0.034375
0 0.4409722222222222 0.226171875 0.059722222222222225 0.02734375
0 0.3909722222222222 0.25703125 0.059722222222222225 0.0265625
0 0.4236111111111111 0.291796875 0.041666666666666664 0.02734375
0 0.47847222222222224 0.305859375 0.04027777777777778 0.02421875
0 0.6173611111111111 0.3046875 0.043055555555555555 0.0234375
0 0.6090277777777777 0.331640625 0.0375 0.03046875
0 0.6451388888888889 0.346875 0.04583333333333333 0.021875
0 0.7354166666666667 0.38046875 0.059722222222222225 0.028125
0 0.6569444444444444 0.38203125 0.041666666666666664 0.0171875
0 0.4652777777777778 0.3734375 0.06111111111111111 0.03125
0 0.42777777777777776 0.324609375 0.06388888888888888 0.03046875
0 0.4888888888888889 0.34140625 0.058333333333333334 0.03125
0 0.39166666666666666 0.3734375 0.058333333333333334 0.028125
0 0.36041666666666666 0.390625 0.05416666666666667 0.0296875
0 0.7444444444444445 0.481640625 0.044444444444444446 0.02734375
0 0.8416666666666667 0.482421875 0.05555555555555555 0.03046875
0 0.8791666666666667 0.475390625 0.04722222222222222 0.02734375
0 0.7840277777777778 0.481640625 0.03194444444444444 0.02734375
0 0.8229166666666666 0.5609375 0.04583333333333333 0.0359375
0 0.7652777777777777 0.566796875 0.05277777777777778 0.03828125
0 0.6173611111111111 0.547265625 0.07083333333333333 0.04140625
0 0.4361111111111111 0.450390625 0.058333333333333334 0.02890625
0 0.34305555555555556 0.410546875 0.044444444444444446 0.01953125
0 0.9763888888888889 0.5265625 0.041666666666666664 0.0296875
0 0.8930555555555556 0.59765625 0.05277777777777778 0.0328125
0 0.8347222222222223 0.58984375 0.07222222222222222 0.0328125
0 0.9486111111111111 0.586328125 0.041666666666666664 0.02734375
0 0.9659722222222222 0.565625 0.05138888888888889 0.028125
0 0.42986111111111114 0.608984375 0.05694444444444444 0.02734375
0 0.4041666666666667 0.558984375 0.05555555555555555 0.02734375
0 0.7284722222222222 0.718359375 0.05416666666666667 0.03203125
0 0.7972222222222223 0.775 0.06111111111111111 0.0359375
0 0.5826388888888889 0.749609375 0.04583333333333333 0.02890625
0 0.5868055555555556 0.878125 0.07083333333333333 0.0375
0 0.33055555555555555 0.716015625 0.05555555555555555 0.02109375
0 0.3659722222222222 0.711328125 0.05416666666666667 0.03046875
0 0.3055555555555556 0.63046875 0.04722222222222222 0.0203125
0 0.28194444444444444 0.730859375 0.05277777777777778 0.02890625
0 0.3958333333333333 0.7296875 0.05 0.025
0 0.2548611111111111 0.83671875 0.04027777777777778 0.0265625
0 0.2798611111111111 0.8296875 0.06527777777777778 0.034375
0 0.7111111111111111 0.980859375 0.05555555555555555 0.02578125
0 0.9319444444444445 0.96875 0.05555555555555555 0.034375
0 0.9833333333333333 0.963671875 0.025 0.02734375
0 0.2847222222222222 0.7625 0.05277777777777778 0.0265625
0 0.3 0.554296875 0.05277777777777778 0.03203125
0 0.24722222222222223 0.55390625 0.041666666666666664 0.028125
0 0.6631944444444444 0.46953125 0.06805555555555555 0.0359375
0 0.24375 0.794921875 0.059722222222222225 0.02578125
0 0.2111111111111111 0.819921875 0.044444444444444446 0.02578125
0 0.1701388888888889 0.818359375 0.0375 0.03046875
0 0.6715277777777777 0.295703125 0.03194444444444444 0.02890625
0 0.6534722222222222 0.12265625 0.07361111111111111 0.0359375
0 0.9576388888888889 0.399609375 0.0375 0.01640625
0 0.40069444444444446 0.459375 0.03194444444444444 0.0109375
0 0.3458333333333333 0.55078125 0.03333333333333333 0.0265625
0 0.08888888888888889 0.598046875 0.027777777777777776 0.02109375
0 0.13402777777777777 0.59375 0.043055555555555555 0.0203125
0 0.3611111111111111 0.91953125 0.041666666666666664 0.0296875
0 0.5138888888888888 0.909375 0.04722222222222222 0.025
0 0.16041666666666668 0.92265625 0.020833333333333332 0.0171875
0 0.95625 0.695703125 0.04583333333333333 0.02109375
0 0.8215277777777777 0.724609375 0.029166666666666667 0.01953125
0 0.9 0.755859375 0.041666666666666664 0.01171875
0 0.6847222222222222 0.6578125 0.03888888888888889 0.0203125
0 0.6416666666666667 0.7984375 0.041666666666666664 0.025
0 0.74375 0.79375 0.020833333333333332 0.0125
0 0.6305555555555555 0.616796875 0.05555555555555555 0.03671875
0 0.6076388888888888 0.58359375 0.0375 0.015625
0 0.6506944444444445 0.57265625 0.018055555555555554 0.0109375
0 0.9715277777777778 0.4859375 0.03194444444444444 0.0140625
