0 0.8965277777777778 0.541015625 0.07361111111111111 0.03984375
0 0.9361111111111111 0.596484375 0.08611111111111111 0.03828125
0 0.8604166666666667 0.5875 0.06527777777777778 0.0359375
0 0.8743055555555556 0.70078125 0.07361111111111111 0.028125
0 0.6465277777777778 0.544921875 0.04583333333333333 0.01953125
0 0.03333333333333333 0.52265625 0.05277777777777778 0.03125
0 0.3861111111111111 0.51015625 0.03611111111111111 0.021875
0 0.7527777777777778 0.449609375 0.04722222222222222 0.02578125
0 0.0375 0.219140625 0.044444444444444446 0.01953125
0 0.15486111111111112 0.2265625 0.0375 0.0203125
0 0.10555555555555556 0.187890625 0.041666666666666664 0.02109375
0 0.23819444444444443 0.315625 0.034722222222222224 0.0203125
0 0.029861111111111113 0.104296875 0.04027777777777778 0.02109375
0 0.08541666666666667 0.140234375 0.029166666666666667 0.01953125
0 0.06597222222222222 0.109765625 0.0375 0.02109375
0 0.3229166666666667 0.390625 0.0375 0.0203125
0 0.4166666666666667 0.330859375 0.03333333333333333 0.01796875
0 0.25277777777777777 0.358203125 0.03611111111111111 0.01953125
0 0.70625 0.40546875 0.034722222222222224 0.01875
0 0.8375 0.405859375 0.03611111111111111 0.01328125
0 0.9097222222222222 0.40703125 0.03333333333333333 0.021875
0 0.94375 0.402734375 0.034722222222222224 0.02109375
0 0.18541666666666667 0.47578125 0.043055555555555555 0.0203125
0 0.8680555555555556 0.659375 0.06944444444444445 0.0328125
0 0.1076388888888889 0.24765625 0.02638888888888889 0.015625
0 0.041666666666666664 0.15234375 0.027777777777777776 0.021875
0 0.007638888888888889 0.149609375 0.015277777777777777 0.02421875
0 0.011805555555555555 0.331640625 0.020833333333333332 0.01640625
0 0.16597222222222222 0.266796875 0.034722222222222224 0.02109375
0 0.20347222222222222 0.2765625 0.02361111111111111 0.01875
0 0.22430555555555556 0.2734375 0.029166666666666667 0.0171875
0 0.2659722222222222 0.276953125 0.034722222222222224 0.01796875
0 0.22013888888888888 0.306640625 0.03194444444444444 0.02109375
0 0.2013888888888889 0.326171875 0.03888888888888889 0.02109375
0 0.18541666666666667 0.336328125 0.034722222222222224 0.01953125
0 0.18333333333333332 0.377734375 0.03333333333333333 0.01796875
0 0.23194444444444445 0.39296875 0.027777777777777776 0.0171875
0 0.3236111111111111 0.40859375 0.03888888888888889 0.0203125
0 0.20277777777777778 0.486328125 0.019444444444444445 0.01015625
0 0.043055555555555555 0.596875 0.03333333333333333 0.0171875
0 0.018055555555555554 0.615625 0.03333333333333333 0.01875
0 0.9069444444444444 0.627734375 0.05555555555555555 0.03046875
0 0.9770833333333333 0.578125 0.03194444444444444 0.0328125
0 0.7229166666666667 0.5234375 0.018055555555555554 0.0109375
0 0.7875 0.4734375 0.027777777777777776 0.0078125
0 0.8013888888888889 0.4515625 0.03333333333333333 0.01875
0 0.8736111111111111 0.427734375 0.030555555555555555 0.01171875
0 0.9229166666666667 0.435546875 0.02361111111111111 0.01484375
0 0.9618055555555556 0.46328125 0.029166666666666667 0.0140625
0 0.3125 0.45703125 0.03333333333333333 0.0125
0 0.5201388888888889 0.39296875 0.02361111111111111 0.0109375
0 0.12638888888888888 0.330078125 0.008333333333333333 0.01328125
0 0.015277777777777777 0.20625 0.019444444444444445 0.0140625
0 0.05347222222222222 0.198046875 0.020833333333333332 0.01953125
