0 0.10694444444444444 0.77109375 0.027777777777777776 0.021875
0 0.025 0.631640625 0.030555555555555555 0.01484375
0 0.5666666666666667 0.601953125 0.03888888888888889 0.01328125
0 0.5520833333333334 0.587890625 0.03194444444444444 0.01171875
0 0.07291666666666667 0.533984375 0.04027777777777778 0.02109375
0 0.043055555555555555 0.540625 0.019444444444444445 0.015625
0 0.07569444444444444 0.490234375 0.0375 0.01953125
0 0.04513888888888889 0.476171875 0.04027777777777778 0.01953125
0 0.050694444444444445 0.435546875 0.03194444444444444 0.02109375
0 0.0125 0.426953125 0.025 0.01796875
0 0.06944444444444445 0.35234375 0.03888888888888889 0.0234375
0 0.006944444444444444 0.2953125 0.011111111111111112 0.0203125
0 0.6006944444444444 0.3703125 0.0375 0.021875
0 0.5625 0.36171875 0.041666666666666664 0.0234375
0 0.5465277777777777 0.29375 0.029166666666666667 0.01875
0 0.4076388888888889 0.226171875 0.04583333333333333 0.03046875
0 0.3458333333333333 0.243359375 0.044444444444444446 0.02265625
0 0.3902777777777778 0.24453125 0.04722222222222222 0.01875
0 0.39444444444444443 0.271875 0.03888888888888889 0.0171875
0 0.06944444444444445 0.787109375 0.019444444444444445 0.01328125
0 0.016666666666666666 0.456640625 0.030555555555555555 0.01640625
0 0.12430555555555556 0.866796875 0.043055555555555555 0.03203125
0 0.2861111111111111 0.8375 0.04722222222222222 0.0265625
0 0.9652777777777778 0.769921875 0.016666666666666666 0.01484375
0 0.35138888888888886 0.215625 0.041666666666666664 0.0171875
0 0.009027777777777777 0.40390625 0.018055555555555554 0.0109375
0 0.006944444444444444 0.4828125 0.011111111111111112 0.025
0 0.08125 0.4703125 0.029166666666666667 0.0203125
0 0.06388888888888888 0.45390625 0.03333333333333333 0.0234375
