0 0.5451388888888888 0.554296875 0.034722222222222224 0.01328125
0 0.8958333333333334 0.415625 0.03611111111111111 0.009375
0 0.9513888888888888 0.616796875 0.03333333333333333 0.01171875
0 0.9819444444444444 0.626171875 0.03333333333333333 0.00859375
0 0.45208333333333334 0.680078125 0.06805555555555555 0.02265625
0 0.24375 0.62578125 0.04861111111111111 0.0234375
0 0.013888888888888888 0.530859375 0.027777777777777776 0.03203125
0 0.39444444444444443 0.70390625 0.05277777777777778 0.028125
0 0.48194444444444445 0.6953125 0.03333333333333333 0.0375
0 0.47708333333333336 0.762109375 0.04027777777777778 0.03359375
