0 0.10625 0.413671875 0.03194444444444444 0.01484375
0 0.6645833333333333 0.47578125 0.0375 0.0265625
0 0.5743055555555555 0.385546875 0.03194444444444444 0.02421875
0 0.6034722222222222 0.391796875 0.04027777777777778 0.01796875
0 0.7 0.467578125 0.019444444444444445 0.01484375
0 0.2326388888888889 0.3359375 0.03194444444444444 0.0171875
0 0.21319444444444444 0.35078125 0.03194444444444444 0.0171875
0 0.22291666666666668 0.35859375 0.018055555555555554 0.0109375
0 0.5458333333333333 0.405078125 0.030555555555555555 0.01484375
0 0.0375 0.48984375 0.016666666666666666 0.015625
