0 0.5055555555555555 0.43828125 0.025 0.0140625
0 0.5375 0.43515625 0.03611111111111111 0.01875
0 0.4798611111111111 0.490625 0.05138888888888889 0.0265625
0 0.44930555555555557 0.507421875 0.04027777777777778 0.01640625
0 0.4847222222222222 0.56640625 0.019444444444444445 0.0125
0 0.5638888888888889 0.554296875 0.044444444444444446 0.02734375
0 0.5965277777777778 0.544140625 0.04583333333333333 0.02421875
0 0.6395833333333333 0.62109375 0.05416666666666667 0.0265625
0 0.5569444444444445 0.64921875 0.05277777777777778 0.025
0 0.1986111111111111 0.71875 0.044444444444444446 0.0296875
0 0.25555555555555554 0.734765625 0.04722222222222222 0.02734375
0 0.42777777777777776 0.673828125 0.041666666666666664 0.01796875
0 0.5125 0.69375 0.025 0.0140625
0 0.4826388888888889 0.7484375 0.034722222222222224 0.025
0 0.6152777777777778 0.669921875 0.044444444444444446 0.02265625
0 0.7 0.679296875 0.044444444444444446 0.03359375
0 0.7319444444444444 0.70234375 0.05 0.021875
0 0.7465277777777778 0.659765625 0.04861111111111111 0.01796875
0 0.5166666666666667 0.459765625 0.025 0.01953125
0 0.5756944444444444 0.47734375 0.0375 0.025
0 0.09583333333333334 0.58203125 0.03888888888888889 0.025
0 0.08402777777777778 0.53515625 0.03194444444444444 0.0234375
0 0.06111111111111111 0.251171875 0.058333333333333334 0.03359375
0 0.5166666666666667 0.510546875 0.03888888888888889 0.01796875
0 0.5722222222222222 0.516015625 0.041666666666666664 0.02578125
0 0.05 0.53984375 0.05277777777777778 0.0328125
0 0.035416666666666666 0.75546875 0.04583333333333333 0.03125
0 0.4465277777777778 0.74765625 0.020833333333333332 0.0203125
0 0.021527777777777778 0.23671875 0.0375 0.0328125
0 0.08194444444444444 0.566015625 0.027777777777777776 0.01484375
0 0.04236111111111111 0.573046875 0.02638888888888889 0.01640625
0 0.029861111111111113 0.7171875 0.05138888888888889 0.028125
0 0.018055555555555554 0.580859375 0.030555555555555555 0.01796875
0 0.2708333333333333 0.76484375 0.03333333333333333 0.0171875
0 0.4875 0.630859375 0.03611111111111111 0.01484375
0 0.9715277777777778 0.643359375 0.03194444444444444 0.01796875
0 0.9923611111111111 0.6453125 0.0125 0.01875
