0 0.0875 0.128125 0.022222222222222223 0.01875
0 0.010416666666666666 0.208984375 0.018055555555555554 0.01953125
0 0.02847222222222222 0.2203125 0.020833333333333332 0.015625
0 0.03888888888888889 0.205078125 0.030555555555555555 0.01796875
0 0.10416666666666667 0.19140625 0.041666666666666664 0.028125
0 0.09652777777777778 0.2625 0.0375 0.021875
0 0.12222222222222222 0.272265625 0.041666666666666664 0.02265625
0 0.15833333333333333 0.444921875 0.041666666666666664 0.02265625
0 0.17777777777777778 0.616015625 0.03888888888888889 0.02421875
0 0.13819444444444445 0.66328125 0.07361111111111111 0.0375
0 0.06944444444444445 0.713671875 0.06666666666666667 0.03203125
0 0.10069444444444445 0.7484375 0.04861111111111111 0.0390625
0 0.03125 0.7796875 0.04027777777777778 0.01875
0 0.08611111111111111 0.78203125 0.044444444444444446 0.021875
0 0.2152777777777778 0.8296875 0.03333333333333333 0.01875
0 0.3451388888888889 0.8671875 0.05138888888888889 0.0359375
0 0.37083333333333335 0.711328125 0.05 0.02890625
0 0.22291666666666668 0.733984375 0.0375 0.01328125
0 0.24861111111111112 0.74453125 0.025 0.0171875
0 0.28680555555555554 0.769140625 0.029166666666666667 0.01640625
0 0.3111111111111111 0.7703125 0.030555555555555555 0.01875
0 0.34652777777777777 0.602734375 0.034722222222222224 0.01328125
0 0.4534722222222222 0.60234375 0.02361111111111111 0.0140625
0 0.42777777777777776 0.653125 0.019444444444444445 0.009375
0 0.5333333333333333 0.757421875 0.05555555555555555 0.03046875
0 0.19236111111111112 0.146484375 0.03194444444444444 0.01796875
0 0.20625 0.047265625 0.043055555555555555 0.02421875
0 0.2388888888888889 0.03515625 0.041666666666666664 0.028125
0 0.25555555555555554 0.114453125 0.041666666666666664 0.02578125
0 0.27152777777777776 0.141796875 0.043055555555555555 0.02890625
0 0.32222222222222224 0.14453125 0.044444444444444446 0.025
0 0.31666666666666665 0.05234375 0.03611111111111111 0.025
0 0.35833333333333334 0.05390625 0.041666666666666664 0.0234375
0 0.3951388888888889 0.06328125 0.04583333333333333 0.0296875
0 0.29930555555555555 0.0796875 0.05138888888888889 0.03125
0 0.3375 0.105859375 0.03611111111111111 0.01484375
0 0.18611111111111112 0.164453125 0.03888888888888889 0.01796875
0 0.25069444444444444 0.198828125 0.0375 0.01953125
0 0.23402777777777778 0.290625 0.0375 0.0140625
0 0.26944444444444443 0.262109375 0.04722222222222222 0.02421875
0 0.2833333333333333 0.299609375 0.03333333333333333 0.02109375
0 0.3375 0.327734375 0.03888888888888889 0.02421875
0 0.23194444444444445 0.441796875 0.04722222222222222 0.02109375
0 0.2361111111111111 0.45546875 0.044444444444444446 0.0171875
0 0.8159722222222222 0.84140625 0.05416666666666667 0.0390625
0 0.8909722222222223 0.847265625 0.0625 0.03984375
0 0.8138888888888889 0.8046875 0.06666666666666667 0.0328125
0 0.8763888888888889 0.667578125 0.030555555555555555 0.02265625
0 0.8756944444444444 0.718359375 0.0625 0.03515625
0 0.9534722222222223 0.74921875 0.0625 0.034375
0 0.9284722222222223 0.771875 0.04583333333333333 0.0234375
0 0.9881944444444445 0.770703125 0.020833333333333332 0.02734375
0 0.9430555555555555 0.79140625 0.04722222222222222 0.028125
0 0.7229166666666667 0.58515625 0.043055555555555555 0.0109375
0 0.6104166666666667 0.633203125 0.029166666666666667 0.01953125
0 0.56875 0.54609375 0.018055555555555554 0.0125
0 0.6861111111111111 0.5234375 0.019444444444444445 0.009375
0 0.40069444444444446 0.222265625 0.04583333333333333 0.02265625
0 0.3763888888888889 0.2828125 0.044444444444444446 0.025
0 0.42777777777777776 0.296484375 0.041666666666666664 0.02265625
0 0.47152777777777777 0.29296875 0.05138888888888889 0.03125
0 0.5104166666666666 0.0390625 0.04583333333333333 0.01875
0 0.5111111111111111 0.06171875 0.041666666666666664 0.021875
0 0.46944444444444444 0.1671875 0.05 0.028125
0 0.5131944444444444 0.233984375 0.05138888888888889 0.03359375
0 0.5715277777777777 0.239453125 0.059722222222222225 0.02421875
0 0.6791666666666667 0.2875 0.06666666666666667 0.034375
0 0.7451388888888889 0.2359375 0.06805555555555555 0.0390625
0 0.7083333333333334 0.2984375 0.05277777777777778 0.0296875
0 0.7576388888888889 0.292578125 0.05138888888888889 0.02578125
0 0.7611111111111111 0.30859375 0.03888888888888889 0.0109375
0 0.8972222222222223 0.52578125 0.03611111111111111 0.015625
0 0.5979166666666667 0.080078125 0.05694444444444444 0.03515625
0 0.6243055555555556 0.073046875 0.03194444444444444 0.02890625
0 0.6319444444444444 0.16015625 0.06388888888888888 0.0375
0 0.7673611111111112 0.143359375 0.04861111111111111 0.03359375
0 0.8118055555555556 0.154296875 0.0625 0.03984375
0 0.8375 0.09140625 0.058333333333333334 0.0375
0 0.975 0.011328125 0.03888888888888889 0.01796875
0 0.9597222222222223 0.04375 0.04722222222222222 0.025
0 0.9902777777777778 0.0515625 0.013888888888888888 0.025
0 0.9708333333333333 0.066796875 0.03888888888888889 0.02265625
0 0.9847222222222223 0.098828125 0.025 0.01640625
0 0.9576388888888889 0.14296875 0.034722222222222224 0.0171875
0 0.9875 0.180859375 0.019444444444444445 0.00703125
0 0.9347222222222222 0.26953125 0.027777777777777776 0.0171875
0 0.8909722222222223 0.170703125 0.02638888888888889 0.01796875
0 0.43472222222222223 0.081640625 0.041666666666666664 0.02265625
0 0.8652777777777778 0.347265625 0.025 0.01171875
0 0.8951388888888889 0.4953125 0.02361111111111111 0.0140625
0 0.06736111111111111 0.21640625 0.05138888888888889 0.015625
0 0.050694444444444445 0.3140625 0.03194444444444444 0.0140625
0 0.06458333333333334 0.274609375 0.02638888888888889 0.01171875
0 0.8743055555555556 0.20703125 0.02361111111111111 0.0125
0 0.8756944444444444 0.037109375 0.02638888888888889 0.01796875
0 0.7631944444444444 0.020703125 0.04861111111111111 0.02578125
0 0.09513888888888888 0.56328125 0.029166666666666667 0.01875
