0 0.6972222222222222 0.28125 0.05 0.0296875
0 0.7520833333333333 0.39921875 0.034722222222222224 0.0265625
0 0.8048611111111111 0.371484375 0.018055555555555554 0.01171875
0 0.86875 0.454296875 0.05138888888888889 0.02265625
0 0.9680555555555556 0.483203125 0.05 0.02578125
0 0.8930555555555556 0.493359375 0.05 0.02421875
0 0.8673611111111111 0.5 0.0375 0.015625
0 0.9277777777777778 0.50625 0.03888888888888889 0.0234375
0 0.9763888888888889 0.5171875 0.044444444444444446 0.025
0 0.9868055555555556 0.504296875 0.02361111111111111 0.01640625
