0 0.37083333333333335 0.127734375 0.03611111111111111 0.01796875
0 0.3972222222222222 0.13203125 0.027777777777777776 0.0203125
0 0.41944444444444445 0.131640625 0.022222222222222223 0.01328125
0 0.44027777777777777 0.140625 0.027777777777777776 0.015625
0 0.4597222222222222 0.11796875 0.030555555555555555 0.0171875
0 0.49236111111111114 0.112109375 0.03194444444444444 0.02109375
0 0.5201388888888889 0.087109375 0.0375 0.01484375
0 0.49444444444444446 0.133203125 0.027777777777777776 0.01484375
0 0.5208333333333334 0.137890625 0.016666666666666666 0.01640625
0 0.5319444444444444 0.158203125 0.03333333333333333 0.02109375
0 0.4986111111111111 0.181640625 0.030555555555555555 0.01796875
0 0.575 0.137890625 0.030555555555555555 0.01484375
0 0.6034722222222222 0.171875 0.018055555555555554 0.015625
0 0.6576388888888889 0.03203125 0.03194444444444444 0.0203125
0 0.6576388888888889 0.046875 0.03194444444444444 0.015625
0 0.7159722222222222 0.048828125 0.02638888888888889 0.01796875
0 0.7458333333333333 0.113671875 0.03333333333333333 0.01640625
0 0.6527777777777778 0.17890625 0.041666666666666664 0.034375
0 0.7020833333333333 0.1671875 0.04861111111111111 0.03125
0 0.7805555555555556 0.177734375 0.041666666666666664 0.02421875
0 0.8291666666666667 0.072265625 0.011111111111111112 0.01953125
0 0.8375 0.088671875 0.027777777777777776 0.02265625
0 0.8590277777777777 0.076953125 0.029166666666666667 0.02109375
0 0.8777777777777778 0.097265625 0.03611111111111111 0.01953125
0 0.6958333333333333 0.1984375 0.04722222222222222 0.025
0 0.8805555555555555 0.190625 0.06111111111111111 0.034375
0 0.044444444444444446 0.2609375 0.025 0.015625
0 0.15138888888888888 0.3671875 0.03333333333333333 0.015625
0 0.21319444444444444 0.370703125 0.020833333333333332 0.01328125
0 0.24722222222222223 0.334375 0.025 0.0078125
0 0.1597222222222222 0.3390625 0.030555555555555555 0.0140625
0 0.325 0.355859375 0.03611111111111111 0.02109375
0 0.34652777777777777 0.39453125 0.020833333333333332 0.0140625
0 0.049305555555555554 0.42109375 0.034722222222222224 0.015625
0 0.004861111111111111 0.53828125 0.009722222222222222 0.009375
0 0.025 0.531640625 0.030555555555555555 0.01484375
0 0.05 0.52578125 0.025 0.0125
0 0.07847222222222222 0.519921875 0.029166666666666667 0.01484375
0 0.10277777777777777 0.519140625 0.027777777777777776 0.01328125
0 0.09236111111111112 0.5484375 0.029166666666666667 0.0171875
0 0.11527777777777778 0.582421875 0.027777777777777776 0.01328125
0 0.17569444444444443 0.515234375 0.04583333333333333 0.03046875
0 0.21666666666666667 0.53359375 0.04722222222222222 0.0234375
0 0.16805555555555557 0.41875 0.027777777777777776 0.021875
0 0.19652777777777777 0.42890625 0.04027777777777778 0.025
0 0.2423611111111111 0.44375 0.04583333333333333 0.0234375
0 0.28194444444444444 0.533203125 0.030555555555555555 0.01640625
0 0.31319444444444444 0.543359375 0.03194444444444444 0.01796875
0 0.35694444444444445 0.56328125 0.03333333333333333 0.0171875
0 0.475 0.549609375 0.03611111111111111 0.01953125
0 0.5902777777777778 0.2390625 0.044444444444444446 0.0296875
0 0.6368055555555555 0.24375 0.04583333333333333 0.03125
0 0.6944444444444444 0.24140625 0.05 0.0296875
0 0.7527777777777778 0.248046875 0.05 0.02734375
0 0.9854166666666667 0.315625 0.02638888888888889 0.0234375
0 0.975 0.33359375 0.03888888888888889 0.0234375
0 0.7444444444444445 0.29609375 0.044444444444444446 0.0234375
0 0.7805555555555556 0.315234375 0.03888888888888889 0.02421875
0 0.9451388888888889 0.46484375 0.034722222222222224 0.0171875
0 0.9736111111111111 0.528125 0.04722222222222222 0.0265625
0 0.8840277777777777 0.75546875 0.02361111111111111 0.01875
0 0.9486111111111111 0.74375 0.03333333333333333 0.0203125
0 0.6909722222222222 0.626953125 0.034722222222222224 0.01171875
0 0.6951388888888889 0.64140625 0.02638888888888889 0.0140625
0 0.7909722222222222 0.6671875 0.02361111111111111 0.015625
0 0.325 0.45546875 0.03333333333333333 0.021875
0 0.37430555555555556 0.48359375 0.0375 0.0234375
0 0.41041666666666665 0.476953125 0.043055555555555555 0.01953125
0 0.46875 0.46171875 0.04583333333333333 0.028125
0 0.42083333333333334 0.275 0.011111111111111112 0.009375
0 0.4076388888888889 0.2796875 0.03194444444444444 0.0203125
0 0.38958333333333334 0.283984375 0.018055555555555554 0.01484375
0 0.45069444444444445 0.284765625 0.02638888888888889 0.01796875
0 0.4722222222222222 0.2890625 0.03611111111111111 0.0203125
0 0.5201388888888889 0.269921875 0.03194444444444444 0.01953125
0 0.5152777777777777 0.284765625 0.03333333333333333 0.01796875
0 0.5840277777777778 0.260546875 0.02638888888888889 0.01171875
0 0.5743055555555555 0.3 0.02638888888888889 0.0203125
0 0.58125 0.31796875 0.03194444444444444 0.0140625
0 0.6513888888888889 0.278515625 0.03611111111111111 0.02109375
0 0.6847222222222222 0.27109375 0.044444444444444446 0.0265625
0 0.7319444444444444 0.27109375 0.025 0.0171875
0 0.69375 0.28984375 0.04583333333333333 0.025
0 0.5923611111111111 0.41171875 0.0625 0.0265625
0 0.64375 0.444140625 0.05138888888888889 0.03359375
0 0.7722222222222223 0.447265625 0.03611111111111111 0.01953125
0 0.5798611111111112 0.519921875 0.04861111111111111 0.02421875
0 0.6965277777777777 0.540625 0.04861111111111111 0.028125
0 0.7756944444444445 0.532421875 0.05138888888888889 0.02578125
0 0.9381944444444444 0.55390625 0.04027777777777778 0.0234375
0 0.9618055555555556 0.569921875 0.04861111111111111 0.02890625
0 0.8215277777777777 0.621484375 0.018055555555555554 0.01796875
0 0.85 0.6 0.044444444444444446 0.0234375
0 0.8361111111111111 0.567578125 0.044444444444444446 0.02578125
0 0.8916666666666667 0.772265625 0.03333333333333333 0.01328125
0 0.2611111111111111 0.363671875 0.019444444444444445 0.01640625
0 0.27847222222222223 0.373046875 0.018055555555555554 0.01015625
0 0.28402777777777777 0.42421875 0.02638888888888889 0.025
0 0.37430555555555556 0.41875 0.04861111111111111 0.0296875
0 0.4173611111111111 0.384375 0.03194444444444444 0.01875
0 0.5048611111111111 0.41171875 0.034722222222222224 0.015625
0 0.5645833333333333 0.43515625 0.03194444444444444 0.03125
0 0.7048611111111112 0.48828125 0.018055555555555554 0.015625
0 0.0625 0.34609375 0.03611111111111111 0.0140625
0 0.009722222222222222 0.31875 0.013888888888888888 0.00625
0 0.15763888888888888 0.31796875 0.04861111111111111 0.0234375
0 0.2375 0.544921875 0.027777777777777776 0.01328125
0 0.8451388888888889 0.4625 0.03194444444444444 0.015625
