0 0.3104166666666667 0.0453125 0.04583333333333333 0.028125
0 0.3236111111111111 0.013671875 0.030555555555555555 0.01953125
0 0.37222222222222223 0.028515625 0.04722222222222222 0.02421875
0 0.36736111111111114 0.059375 0.0375 0.021875
0 0.34791666666666665 0.077734375 0.020833333333333332 0.01953125
0 0.3972222222222222 0.076171875 0.041666666666666664 0.02734375
0 0.3854166666666667 0.119921875 0.03194444444444444 0.02734375
0 0.37569444444444444 0.13984375 0.03194444444444444 0.0203125
0 0.3611111111111111 0.153515625 0.03888888888888889 0.02109375
0 0.41597222222222224 0.145703125 0.029166666666666667 0.02578125
0 0.43472222222222223 0.098828125 0.03333333333333333 0.01953125
0 0.41944444444444445 0.11484375 0.03888888888888889 0.025
0 0.4861111111111111 0.120703125 0.027777777777777776 0.02109375
0 0.6159722222222223 0.136328125 0.06805555555555555 0.03671875
0 0.4965277777777778 0.1015625 0.03194444444444444 0.015625
0 0.48680555555555555 0.079296875 0.043055555555555555 0.02421875
0 0.37916666666666665 0.28515625 0.03333333333333333 0.0203125
0 0.49027777777777776 0.26953125 0.03888888888888889 0.0203125
0 0.5104166666666666 0.0375 0.043055555555555555 0.0328125
0 0.475 0.015234375 0.04722222222222222 0.02421875
0 0.5222222222222223 0.01015625 0.04722222222222222 0.0171875
0 0.4486111111111111 0.008203125 0.05 0.01484375
0 0.5381944444444444 0.046875 0.04027777777777778 0.03125
0 0.675 0.043359375 0.06944444444444445 0.03984375
0 0.6402777777777777 0.015234375 0.07222222222222222 0.02890625
0 0.6951388888888889 0.02109375 0.03194444444444444 0.009375
0 0.7680555555555556 0.03515625 0.05277777777777778 0.0125
0 0.5340277777777778 0.18671875 0.03194444444444444 0.028125
0 0.5048611111111111 0.234375 0.02361111111111111 0.0140625
0 0.5486111111111112 0.2203125 0.03333333333333333 0.0171875
0 0.5895833333333333 0.230859375 0.034722222222222224 0.03203125
0 0.6208333333333333 0.16796875 0.058333333333333334 0.0234375
0 0.8048611111111111 0.091796875 0.0625 0.03515625
0 0.9652777777777778 0.0734375 0.05555555555555555 0.0296875
0 0.6826388888888889 0.209375 0.04861111111111111 0.0328125
0 0.6458333333333334 0.240625 0.04722222222222222 0.0234375
0 0.7041666666666667 0.255859375 0.058333333333333334 0.02890625
0 0.7375 0.216796875 0.05555555555555555 0.03515625
0 0.7805555555555556 0.1859375 0.04722222222222222 0.0375
0 0.8215277777777777 0.174609375 0.05138888888888889 0.03203125
0 0.9527777777777777 0.291796875 0.05555555555555555 0.02578125
0 0.9020833333333333 0.156640625 0.06805555555555555 0.03828125
0 0.9638888888888889 0.138671875 0.06666666666666667 0.04140625
0 0.9138888888888889 0.18671875 0.041666666666666664 0.0359375
0 0.48194444444444445 0.315234375 0.03333333333333333 0.01640625
0 0.5590277777777778 0.36171875 0.0375 0.021875
0 0.3416666666666667 0.342578125 0.030555555555555555 0.01953125
0 0.7444444444444445 0.46328125 0.044444444444444446 0.025
0 0.7243055555555555 0.43515625 0.04861111111111111 0.0265625
0 0.3368055555555556 0.458203125 0.04027777777777778 0.02265625
0 0.225 0.34375 0.025 0.0125
0 0.44583333333333336 0.30390625 0.030555555555555555 0.0140625
0 0.2965277777777778 0.40234375 0.02638888888888889 0.015625
0 0.37430555555555556 0.403515625 0.034722222222222224 0.01953125
0 0.10347222222222222 0.365234375 0.02638888888888889 0.01484375
0 0.12152777777777778 0.37109375 0.02638888888888889 0.0171875
0 0.075 0.386328125 0.027777777777777776 0.01484375
0 0.1798611111111111 0.44375 0.034722222222222224 0.0140625
0 0.27361111111111114 0.3203125 0.027777777777777776 0.0140625
0 0.22777777777777777 0.392578125 0.025 0.01796875
0 0.3854166666666667 0.4265625 0.0375 0.021875
0 0.3715277777777778 0.454296875 0.029166666666666667 0.02109375
0 0.027777777777777776 0.521484375 0.05 0.02734375
0 0.03263888888888889 0.540234375 0.03194444444444444 0.01328125
0 0.2638888888888889 0.401171875 0.03611111111111111 0.01328125
0 0.6965277777777777 0.395703125 0.0375 0.01796875
0 0.23055555555555557 0.502734375 0.030555555555555555 0.01640625
0 0.2611111111111111 0.444921875 0.016666666666666666 0.01640625
0 0.25625 0.517578125 0.02638888888888889 0.01640625
0 0.01597222222222222 0.716015625 0.03194444444444444 0.03046875
0 0.11875 0.612109375 0.029166666666666667 0.02421875
0 0.05277777777777778 0.700390625 0.058333333333333334 0.02734375
0 0.09236111111111112 0.68515625 0.04027777777777778 0.025
0 0.18333333333333332 0.670703125 0.041666666666666664 0.01953125
0 0.2326388888888889 0.709375 0.05138888888888889 0.025
0 0.31875 0.67421875 0.029166666666666667 0.01875
0 0.3888888888888889 0.608984375 0.019444444444444445 0.02265625
0 0.3548611111111111 0.686328125 0.04583333333333333 0.02578125
0 0.3798611111111111 0.700390625 0.043055555555555555 0.01640625
0 0.5173611111111112 0.6828125 0.0375 0.025
0 0.8347222222222223 0.69453125 0.05555555555555555 0.0328125
0 0.8791666666666667 0.640625 0.06666666666666667 0.021875
0 0.9152777777777777 0.50234375 0.03888888888888889 0.025
0 0.9354166666666667 0.499609375 0.04861111111111111 0.02578125
