0 0.13055555555555556 0.0046875 0.044444444444444446 0.0078125
0 0.20208333333333334 0.047265625 0.043055555555555555 0.02265625
0 0.22152777777777777 0.041796875 0.018055555555555554 0.01328125
0 0.14791666666666667 0.073828125 0.043055555555555555 0.02890625
0 0.11597222222222223 0.07578125 0.03194444444444444 0.0234375
0 0.20069444444444445 0.08671875 0.043055555555555555 0.021875
0 0.24027777777777778 0.07890625 0.041666666666666664 0.0203125
0 0.12430555555555556 0.124609375 0.04583333333333333 0.03359375
0 0.22916666666666666 0.12109375 0.06388888888888888 0.0265625
0 0.31180555555555556 0.140625 0.04861111111111111 0.0203125
0 0.07847222222222222 0.203125 0.04583333333333333 0.028125
0 0.07291666666666667 0.23203125 0.043055555555555555 0.0296875
0 0.27847222222222223 0.184765625 0.05138888888888889 0.02734375
0 0.35208333333333336 0.166015625 0.04861111111111111 0.02421875
0 0.4909722222222222 0.184375 0.04027777777777778 0.025
0 0.07708333333333334 0.281640625 0.05694444444444444 0.03359375
0 0.12291666666666666 0.30859375 0.020833333333333332 0.021875
0 0.275 0.319140625 0.03333333333333333 0.02578125
0 0.25833333333333336 0.307421875 0.011111111111111112 0.01015625
0 0.32430555555555557 0.290625 0.029166666666666667 0.0171875
0 0.3423611111111111 0.271875 0.029166666666666667 0.01875
0 0.3263888888888889 0.2046875 0.03888888888888889 0.0234375
0 0.2861111111111111 0.219921875 0.027777777777777776 0.01171875
0 0.2951388888888889 0.20546875 0.034722222222222224 0.0234375
0 0.4152777777777778 0.220703125 0.03611111111111111 0.02265625
0 0.225 0.3609375 0.05277777777777778 0.0296875
0 0.27361111111111114 0.344921875 0.030555555555555555 0.02109375
0 0.3111111111111111 0.32578125 0.04722222222222222 0.025
0 0.34652777777777777 0.315234375 0.03194444444444444 0.01640625
0 0.3701388888888889 0.337890625 0.020833333333333332 0.01640625
0 0.3298611111111111 0.393359375 0.04583333333333333 0.02890625
0 0.3472222222222222 0.405078125 0.025 0.01796875
0 0.1111111111111111 0.409375 0.03888888888888889 0.015625
0 0.025 0.411328125 0.04722222222222222 0.03046875
0 0.059027777777777776 0.465625 0.04861111111111111 0.0203125
0 0.049305555555555554 0.453125 0.04583333333333333 0.0140625
0 0.01597222222222222 0.51328125 0.03194444444444444 0.0203125
0 0.20555555555555555 0.5375 0.030555555555555555 0.028125
0 0.37222222222222223 0.417578125 0.022222222222222223 0.01953125
0 0.39166666666666666 0.426171875 0.025 0.01953125
0 0.4444444444444444 0.447265625 0.05555555555555555 0.03046875
0 0.03194444444444444 0.619921875 0.05555555555555555 0.02734375
0 0.05347222222222222 0.666015625 0.04583333333333333 0.03046875
0 0.19305555555555556 0.609765625 0.041666666666666664 0.02421875
0 0.14652777777777778 0.61328125 0.009722222222222222 0.0125
0 0.41180555555555554 0.581640625 0.04027777777777778 0.02109375
0 0.4423611111111111 0.53125 0.05138888888888889 0.0359375
0 0.4388888888888889 0.50390625 0.06111111111111111 0.0328125
0 0.4111111111111111 0.607421875 0.058333333333333334 0.03046875
0 0.38472222222222224 0.6515625 0.044444444444444446 0.03125
0 0.4083333333333333 0.628515625 0.044444444444444446 0.02578125
0 0.5534722222222223 0.61953125 0.04027777777777778 0.0265625
0 0.48541666666666666 0.690234375 0.0625 0.03671875
0 0.43194444444444446 0.68125 0.03333333333333333 0.01875
0 0.5444444444444444 0.6921875 0.025 0.028125
0 0.5881944444444445 0.675390625 0.018055555555555554 0.01328125
0 0.5798611111111112 0.7109375 0.034722222222222224 0.025
0 0.5493055555555556 0.715625 0.034722222222222224 0.01875
0 0.5645833333333333 0.566015625 0.0375 0.01953125
0 0.6555555555555556 0.57421875 0.03611111111111111 0.0171875
0 0.9465277777777777 0.125 0.04861111111111111 0.0296875
0 0.9902777777777778 0.103515625 0.016666666666666666 0.01328125
0 0.9652777777777778 0.15625 0.04722222222222222 0.01875
0 0.9833333333333333 0.1375 0.025 0.009375
0 0.8881944444444444 0.184375 0.034722222222222224 0.021875
0 0.875 0.198046875 0.027777777777777776 0.01171875
0 0.9138888888888889 0.2 0.04722222222222222 0.0203125
0 0.9298611111111111 0.187109375 0.04583333333333333 0.02578125
0 0.9472222222222222 0.216796875 0.05 0.02265625
0 0.8243055555555555 0.21875 0.034722222222222224 0.0171875
0 0.9402777777777778 0.273828125 0.019444444444444445 0.01328125
0 0.8 0.256640625 0.03333333333333333 0.01328125
0 0.7826388888888889 0.26953125 0.02638888888888889 0.0109375
0 0.7548611111111111 0.31171875 0.03194444444444444 0.009375
0 0.7784722222222222 0.360546875 0.03194444444444444 0.02109375
0 0.7916666666666666 0.375 0.03611111111111111 0.01875
0 0.8263888888888888 0.376953125 0.03333333333333333 0.01328125
0 0.8875 0.3046875 0.030555555555555555 0.0171875
0 0.7902777777777777 0.299609375 0.03333333333333333 0.01484375
0 0.9715277777777778 0.32578125 0.04861111111111111 0.025
0 0.9729166666666667 0.34609375 0.04583333333333333 0.015625
0 0.91875 0.5234375 0.043055555555555555 0.0171875
0 0.7784722222222222 0.4953125 0.04861111111111111 0.0203125
0 0.6847222222222222 0.47578125 0.030555555555555555 0.025
0 0.6430555555555556 0.4828125 0.041666666666666664 0.0234375
0 0.6208333333333333 0.490625 0.03611111111111111 0.021875
0 0.7055555555555556 0.50078125 0.05 0.0234375
0 0.7013888888888888 0.526953125 0.041666666666666664 0.02421875
0 0.6020833333333333 0.55 0.04027777777777778 0.0171875
0 0.7451388888888889 0.553515625 0.02361111111111111 0.01484375
0 0.8111111111111111 0.540625 0.03611111111111111 0.015625
0 0.74375 0.590234375 0.0375 0.01953125
0 0.6993055555555555 0.6125 0.04027777777777778 0.0203125
0 0.8465277777777778 0.59921875 0.015277777777777777 0.015625
0 0.8034722222222223 0.5625 0.018055555555555554 0.0109375
