0 0.5458333333333333 0.155859375 0.03333333333333333 0.02734375
0 0.6104166666666667 0.13671875 0.02638888888888889 0.03125
0 0.6097222222222223 0.056640625 0.04722222222222222 0.03359375
0 0.7256944444444444 0.041796875 0.034722222222222224 0.02578125
0 0.7875 0.034375 0.027777777777777776 0.01875
0 0.7659722222222223 0.04296875 0.04583333333333333 0.0234375
0 0.7527777777777778 0.078515625 0.041666666666666664 0.01640625
0 0.02013888888888889 0.17421875 0.0375 0.0234375
0 0.04861111111111111 0.254296875 0.030555555555555555 0.02265625
0 0.015277777777777777 0.259375 0.027777777777777776 0.0328125
0 0.10208333333333333 0.34296875 0.043055555555555555 0.0171875
0 0.22569444444444445 0.451171875 0.043055555555555555 0.02578125
0 0.2569444444444444 0.4640625 0.027777777777777776 0.03125
0 0.9652777777777778 0.40078125 0.06666666666666667 0.0265625
