0 0.10902777777777778 0.66796875 0.02638888888888889 0.0171875
0 0.07222222222222222 0.680078125 0.013888888888888888 0.01484375
0 0.9423611111111111 0.58203125 0.02361111111111111 0.0109375
0 0.014583333333333334 0.533203125 0.02638888888888889 0.01953125
0 0.5590277777777778 0.494140625 0.0375 0.01015625
0 0.5513888888888889 0.480078125 0.044444444444444446 0.00859375
0 0.20625 0.523828125 0.0125 0.00859375
0 0.13958333333333334 0.490234375 0.009722222222222222 0.00859375
0 0.2388888888888889 0.46796875 0.025 0.0078125
0 0.044444444444444446 0.437890625 0.03611111111111111 0.01953125
0 0.01597222222222222 0.446875 0.020833333333333332 0.015625
0 0.03958333333333333 0.389453125 0.03194444444444444 0.01796875
0 0.01597222222222222 0.375390625 0.02638888888888889 0.01796875
0 0.027083333333333334 0.354296875 0.034722222222222224 0.02265625
0 0.03333333333333333 0.33984375 0.016666666666666666 0.009375
0 0.027777777777777776 0.25 0.03611111111111111 0.025
0 0.5770833333333333 0.266796875 0.043055555555555555 0.02890625
0 0.5354166666666667 0.256640625 0.0375 0.02578125
0 0.5243055555555556 0.18671875 0.029166666666666667 0.021875
0 0.37430555555555556 0.169921875 0.03194444444444444 0.02265625
0 0.3902777777777778 0.11796875 0.04722222222222222 0.0296875
0 0.3645833333333333 0.137109375 0.043055555555555555 0.01796875
0 0.32222222222222224 0.134765625 0.04722222222222222 0.02265625
0 0.3347222222222222 0.107421875 0.05277777777777778 0.01953125
0 0.2902777777777778 0.719921875 0.041666666666666664 0.02421875
0 0.1284722222222222 0.75625 0.04583333333333333 0.0296875
