0 0.2604166666666667 0.7265625 0.059722222222222225 0.0375
0 0.21875 0.696875 0.05138888888888889 0.0328125
0 0.3680555555555556 0.653515625 0.05277777777777778 0.03046875
0 0.2534722222222222 0.549609375 0.043055555555555555 0.02734375
0 0.29930555555555555 0.553125 0.043055555555555555 0.0265625
0 0.2326388888888889 0.3765625 0.034722222222222224 0.0234375
0 0.4013888888888889 0.4375 0.044444444444444446 0.0265625
0 0.44583333333333336 0.41171875 0.05277777777777778 0.028125
0 0.37083333333333335 0.296875 0.041666666666666664 0.028125
0 0.43819444444444444 0.2890625 0.03194444444444444 0.0265625
0 0.475 0.27734375 0.05 0.03125
0 0.4597222222222222 0.2546875 0.044444444444444446 0.0203125
0 0.42916666666666664 0.223828125 0.05277777777777778 0.03359375
0 0.4201388888888889 0.193359375 0.04027777777777778 0.01640625
0 0.4673611111111111 0.198828125 0.04861111111111111 0.02265625
0 0.47708333333333336 0.173046875 0.04861111111111111 0.02734375
0 0.5083333333333333 0.060546875 0.044444444444444446 0.03359375
0 0.36666666666666664 0.46796875 0.041666666666666664 0.015625
0 0.3819444444444444 0.412109375 0.025 0.01484375
0 0.6104166666666667 0.291015625 0.0375 0.02578125
0 0.6340277777777777 0.31171875 0.04027777777777778 0.0171875
0 0.6680555555555555 0.33671875 0.019444444444444445 0.0125
0 0.5645833333333333 0.382421875 0.04583333333333333 0.02265625
0 0.6805555555555556 0.388671875 0.06666666666666667 0.02578125
0 0.6666666666666666 0.433203125 0.04722222222222222 0.02578125
0 0.6298611111111111 0.438671875 0.04583333333333333 0.01953125
0 0.6194444444444445 0.495703125 0.05277777777777778 0.03046875
0 0.66875 0.50078125 0.04861111111111111 0.028125
0 0.6208333333333333 0.17265625 0.03611111111111111 0.015625
0 0.6972222222222222 0.22734375 0.03611111111111111 0.0296875
0 0.4791666666666667 0.21875 0.05277777777777778 0.0328125
0 0.5763888888888888 0.140625 0.030555555555555555 0.015625
0 0.3784722222222222 0.357421875 0.02638888888888889 0.01484375
0 0.5666666666666667 0.34765625 0.030555555555555555 0.01875
0 0.5354166666666667 0.458203125 0.04583333333333333 0.02265625
0 0.6381944444444444 0.37109375 0.020833333333333332 0.0203125
0 0.5993055555555555 0.518359375 0.029166666666666667 0.01484375
0 0.5472222222222223 0.533984375 0.03611111111111111 0.01328125
0 0.9826388888888888 0.743359375 0.03194444444444444 0.02734375
0 0.8354166666666667 0.78984375 0.029166666666666667 0.0125
