0 0.03125 0.242578125 0.034722222222222224 0.02109375
0 0.029166666666666667 0.25546875 0.030555555555555555 0.0140625
0 0.018055555555555554 0.28671875 0.019444444444444445 0.0140625
0 0.027083333333333334 0.266015625 0.020833333333333332 0.01015625
0 0.059027777777777776 0.273046875 0.03194444444444444 0.01015625
0 0.07569444444444444 0.26796875 0.018055555555555554 0.009375
0 0.08055555555555556 0.24453125 0.016666666666666666 0.0125
0 0.11805555555555555 0.226953125 0.027777777777777776 0.01953125
0 0.13819444444444445 0.233984375 0.020833333333333332 0.01171875
0 0.10833333333333334 0.326171875 0.03333333333333333 0.01796875
0 0.13680555555555557 0.323828125 0.020833333333333332 0.01796875
0 0.1986111111111111 0.265625 0.05 0.0375
0 0.24722222222222223 0.291796875 0.05555555555555555 0.03515625
0 0.23680555555555555 0.322265625 0.05694444444444444 0.02890625
0 0.20694444444444443 0.346484375 0.025 0.01484375
0 0.22083333333333333 0.356640625 0.019444444444444445 0.01015625
0 0.2875 0.36875 0.011111111111111112 0.0125
0 0.3236111111111111 0.372265625 0.05555555555555555 0.03515625
0 0.37430555555555556 0.30703125 0.029166666666666667 0.0203125
0 0.03333333333333333 0.5078125 0.05 0.025
0 0.09166666666666666 0.509765625 0.025 0.01484375
0 0.04375 0.53203125 0.02638888888888889 0.0140625
0 0.016666666666666666 0.643359375 0.027777777777777776 0.02265625
0 0.02847222222222222 0.6046875 0.029166666666666667 0.0140625
0 0.11875 0.588671875 0.03194444444444444 0.01796875
0 0.16111111111111112 0.647265625 0.016666666666666666 0.01328125
0 0.2013888888888889 0.4703125 0.041666666666666664 0.0203125
0 0.20347222222222222 0.488671875 0.02638888888888889 0.01171875
0 0.1625 0.538671875 0.030555555555555555 0.02109375
0 0.2125 0.537109375 0.025 0.01171875
0 0.29930555555555555 0.487890625 0.02361111111111111 0.00859375
0 0.3486111111111111 0.420703125 0.019444444444444445 0.01328125
0 0.3284722222222222 0.4234375 0.018055555555555554 0.009375
0 0.32708333333333334 0.431640625 0.020833333333333332 0.01015625
0 0.3625 0.424609375 0.013888888888888888 0.01015625
0 0.2986111111111111 0.53984375 0.027777777777777776 0.0171875
0 0.32708333333333334 0.5359375 0.029166666666666667 0.0171875
0 0.35138888888888886 0.53125 0.027777777777777776 0.015625
0 0.42569444444444443 0.591015625 0.02638888888888889 0.01484375
0 0.39861111111111114 0.52734375 0.025 0.015625
0 0.4222222222222222 0.5265625 0.025 0.015625
0 0.40625 0.55703125 0.02361111111111111 0.0125
0 0.4875 0.546484375 0.013888888888888888 0.01328125
0 0.5361111111111111 0.55546875 0.027777777777777776 0.0125
0 0.5659722222222222 0.525390625 0.05416666666666667 0.03203125
0 0.6055555555555555 0.548046875 0.04722222222222222 0.02578125
0 0.6527777777777778 0.556640625 0.03333333333333333 0.01953125
0 0.6909722222222222 0.5796875 0.034722222222222224 0.01875
0 0.5875 0.63046875 0.019444444444444445 0.009375
0 0.8451388888888889 0.568359375 0.0375 0.01953125
0 0.8152777777777778 0.53359375 0.03333333333333333 0.0171875
0 0.5381944444444444 0.461328125 0.04583333333333333 0.02265625
0 0.5263888888888889 0.444140625 0.03333333333333333 0.01484375
0 0.5486111111111112 0.42265625 0.027777777777777776 0.0234375
0 0.5826388888888889 0.4359375 0.04861111111111111 0.028125
0 0.6430555555555556 0.4515625 0.05 0.025
0 0.5847222222222223 0.334375 0.030555555555555555 0.009375
0 0.7284722222222222 0.466015625 0.04583333333333333 0.03046875
0 0.8083333333333333 0.49375 0.05 0.028125
0 0.8541666666666666 0.48828125 0.05277777777777778 0.0234375
0 0.9201388888888888 0.475390625 0.05416666666666667 0.03359375
0 0.8083333333333333 0.38828125 0.044444444444444446 0.01875
0 0.9597222222222223 0.428515625 0.05277777777777778 0.02890625
0 0.6979166666666666 0.35703125 0.04027777777777778 0.025
0 0.6993055555555555 0.39609375 0.02638888888888889 0.0203125
0 0.7229166666666667 0.39921875 0.04027777777777778 0.0203125
0 0.7541666666666667 0.414453125 0.03611111111111111 0.01953125
0 0.7854166666666667 0.424609375 0.04861111111111111 0.01796875
0 0.7263888888888889 0.116796875 0.03611111111111111 0.02109375
0 0.7576388888888889 0.121875 0.0375 0.01875
0 0.78125 0.123046875 0.018055555555555554 0.01171875
0 0.7986111111111112 0.126171875 0.025 0.01796875
0 0.7944444444444444 0.09375 0.016666666666666666 0.009375
0 0.8256944444444444 0.102734375 0.0375 0.02109375
0 0.8875 0.07109375 0.03888888888888889 0.0171875
0 0.8638888888888889 0.095703125 0.03888888888888889 0.02578125
0 0.8673611111111111 0.119140625 0.03194444444444444 0.01796875
0 0.8902777777777777 0.123828125 0.030555555555555555 0.01796875
0 0.9555555555555556 0.121875 0.03611111111111111 0.0203125
0 0.9861111111111112 0.123046875 0.025 0.02421875
0 0.9097222222222222 0.14609375 0.03888888888888889 0.0234375
0 0.8680555555555556 0.171484375 0.03333333333333333 0.01796875
0 0.975 0.16171875 0.022222222222222223 0.0140625
0 0.7520833333333333 0.278515625 0.020833333333333332 0.02265625
0 0.7756944444444445 0.278125 0.04027777777777778 0.021875
0 0.8069444444444445 0.262890625 0.04722222222222222 0.02265625
0 0.8229166666666666 0.280078125 0.034722222222222224 0.01796875
0 0.8548611111111111 0.28671875 0.034722222222222224 0.0171875
0 0.9027777777777778 0.280078125 0.03611111111111111 0.01796875
0 0.9166666666666666 0.265234375 0.041666666666666664 0.01953125
0 0.9826388888888888 0.251171875 0.03194444444444444 0.01484375
0 0.9729166666666667 0.29609375 0.0375 0.021875
0 0.9625 0.316796875 0.03888888888888889 0.01953125
0 0.9368055555555556 0.29765625 0.029166666666666667 0.0171875
0 0.30972222222222223 0.3453125 0.025 0.015625
0 0.4909722222222222 0.309375 0.04861111111111111 0.0125
0 0.4173611111111111 0.33671875 0.015277777777777777 0.0171875
0 0.95625 0.103515625 0.034722222222222224 0.01328125
0 0.12152777777777778 0.499609375 0.02638888888888889 0.01171875
0 0.009027777777777777 0.433984375 0.015277777777777777 0.01328125
0 0.5979166666666667 0.394921875 0.029166666666666667 0.00859375
