0 0.8736111111111111 0.70625 0.04722222222222222 0.021875
0 0.06458333333333334 0.637109375 0.05138888888888889 0.01953125
0 0.10277777777777777 0.65859375 0.05277777777777778 0.0296875
0 0.20347222222222222 0.6703125 0.03194444444444444 0.015625
0 0.2423611111111111 0.66875 0.034722222222222224 0.0140625
0 0.2263888888888889 0.5953125 0.04722222222222222 0.0203125
0 0.14027777777777778 0.501171875 0.041666666666666664 0.02421875
0 0.18333333333333332 0.507421875 0.03888888888888889 0.02265625
0 0.5680555555555555 0.498828125 0.03333333333333333 0.01796875
0 0.46944444444444444 0.483203125 0.027777777777777776 0.01171875
0 0.4708333333333333 0.45859375 0.05277777777777778 0.0296875
0 0.5291666666666667 0.46171875 0.05 0.028125
0 0.2916666666666667 0.39921875 0.04722222222222222 0.0234375
0 0.325 0.374609375 0.04722222222222222 0.02421875
0 0.45208333333333334 0.348828125 0.043055555555555555 0.01796875
0 0.5298611111111111 0.35546875 0.04861111111111111 0.028125
0 0.575 0.330859375 0.03611111111111111 0.02421875
0 0.13125 0.338671875 0.0375 0.01953125
0 0.5756944444444444 0.310546875 0.04027777777777778 0.02421875
0 0.4895833333333333 0.2828125 0.043055555555555555 0.0234375
0 0.5277777777777778 0.2828125 0.03333333333333333 0.021875
0 0.5111111111111111 0.261328125 0.044444444444444446 0.02265625
0 0.2847222222222222 0.271484375 0.03333333333333333 0.02109375
0 0.33541666666666664 0.260546875 0.04027777777777778 0.02421875
0 0.36736111111111114 0.250390625 0.04583333333333333 0.03046875
0 0.37222222222222223 0.22578125 0.03888888888888889 0.0125
0 0.5965277777777778 0.200390625 0.04027777777777778 0.02578125
0 0.9805555555555555 0.064453125 0.03611111111111111 0.02734375
0 0.5069444444444444 0.150390625 0.03333333333333333 0.02578125
0 0.33958333333333335 0.196484375 0.0625 0.02890625
0 0.32916666666666666 0.166796875 0.03888888888888889 0.01953125
0 0.36736111111111114 0.15 0.05138888888888889 0.0265625
0 0.3736111111111111 0.1734375 0.044444444444444446 0.0234375
0 0.40694444444444444 0.03828125 0.05277777777777778 0.0296875
0 0.9854166666666667 0.03203125 0.02638888888888889 0.0171875
0 0.25 0.436328125 0.06111111111111111 0.02890625
0 0.47638888888888886 0.43515625 0.030555555555555555 0.0203125
0 0.5486111111111112 0.4140625 0.05277777777777778 0.0171875
0 0.5020833333333333 0.39921875 0.04027777777777778 0.0203125
0 0.5236111111111111 0.315234375 0.03333333333333333 0.02421875
0 0.47152777777777777 0.545703125 0.02638888888888889 0.01953125
0 0.6340277777777777 0.65234375 0.015277777777777777 0.0171875
0 0.6805555555555556 0.738671875 0.011111111111111112 0.01796875
