0 0.5486111111111112 0.46953125 0.025 0.0140625
0 0.5847222222222223 0.46796875 0.03611111111111111 0.01875
0 0.5215277777777778 0.52265625 0.05138888888888889 0.0265625
0 0.48541666666666666 0.540234375 0.04027777777777778 0.02109375
0 0.5263888888888889 0.59765625 0.019444444444444445 0.0125
0 0.6111111111111112 0.588671875 0.044444444444444446 0.02734375
0 0.6395833333333333 0.578515625 0.04583333333333333 0.02421875
0 0.6798611111111111 0.65390625 0.05416666666666667 0.0265625
0 0.5972222222222222 0.68203125 0.05277777777777778 0.025
0 0.23055555555555557 0.75078125 0.05 0.0296875
0 0.2902777777777778 0.762890625 0.04722222222222222 0.02734375
0 0.4666666666666667 0.705859375 0.041666666666666664 0.01796875
0 0.5125 0.69375 0.025 0.0140625
0 0.5270833333333333 0.784375 0.034722222222222224 0.025
0 0.6611111111111111 0.704296875 0.044444444444444446 0.02265625
0 0.7430555555555556 0.715234375 0.044444444444444446 0.03359375
0 0.7708333333333334 0.740625 0.05 0.021875
0 0.7881944444444444 0.693359375 0.04861111111111111 0.01796875
0 0.5597222222222222 0.491796875 0.025 0.01953125
0 0.6173611111111111 0.5125 0.0375 0.025
0 0.13333333333333333 0.6109375 0.03888888888888889 0.025
0 0.12569444444444444 0.56328125 0.03194444444444444 0.0234375
0 0.11527777777777778 0.285546875 0.06111111111111111 0.03359375
0 0.5569444444444445 0.544140625 0.03888888888888889 0.01796875
0 0.6138888888888889 0.551171875 0.041666666666666664 0.02578125
0 0.09027777777777778 0.56796875 0.05277777777777778 0.0328125
0 0.02361111111111111 0.75390625 0.03888888888888889 0.03125
0 0.47708333333333336 0.78046875 0.020833333333333332 0.0203125
0 0.07152777777777777 0.27109375 0.0375 0.0328125
0 0.12083333333333333 0.593359375 0.027777777777777776 0.01484375
0 0.08958333333333333 0.598828125 0.02638888888888889 0.01640625
0 0.06736111111111111 0.750390625 0.05138888888888889 0.03046875
0 0.05694444444444444 0.607421875 0.030555555555555555 0.01796875
0 0.3013888888888889 0.7953125 0.03333333333333333 0.0171875
0 0.5263888888888889 0.663671875 0.03611111111111111 0.01484375
0 0.011805555555555555 0.598828125 0.018055555555555554 0.02109375
0 0.06875 0.78671875 0.05138888888888889 0.0328125
0 0.1076388888888889 0.7890625 0.02638888888888889 0.0171875
0 0.5395833333333333 0.724609375 0.04583333333333333 0.02421875
