0 0.33958333333333335 0.265234375 0.05416666666666667 0.02265625
0 0.3972222222222222 0.3 0.05555555555555555 0.025
0 0.3368055555555556 0.297265625 0.059722222222222225 0.02578125
0 0.30069444444444443 0.280078125 0.020833333333333332 0.01015625
0 0.2375 0.35703125 0.05555555555555555 0.0328125
0 0.2548611111111111 0.430859375 0.018055555555555554 0.02109375
0 0.2423611111111111 0.4671875 0.05694444444444444 0.0265625
0 0.275 0.459765625 0.03333333333333333 0.02421875
0 0.5027777777777778 0.56171875 0.058333333333333334 0.0328125
0 0.36875 0.565234375 0.029166666666666667 0.02734375
0 0.46458333333333335 0.63359375 0.06805555555555555 0.0328125
0 0.525 0.694140625 0.044444444444444446 0.03046875
0 0.2652777777777778 0.734765625 0.06111111111111111 0.03984375
0 0.44305555555555554 0.7484375 0.06111111111111111 0.034375
0 0.34930555555555554 0.652734375 0.06527777777777778 0.02734375
0 0.38819444444444445 0.673828125 0.034722222222222224 0.01796875
0 0.6513888888888889 0.686328125 0.027777777777777776 0.01953125
0 0.5756944444444444 0.637890625 0.02638888888888889 0.02734375
0 0.37777777777777777 0.765234375 0.044444444444444446 0.02265625
0 0.48541666666666666 0.756640625 0.0375 0.01640625
0 0.5020833333333333 0.740625 0.020833333333333332 0.0125
0 0.10972222222222222 0.771484375 0.05277777777777778 0.02734375
0 0.29930555555555555 0.7984375 0.034722222222222224 0.021875
0 0.40694444444444444 0.7921875 0.044444444444444446 0.0203125
0 0.5347222222222222 0.846484375 0.04722222222222222 0.01328125
0 0.6125 0.862109375 0.027777777777777776 0.01484375
0 0.4583333333333333 0.808203125 0.03333333333333333 0.02265625
0 0.4701388888888889 0.9515625 0.05138888888888889 0.0390625
0 0.9472222222222222 0.913671875 0.027777777777777776 0.02109375
0 0.6215277777777778 0.56328125 0.04583333333333333 0.025
0 0.06875 0.883984375 0.059722222222222225 0.03203125
0 0.019444444444444445 0.808203125 0.027777777777777776 0.01484375
0 0.8715277777777778 0.91484375 0.07361111111111111 0.028125
0 0.5340277777777778 0.66015625 0.02638888888888889 0.0171875
0 0.4048611111111111 0.6109375 0.02638888888888889 0.01875
0 0.6729166666666667 0.571875 0.020833333333333332 0.0109375
0 0.5805555555555556 0.692578125 0.03333333333333333 0.01953125
0 0.3840277777777778 0.70078125 0.020833333333333332 0.015625
0 0.38472222222222224 0.72578125 0.030555555555555555 0.015625
0 0.49166666666666664 0.6796875 0.030555555555555555 0.0203125
0 0.4701388888888889 0.83671875 0.043055555555555555 0.0109375
0 0.5076388888888889 0.961328125 0.05138888888888889 0.04453125
0 0.37222222222222223 0.606640625 0.03333333333333333 0.02265625
0 0.4875 0.415234375 0.05555555555555555 0.02265625
0 0.6486111111111111 0.9609375 0.03333333333333333 0.0296875
