0 0.525 0.5390625 0.03611111111111111 0.0328125
0 0.5902777777777778 0.534765625 0.05 0.02109375
0 0.6229166666666667 0.551171875 0.05138888888888889 0.03359375
0 0.6701388888888888 0.56171875 0.04583333333333333 0.0328125
0 0.6270833333333333 0.594140625 0.043055555555555555 0.01953125
0 0.41458333333333336 0.753125 0.043055555555555555 0.0265625
0 0.6958333333333333 0.81796875 0.05555555555555555 0.0234375
0 0.7972222222222223 0.880859375 0.05555555555555555 0.03515625
0 0.8069444444444445 0.770703125 0.03888888888888889 0.02578125
0 0.7340277777777777 0.70546875 0.034722222222222224 0.021875
0 0.6326388888888889 0.694140625 0.034722222222222224 0.02265625
0 0.63125 0.716796875 0.034722222222222224 0.02421875
0 0.5513888888888889 0.697265625 0.041666666666666664 0.02734375
0 0.5861111111111111 0.7421875 0.027777777777777776 0.021875
0 0.5159722222222223 0.680859375 0.04027777777777778 0.02578125
0 0.19236111111111112 0.679296875 0.02638888888888889 0.02109375
0 0.3020833333333333 0.67109375 0.02638888888888889 0.0125
0 0.47847222222222224 0.684765625 0.04583333333333333 0.02578125
0 0.85625 0.876171875 0.04027777777777778 0.02109375
0 0.08263888888888889 0.755078125 0.04583333333333333 0.02734375
0 0.05277777777777778 0.71875 0.04722222222222222 0.025
0 0.03888888888888889 0.75859375 0.041666666666666664 0.028125
0 0.05694444444444444 0.68203125 0.025 0.0203125
0 0.08819444444444445 0.509375 0.034722222222222224 0.021875
0 0.06111111111111111 0.494921875 0.05555555555555555 0.02578125
0 0.02013888888888889 0.471875 0.03194444444444444 0.021875
0 0.011111111111111112 0.51640625 0.019444444444444445 0.01875
0 0.1625 0.530078125 0.03888888888888889 0.01796875
0 0.011111111111111112 0.540234375 0.019444444444444445 0.01953125
0 0.013194444444444444 0.56015625 0.020833333333333332 0.0203125
