0 0.7201388888888889 0.19453125 0.043055555555555555 0.03125
0 0.7451388888888889 0.19609375 0.02638888888888889 0.0234375
0 0.5111111111111111 0.326953125 0.030555555555555555 0.01796875
0 0.50625 0.34296875 0.04027777777777778 0.0171875
0 0.80625 0.270703125 0.034722222222222224 0.02265625
0 0.7722222222222223 0.265625 0.022222222222222223 0.0125
0 0.7798611111111111 0.292578125 0.03194444444444444 0.02109375
0 0.7527777777777778 0.316796875 0.03611111111111111 0.02265625
0 0.7284722222222222 0.32734375 0.03194444444444444 0.0171875
0 0.19583333333333333 0.298046875 0.027777777777777776 0.02109375
0 0.7263888888888889 0.30859375 0.027777777777777776 0.0171875
0 0.9472222222222222 0.25546875 0.041666666666666664 0.0234375
0 0.9590277777777778 0.287109375 0.04861111111111111 0.01953125
0 0.9118055555555555 0.221484375 0.05138888888888889 0.02890625
0 0.8784722222222222 0.22421875 0.02361111111111111 0.0234375
0 0.8777777777777778 0.111328125 0.05555555555555555 0.03984375
0 0.6895833333333333 0.411328125 0.04583333333333333 0.02265625
0 0.8569444444444444 0.528125 0.044444444444444446 0.0234375
0 0.8451388888888889 0.544140625 0.04861111111111111 0.02890625
0 0.7909722222222222 0.58984375 0.05694444444444444 0.0328125
0 0.74375 0.6 0.05694444444444444 0.03125
0 0.8243055555555555 0.611328125 0.0625 0.02890625
0 0.9541666666666667 0.430859375 0.03611111111111111 0.01640625
0 0.9361111111111111 0.4140625 0.022222222222222223 0.015625
0 0.9597222222222223 0.412109375 0.022222222222222223 0.00703125
0 0.9888888888888889 0.255859375 0.019444444444444445 0.01328125
0 0.7444444444444445 0.291015625 0.027777777777777776 0.01328125
0 0.74375 0.284765625 0.02638888888888889 0.00078125
0 0.9854166666666667 0.246484375 0.015277777777777777 0.01484375
0 0.7541666666666667 0.2765625 0.027777777777777776 0.009375
