0 0.6631944444444444 0.15859375 0.059722222222222225 0.0328125
0 0.6236111111111111 0.185546875 0.044444444444444446 0.02734375
0 0.7131944444444445 0.20234375 0.05416666666666667 0.03125
0 0.7111111111111111 0.24296875 0.05 0.028125
0 0.6333333333333333 0.28515625 0.041666666666666664 0.028125
0 0.6902777777777778 0.313671875 0.058333333333333334 0.02890625
0 0.6520833333333333 0.33203125 0.05416666666666667 0.028125
0 0.5131944444444444 0.301171875 0.0375 0.02734375
0 0.49236111111111114 0.259375 0.04861111111111111 0.01875
0 0.4527777777777778 0.27421875 0.044444444444444446 0.025
0 0.3888888888888889 0.335546875 0.027777777777777776 0.02265625
0 0.5854166666666667 0.35234375 0.03194444444444444 0.015625
0 0.46458333333333335 0.371484375 0.05416666666666667 0.02734375
0 0.2986111111111111 0.39453125 0.044444444444444446 0.0234375
0 0.2013888888888889 0.376953125 0.03611111111111111 0.01953125
0 0.4826388888888889 0.40859375 0.05694444444444444 0.03125
0 0.5291666666666667 0.406640625 0.03611111111111111 0.01796875
0 0.5770833333333333 0.375 0.015277777777777777 0.0171875
0 0.5784722222222223 0.417578125 0.018055555555555554 0.02265625
0 0.6729166666666667 0.4109375 0.059722222222222225 0.0265625
0 0.7472222222222222 0.431640625 0.05 0.02890625
0 0.7708333333333334 0.40703125 0.041666666666666664 0.015625
0 0.8090277777777778 0.405078125 0.02638888888888889 0.01796875
0 0.9430555555555555 0.41796875 0.044444444444444446 0.0234375
0 0.9819444444444444 0.4203125 0.03333333333333333 0.03125
0 0.7729166666666667 0.478125 0.043055555555555555 0.0265625
0 0.69375 0.434375 0.04027777777777778 0.0234375
0 0.6833333333333333 0.450390625 0.03888888888888889 0.01484375
0 0.6347222222222222 0.43203125 0.06111111111111111 0.0203125
0 0.5354166666666667 0.483984375 0.034722222222222224 0.01640625
0 0.42291666666666666 0.47578125 0.043055555555555555 0.028125
0 0.3736111111111111 0.475390625 0.03333333333333333 0.01953125
0 0.40208333333333335 0.4875 0.043055555555555555 0.0234375
0 0.3125 0.5265625 0.03888888888888889 0.025
0 0.36180555555555555 0.5234375 0.059722222222222225 0.0265625
0 0.2881944444444444 0.553125 0.04583333333333333 0.025
0 0.18125 0.556640625 0.043055555555555555 0.02734375
0 0.09930555555555555 0.57734375 0.02638888888888889 0.0203125
0 0.20069444444444445 0.619921875 0.043055555555555555 0.02578125
0 0.2798611111111111 0.60390625 0.020833333333333332 0.0203125
0 0.3277777777777778 0.550390625 0.030555555555555555 0.02578125
0 0.5284722222222222 0.56953125 0.03194444444444444 0.0203125
0 0.6284722222222222 0.530859375 0.04027777777777778 0.02890625
0 0.6409722222222223 0.57890625 0.04861111111111111 0.025
0 0.68125 0.583984375 0.043055555555555555 0.02265625
0 0.6979166666666666 0.60703125 0.04861111111111111 0.0296875
0 0.7548611111111111 0.575 0.04027777777777778 0.0171875
0 0.7534722222222222 0.594921875 0.04583333333333333 0.02421875
0 0.8493055555555555 0.580859375 0.05416666666666667 0.02265625
0 0.8104166666666667 0.587109375 0.04583333333333333 0.02421875
0 0.7361111111111112 0.633203125 0.04722222222222222 0.01796875
0 0.5694444444444444 0.681640625 0.041666666666666664 0.01953125
0 0.6229166666666667 0.703125 0.05138888888888889 0.034375
0 0.9868055555555556 0.74296875 0.018055555555555554 0.015625
0 0.7743055555555556 0.721484375 0.02361111111111111 0.01953125
0 0.8152777777777778 0.753125 0.058333333333333334 0.025
0 0.8111111111111111 0.730859375 0.022222222222222223 0.01328125
0 0.8916666666666667 0.784765625 0.06666666666666667 0.02890625
0 0.7027777777777777 0.821875 0.09444444444444444 0.0453125
0 0.81875 0.8046875 0.05694444444444444 0.04375
0 0.8784722222222222 0.82421875 0.04027777777777778 0.0265625
0 0.2701388888888889 0.88203125 0.06527777777777778 0.0421875
0 0.14027777777777778 0.82890625 0.05277777777777778 0.0328125
0 0.08333333333333333 0.7890625 0.03611111111111111 0.028125
0 0.6548611111111111 0.815625 0.02638888888888889 0.0375
0 0.5256944444444445 0.86875 0.034722222222222224 0.028125
0 0.7416666666666667 0.473046875 0.027777777777777776 0.01796875
0 0.7701388888888889 0.51640625 0.05138888888888889 0.021875
0 0.3402777777777778 0.7625 0.030555555555555555 0.025
0 0.5090277777777777 0.7984375 0.02638888888888889 0.01875
0 0.61875 0.94453125 0.04861111111111111 0.0265625
0 0.725 0.68046875 0.03611111111111111 0.028125
