0 0.15833333333333333 0.5953125 0.022222222222222223 0.025
0 0.24375 0.4890625 0.03194444444444444 0.0234375
0 0.12638888888888888 0.448046875 0.05277777777777778 0.02890625
0 0.1875 0.45 0.044444444444444446 0.025
0 0.1125 0.341015625 0.044444444444444446 0.02109375
0 0.17083333333333334 0.346875 0.03333333333333333 0.025
0 0.21805555555555556 0.321484375 0.058333333333333334 0.02578125
0 0.25 0.304296875 0.03333333333333333 0.02109375
0 0.1638888888888889 0.275 0.05277777777777778 0.0203125
0 0.17430555555555555 0.253125 0.034722222222222224 0.0203125
0 0.01597222222222222 0.19375 0.03194444444444444 0.03125
0 0.02013888888888889 0.150390625 0.0375 0.03046875
0 0.06180555555555556 0.04140625 0.04583333333333333 0.0375
0 0.15555555555555556 0.148828125 0.044444444444444446 0.01953125
0 0.25277777777777777 0.194140625 0.041666666666666664 0.02578125
0 0.7756944444444445 0.193359375 0.04861111111111111 0.02734375
0 0.8215277777777777 0.20390625 0.043055555555555555 0.028125
0 0.775 0.11953125 0.03611111111111111 0.021875
0 0.6666666666666666 0.0421875 0.05 0.034375
0 0.5854166666666667 0.06171875 0.04583333333333333 0.0265625
0 0.6319444444444444 0.059765625 0.044444444444444446 0.02109375
0 0.5958333333333333 0.033984375 0.05 0.02578125
0 0.013194444444444444 0.240234375 0.02638888888888889 0.04140625
0 0.006944444444444444 0.370703125 0.011111111111111112 0.02578125
0 0.1388888888888889 0.426171875 0.03611111111111111 0.02109375
0 0.26180555555555557 0.334765625 0.04861111111111111 0.02578125
0 0.8083333333333333 0.438671875 0.05277777777777778 0.02578125
0 0.15625 0.574609375 0.04027777777777778 0.01171875
0 0.36944444444444446 0.712109375 0.04722222222222222 0.02734375
0 0.5263888888888889 0.6765625 0.044444444444444446 0.0234375
0 0.17222222222222222 0.46953125 0.044444444444444446 0.0125
