0 0.4215277777777778 0.49453125 0.04027777777777778 0.01875
0 0.8326388888888889 0.57734375 0.04861111111111111 0.0296875
0 0.8895833333333333 0.580078125 0.04583333333333333 0.03046875
0 0.46875 0.45625 0.0375 0.0171875
0 0.43125 0.423046875 0.04861111111111111 0.02265625
0 0.3701388888888889 0.471875 0.04583333333333333 0.021875
0 0.14097222222222222 0.435546875 0.04027777777777778 0.01953125
0 0.25069444444444444 0.44296875 0.0375 0.0203125
0 0.8326388888888889 0.359375 0.03194444444444444 0.0234375
0 0.9 0.39921875 0.03611111111111111 0.0234375
0 0.9444444444444444 0.303515625 0.044444444444444446 0.03046875
0 0.9763888888888889 0.5140625 0.041666666666666664 0.01875
0 0.9152777777777777 0.46171875 0.03611111111111111 0.01875
0 0.9131944444444444 0.542578125 0.04027777777777778 0.02265625
0 0.5965277777777778 0.45859375 0.043055555555555555 0.025
0 0.8638888888888889 0.43984375 0.025 0.015625
0 0.5715277777777777 0.30390625 0.0375 0.0171875
0 0.5340277777777778 0.2984375 0.034722222222222224 0.0203125
0 0.4375 0.194921875 0.03888888888888889 0.01953125
0 0.6923611111111111 0.2109375 0.04027777777777778 0.01875
0 0.66875 0.10625 0.04027777777777778 0.021875
0 0.6347222222222222 0.15390625 0.03888888888888889 0.0265625
0 0.6027777777777777 0.166796875 0.03611111111111111 0.02421875
0 0.6548611111111111 0.20546875 0.020833333333333332 0.021875
0 0.6180555555555556 0.243359375 0.03611111111111111 0.02109375
0 0.7631944444444444 0.1828125 0.03194444444444444 0.021875
0 0.9381944444444444 0.162109375 0.04027777777777778 0.02265625
0 0.8756944444444444 0.176953125 0.04027777777777778 0.02109375
0 0.8611111111111112 0.1984375 0.04722222222222222 0.021875
0 0.7805555555555556 0.218359375 0.03333333333333333 0.01953125
0 0.8090277777777778 0.107421875 0.04027777777777778 0.02578125
0 0.7680555555555556 0.114453125 0.030555555555555555 0.02109375
0 0.6923611111111111 0.143359375 0.04027777777777778 0.01953125
0 0.7201388888888889 0.186328125 0.04027777777777778 0.02734375
0 0.8243055555555555 0.25703125 0.02638888888888889 0.015625
0 0.8222222222222222 0.15859375 0.03611111111111111 0.025
0 0.6715277777777777 0.167578125 0.03194444444444444 0.02265625
0 0.15555555555555556 0.30390625 0.030555555555555555 0.0140625
0 0.7944444444444444 0.244921875 0.03333333333333333 0.01484375
0 0.4013888888888889 0.476171875 0.03333333333333333 0.02109375
0 0.3277777777777778 0.432421875 0.019444444444444445 0.00703125
0 0.15208333333333332 0.463671875 0.0375 0.01640625
0 0.030555555555555555 0.380859375 0.025 0.01015625
0 0.44930555555555557 0.474609375 0.02638888888888889 0.01484375
0 0.6673611111111111 0.48671875 0.034722222222222224 0.021875
0 0.84375 0.46640625 0.02361111111111111 0.0125
0 0.7347222222222223 0.390625 0.025 0.015625
0 0.6458333333333334 0.514453125 0.03611111111111111 0.01953125
0 0.6743055555555556 0.53125 0.03194444444444444 0.0171875
0 0.9368055555555556 0.358203125 0.029166666666666667 0.01796875
0 0.9784722222222222 0.3296875 0.02638888888888889 0.0125
0 0.8534722222222222 0.35 0.03194444444444444 0.0234375
0 0.5479166666666667 0.310546875 0.02361111111111111 0.01015625
0 0.4618055555555556 0.30078125 0.0375 0.021875
0 0.4861111111111111 0.29375 0.025 0.0125
0 0.4125 0.19375 0.03611111111111111 0.0171875
0 0.10972222222222222 0.294921875 0.025 0.01015625
0 0.6569444444444444 0.311328125 0.027777777777777776 0.01640625
0 0.6604166666666667 0.337890625 0.034722222222222224 0.01953125
0 0.7951388888888888 0.26640625 0.02638888888888889 0.0171875
0 0.7333333333333333 0.26328125 0.027777777777777776 0.0109375
0 0.7152777777777778 0.16875 0.03611111111111111 0.0171875
0 0.6638888888888889 0.1921875 0.025 0.0125
0 0.6319444444444444 0.201171875 0.022222222222222223 0.01484375
0 0.7965277777777777 0.0890625 0.034722222222222224 0.021875
0 0.8131944444444444 0.20390625 0.043055555555555555 0.021875
0 0.975 0.140625 0.030555555555555555 0.0171875
0 0.99375 0.140625 0.009722222222222222 0.015625
0 0.9298611111111111 0.12265625 0.03194444444444444 0.0140625
