0 0.2152777777777778 0.5578125 0.044444444444444446 0.0265625
0 0.17152777777777778 0.582421875 0.034722222222222224 0.01796875
0 0.21805555555555556 0.583203125 0.05 0.02734375
0 0.6479166666666667 0.678515625 0.05694444444444444 0.03046875
0 0.6131944444444445 0.647265625 0.059722222222222225 0.03671875
0 0.5826388888888889 0.509765625 0.04027777777777778 0.02734375
0 0.6284722222222222 0.515234375 0.043055555555555555 0.02265625
0 0.8909722222222223 0.5515625 0.05416666666666667 0.0265625
0 0.8527777777777777 0.508984375 0.04722222222222222 0.02109375
0 0.8923611111111112 0.494921875 0.0375 0.02421875
0 0.8534722222222222 0.432421875 0.05138888888888889 0.02890625
0 0.7111111111111111 0.40859375 0.044444444444444446 0.01875
0 0.7666666666666667 0.383203125 0.05277777777777778 0.02890625
0 0.8729166666666667 0.35625 0.04583333333333333 0.0203125
0 0.9159722222222222 0.346484375 0.03194444444444444 0.02109375
0 0.9020833333333333 0.325390625 0.034722222222222224 0.01953125
0 0.8902777777777777 0.267578125 0.041666666666666664 0.01640625
0 0.8888888888888888 0.289453125 0.04722222222222222 0.02265625
0 0.7861111111111111 0.253125 0.03888888888888889 0.028125
0 0.6680555555555555 0.27734375 0.027777777777777776 0.0140625
0 0.7319444444444444 0.264453125 0.04722222222222222 0.02421875
0 0.7277777777777777 0.2015625 0.058333333333333334 0.0328125
0 0.7770833333333333 0.178515625 0.04861111111111111 0.02890625
0 0.7236111111111111 0.17265625 0.04722222222222222 0.0203125
0 0.7979166666666667 0.155078125 0.05694444444444444 0.02890625
0 0.7569444444444444 0.23046875 0.03888888888888889 0.015625
0 0.6888888888888889 0.244921875 0.03611111111111111 0.01484375
0 0.9152777777777777 0.157421875 0.05277777777777778 0.02265625
0 0.9027777777777778 0.1265625 0.030555555555555555 0.0109375
0 0.8256944444444444 0.04765625 0.043055555555555555 0.03125
0 0.5131944444444444 0.730859375 0.04027777777777778 0.01796875
0 0.7923611111111111 0.201953125 0.06527777777777778 0.02734375
0 0.9881944444444445 0.212890625 0.020833333333333332 0.01328125
0 0.6541666666666667 0.32109375 0.016666666666666666 0.009375
0 0.5423611111111111 0.34375 0.029166666666666667 0.0203125
0 0.69375 0.380859375 0.03194444444444444 0.01171875
0 0.94375 0.3578125 0.034722222222222224 0.021875
0 0.9861111111111112 0.3625 0.022222222222222223 0.0296875
0 0.6840277777777778 0.43984375 0.029166666666666667 0.015625
0 0.5305555555555556 0.6765625 0.025 0.015625
0 0.9506944444444444 0.468359375 0.05694444444444444 0.03203125
0 0.9895833333333334 0.47109375 0.018055555555555554 0.0296875
0 0.9583333333333334 0.40546875 0.016666666666666666 0.0171875
