0 0.5527777777777778 0.620703125 0.041666666666666664 0.03515625
0 0.6090277777777777 0.61953125 0.043055555555555555 0.0203125
0 0.6409722222222223 0.634375 0.05416666666666667 0.034375
0 0.6881944444444444 0.644921875 0.04027777777777778 0.02421875
0 0.6361111111111111 0.6765625 0.044444444444444446 0.025
0 0.48680555555555555 0.684765625 0.029166666666666667 0.01953125
0 0.5145833333333333 0.70390625 0.03194444444444444 0.0109375
0 0.5263888888888889 0.75625 0.041666666666666664 0.0234375
0 0.5659722222222222 0.77734375 0.04861111111111111 0.0265625
0 0.6465277777777778 0.774609375 0.029166666666666667 0.02578125
0 0.7354166666666667 0.786328125 0.029166666666666667 0.01484375
0 0.48055555555555557 0.762109375 0.022222222222222223 0.01953125
0 0.6388888888888888 0.794921875 0.022222222222222223 0.01953125
0 0.4111111111111111 0.831640625 0.044444444444444446 0.02421875
0 0.5958333333333333 0.823046875 0.03333333333333333 0.01953125
0 0.8097222222222222 0.842578125 0.03611111111111111 0.02265625
0 0.7090277777777778 0.894140625 0.043055555555555555 0.02578125
0 0.8215277777777777 0.953125 0.0375 0.034375
0 0.8888888888888888 0.93984375 0.03888888888888889 0.0234375
0 0.052083333333333336 0.843359375 0.04583333333333333 0.02265625
0 0.09236111111111112 0.8359375 0.0375 0.0265625
0 0.05694444444444444 0.80078125 0.03333333333333333 0.021875
0 0.15 0.75625 0.030555555555555555 0.0171875
0 0.10416666666666667 0.763671875 0.025 0.02109375
0 0.015277777777777777 0.546875 0.022222222222222223 0.0203125
0 0.05 0.571484375 0.05277777777777778 0.02421875
0 0.08125 0.585546875 0.034722222222222224 0.02265625
0 0.10833333333333334 0.606640625 0.044444444444444446 0.01640625
0 0.15 0.608203125 0.041666666666666664 0.01953125
