0 0.24722222222222223 0.45859375 0.03611111111111111 0.0203125
0 0.20416666666666666 0.46484375 0.016666666666666666 0.0109375
0 0.29791666666666666 0.553515625 0.043055555555555555 0.02421875
0 0.1486111111111111 0.71875 0.058333333333333334 0.0265625
0 0.29375 0.7390625 0.05138888888888889 0.0234375
0 0.7520833333333333 0.672265625 0.0375 0.01484375
0 0.6020833333333333 0.602734375 0.05694444444444444 0.02421875
0 0.6340277777777777 0.573046875 0.034722222222222224 0.01796875
0 0.575 0.584765625 0.05555555555555555 0.02265625
0 0.9902777777777778 0.696484375 0.016666666666666666 0.01171875
0 0.9930555555555556 0.68046875 0.011111111111111112 0.0171875
