0 0.5368055555555555 0.1953125 0.043055555555555555 0.0234375
0 0.31666666666666665 0.3515625 0.027777777777777776 0.0203125
0 0.34791666666666665 0.425 0.04861111111111111 0.028125
0 0.35347222222222224 0.455078125 0.04027777777777778 0.02109375
0 0.525 0.448046875 0.041666666666666664 0.01953125
0 0.19722222222222222 0.437890625 0.027777777777777776 0.01796875
0 0.29583333333333334 0.53984375 0.03888888888888889 0.0171875
0 0.3284722222222222 0.541796875 0.0375 0.01328125
0 0.09722222222222222 0.534765625 0.04722222222222222 0.01640625
0 0.32222222222222224 0.5953125 0.030555555555555555 0.01875
0 0.2847222222222222 0.61171875 0.044444444444444446 0.025
0 0.30416666666666664 0.651171875 0.04722222222222222 0.02578125
0 0.5680555555555555 0.428515625 0.030555555555555555 0.01796875
0 0.7347222222222223 0.42421875 0.044444444444444446 0.0265625
0 0.6805555555555556 0.390234375 0.03611111111111111 0.02109375
0 0.6333333333333333 0.391015625 0.019444444444444445 0.01640625
0 0.6423611111111112 0.6765625 0.018055555555555554 0.015625
0 0.8138888888888889 0.66484375 0.025 0.01875
0 0.9256944444444445 0.55859375 0.029166666666666667 0.0109375
0 0.9513888888888888 0.654296875 0.03888888888888889 0.01796875
0 0.9 0.663671875 0.030555555555555555 0.01796875
0 0.65 0.405078125 0.041666666666666664 0.01953125
0 0.3527777777777778 0.355859375 0.03888888888888889 0.01796875
0 0.8847222222222222 0.631640625 0.03333333333333333 0.01328125
0 0.95625 0.6796875 0.02361111111111111 0.0203125
0 0.9270833333333334 0.678515625 0.015277777777777777 0.01171875
0 0.5138888888888888 0.733203125 0.041666666666666664 0.01171875
0 0.13680555555555557 0.49140625 0.02361111111111111 0.0140625
0 0.12986111111111112 0.521484375 0.02638888888888889 0.01484375
