0 0.00625 0.379296875 0.009722222222222222 0.01953125
0 0.04097222222222222 0.37890625 0.009722222222222222 0.01875
0 0.18472222222222223 0.437890625 0.03888888888888889 0.02734375
0 0.24166666666666667 0.468359375 0.03611111111111111 0.02109375
0 0.18263888888888888 0.476953125 0.029166666666666667 0.02265625
0 0.2 0.490625 0.025 0.015625
0 0.2548611111111111 0.508984375 0.04583333333333333 0.01953125
0 0.23472222222222222 0.497265625 0.044444444444444446 0.01796875
0 0.2520833333333333 0.540234375 0.043055555555555555 0.02109375
0 0.3506944444444444 0.737109375 0.06805555555555555 0.03671875
0 0.3506944444444444 0.834375 0.059722222222222225 0.0359375
0 0.9458333333333333 0.481640625 0.03888888888888889 0.02109375
