0 0.5875 0.154296875 0.058333333333333334 0.03359375
0 0.5784722222222223 0.183203125 0.05138888888888889 0.02890625
0 0.5020833333333333 0.2515625 0.05694444444444444 0.0359375
0 0.5159722222222223 0.20625 0.03194444444444444 0.025
0 0.6097222222222223 0.21875 0.058333333333333334 0.034375
0 0.5722222222222222 0.21171875 0.016666666666666666 0.015625
0 0.6652777777777777 0.277734375 0.05277777777777778 0.03359375
0 0.6291666666666667 0.28046875 0.041666666666666664 0.028125
0 0.22847222222222222 0.403125 0.059722222222222225 0.0296875
0 0.2986111111111111 0.385546875 0.06111111111111111 0.03203125
0 0.4847222222222222 0.309375 0.058333333333333334 0.028125
0 0.5069444444444444 0.2875 0.04722222222222222 0.021875
0 0.5347222222222222 0.31953125 0.06388888888888888 0.034375
0 0.5895833333333333 0.31796875 0.0375 0.025
0 0.5673611111111111 0.337109375 0.05416666666666667 0.02578125
0 0.6416666666666667 0.353125 0.058333333333333334 0.025
0 0.7430555555555556 0.377734375 0.058333333333333334 0.02734375
0 0.6256944444444444 0.4015625 0.05416666666666667 0.0296875
0 0.6611111111111111 0.424609375 0.06111111111111111 0.02734375
0 0.7069444444444445 0.43671875 0.04722222222222222 0.034375
0 0.7548611111111111 0.40625 0.059722222222222225 0.0265625
0 0.6430555555555556 0.43671875 0.03333333333333333 0.015625
0 0.5284722222222222 0.569140625 0.06805555555555555 0.03203125
0 0.5375 0.5453125 0.03333333333333333 0.0125
0 0.5944444444444444 0.524609375 0.058333333333333334 0.03203125
0 0.6868055555555556 0.512109375 0.04583333333333333 0.02890625
0 0.6375 0.544140625 0.05555555555555555 0.03046875
0 0.7875 0.512890625 0.058333333333333334 0.02578125
0 0.2652777777777778 0.6640625 0.03333333333333333 0.0265625
0 0.01875 0.62890625 0.02638888888888889 0.0171875
0 0.8368055555555556 0.567578125 0.034722222222222224 0.01484375
0 0.8618055555555556 0.57421875 0.034722222222222224 0.0078125
0 0.6638888888888889 0.61484375 0.058333333333333334 0.028125
0 0.28958333333333336 0.735546875 0.0625 0.02578125
0 0.45555555555555555 0.663671875 0.058333333333333334 0.02421875
0 0.5472222222222223 0.68046875 0.06111111111111111 0.0359375
0 0.5513888888888889 0.752734375 0.03888888888888889 0.02109375
0 0.6763888888888889 0.715625 0.03611111111111111 0.0234375
0 0.6333333333333333 0.65 0.05 0.0234375
0 0.3548611111111111 0.816796875 0.05138888888888889 0.02890625
0 0.10208333333333333 0.82109375 0.04861111111111111 0.025
0 0.06527777777777778 0.97578125 0.05555555555555555 0.0265625
0 0.10902777777777778 0.955859375 0.04861111111111111 0.02578125
0 0.5611111111111111 0.928515625 0.03611111111111111 0.02421875
0 0.6166666666666667 0.916796875 0.04722222222222222 0.02265625
0 0.18888888888888888 0.823828125 0.03611111111111111 0.02421875
0 0.9208333333333333 0.758984375 0.03888888888888889 0.02421875
