0 0.3416666666666667 0.09375 0.06388888888888888 0.0296875
0 0.5069444444444444 0.146875 0.044444444444444446 0.025
0 0.5166666666666667 0.113671875 0.016666666666666666 0.01796875
0 0.5645833333333333 0.108203125 0.04583333333333333 0.03203125
0 0.6270833333333333 0.167578125 0.04861111111111111 0.03359375
0 0.6423611111111112 0.21640625 0.034722222222222224 0.028125
0 0.6118055555555556 0.224609375 0.043055555555555555 0.03046875
0 0.6708333333333333 0.262109375 0.041666666666666664 0.02890625
0 0.5736111111111111 0.28828125 0.03333333333333333 0.028125
0 0.6131944444444445 0.265625 0.04027777777777778 0.0140625
0 0.6409722222222223 0.29140625 0.043055555555555555 0.0296875
0 0.6076388888888888 0.3 0.02361111111111111 0.015625
0 0.6569444444444444 0.343359375 0.041666666666666664 0.02734375
0 0.6159722222222223 0.346484375 0.0375 0.02265625
0 0.5409722222222222 0.315234375 0.04027777777777778 0.01796875
0 0.32083333333333336 0.353125 0.05 0.0296875
0 0.27708333333333335 0.363671875 0.05138888888888889 0.02734375
0 0.3423611111111111 0.344140625 0.0375 0.02734375
0 0.35 0.376171875 0.04722222222222222 0.02734375
0 0.18055555555555555 0.400390625 0.05 0.02265625
0 0.03194444444444444 0.39375 0.04722222222222222 0.03125
0 0.014583333333333334 0.36953125 0.029166666666666667 0.0265625
0 0.5770833333333333 0.36328125 0.05416666666666667 0.028125
0 0.4951388888888889 0.37421875 0.015277777777777777 0.0140625
0 0.5131944444444444 0.39609375 0.04027777777777778 0.021875
0 0.5111111111111111 0.41328125 0.025 0.0125
0 0.5680555555555555 0.391015625 0.058333333333333334 0.02890625
0 0.6159722222222223 0.399609375 0.04583333333333333 0.03515625
0 0.6986111111111111 0.392578125 0.04722222222222222 0.02578125
0 0.8576388888888888 0.408984375 0.0625 0.02890625
0 0.9805555555555555 0.406640625 0.03333333333333333 0.02734375
0 0.7743055555555556 0.469140625 0.06527777777777778 0.03203125
0 0.7145833333333333 0.425390625 0.05416666666666667 0.02421875
0 0.6604166666666667 0.448828125 0.059722222222222225 0.03203125
0 0.5805555555555556 0.43359375 0.030555555555555555 0.03125
0 0.6076388888888888 0.453515625 0.04861111111111111 0.03203125
0 0.5236111111111111 0.4765625 0.044444444444444446 0.0328125
0 0.4979166666666667 0.487109375 0.029166666666666667 0.02421875
0 0.15555555555555556 0.491796875 0.044444444444444446 0.02421875
0 0.11458333333333333 0.501171875 0.04861111111111111 0.02734375
0 0.06805555555555555 0.501953125 0.04722222222222222 0.02578125
0 0.017361111111111112 0.5015625 0.03194444444444444 0.025
0 0.08125 0.5171875 0.02361111111111111 0.015625
0 0.09027777777777778 0.600390625 0.04722222222222222 0.02578125
0 0.011111111111111112 0.60390625 0.022222222222222223 0.028125
0 0.025694444444444443 0.612890625 0.020833333333333332 0.02734375
0 0.03194444444444444 0.644140625 0.03888888888888889 0.01640625
0 0.4409722222222222 0.60859375 0.034722222222222224 0.01875
0 0.46041666666666664 0.57890625 0.0375 0.0234375
0 0.2826388888888889 0.577734375 0.034722222222222224 0.02578125
0 0.28680555555555554 0.5453125 0.04027777777777778 0.0328125
0 0.3159722222222222 0.51328125 0.029166666666666667 0.01875
0 0.5416666666666666 0.542578125 0.05555555555555555 0.03046875
0 0.44513888888888886 0.467578125 0.02638888888888889 0.01328125
0 0.6513888888888889 0.605078125 0.05555555555555555 0.03671875
0 0.7006944444444444 0.5953125 0.04583333333333333 0.03125
0 0.7270833333333333 0.537109375 0.04861111111111111 0.01953125
0 0.6430555555555556 0.53203125 0.025 0.0140625
0 0.7972222222222223 0.563671875 0.03888888888888889 0.02734375
0 0.7826388888888889 0.527734375 0.020833333333333332 0.01328125
0 0.8291666666666667 0.56015625 0.03888888888888889 0.0265625
0 0.8 0.6109375 0.022222222222222223 0.015625
0 0.8534722222222222 0.7171875 0.04583333333333333 0.0296875
0 0.9875 0.698828125 0.022222222222222223 0.02734375
0 0.9347222222222222 0.73671875 0.030555555555555555 0.0296875
0 0.9819444444444444 0.734765625 0.03333333333333333 0.02578125
0 0.6923611111111111 0.642578125 0.018055555555555554 0.01640625
0 0.5083333333333333 0.662890625 0.044444444444444446 0.02265625
0 0.6263888888888889 0.650390625 0.041666666666666664 0.02421875
0 0.6520833333333333 0.6640625 0.04861111111111111 0.0234375
0 0.025694444444444443 0.740625 0.034722222222222224 0.0234375
0 0.15902777777777777 0.766796875 0.0375 0.01953125
0 0.4361111111111111 0.75078125 0.04722222222222222 0.0203125
0 0.5319444444444444 0.704296875 0.04722222222222222 0.02421875
0 0.6409722222222223 0.751953125 0.05694444444444444 0.03203125
0 0.7180555555555556 0.7234375 0.06388888888888888 0.0390625
0 0.7701388888888889 0.74765625 0.05138888888888889 0.021875
0 0.8604166666666667 0.75234375 0.04583333333333333 0.0296875
0 0.8256944444444444 0.721875 0.03194444444444444 0.01875
0 0.8916666666666667 0.731640625 0.04722222222222222 0.02109375
0 0.9597222222222223 0.715625 0.04722222222222222 0.034375
0 0.8819444444444444 0.766015625 0.03333333333333333 0.01953125
0 0.8506944444444444 0.789453125 0.043055555555555555 0.03671875
0 0.8861111111111111 0.790625 0.027777777777777776 0.01875
0 0.9284722222222223 0.83359375 0.0375 0.0296875
0 0.9597222222222223 0.847265625 0.041666666666666664 0.02265625
0 0.7944444444444444 0.840234375 0.04722222222222222 0.02421875
0 0.6736111111111112 0.8859375 0.05277777777777778 0.0203125
0 0.8 0.90546875 0.05 0.0328125
0 0.8298611111111112 0.891015625 0.04861111111111111 0.01796875
0 0.925 0.906640625 0.05277777777777778 0.03203125
0 0.9611111111111111 0.9375 0.041666666666666664 0.0328125
0 0.9041666666666667 0.930078125 0.06666666666666667 0.03515625
0 0.36041666666666666 0.8515625 0.043055555555555555 0.028125
0 0.21875 0.9125 0.0625 0.0265625
0 0.04722222222222222 0.908984375 0.06388888888888888 0.03203125
0 0.13125 0.830078125 0.04583333333333333 0.01484375
0 0.3104166666666667 0.784375 0.043055555555555555 0.0296875
0 0.029861111111111113 0.961328125 0.04027777777777778 0.02890625
0 0.6277777777777778 0.97890625 0.041666666666666664 0.0234375
0 0.6805555555555556 0.97734375 0.016666666666666666 0.0140625
0 0.009722222222222222 0.319921875 0.019444444444444445 0.01171875
0 0.3215277777777778 0.6046875 0.04027777777777778 0.0203125
