0 0.6930555555555555 0.191796875 0.04722222222222222 0.02578125
0 0.6104166666666667 0.212109375 0.0375 0.02734375
0 0.5673611111111111 0.278515625 0.04583333333333333 0.03203125
0 0.5958333333333333 0.274609375 0.022222222222222223 0.02421875
0 0.5895833333333333 0.31875 0.04583333333333333 0.0296875
0 0.5104166666666666 0.32109375 0.0375 0.025
0 0.6930555555555555 0.322265625 0.044444444444444446 0.02421875
0 0.5277777777777778 0.353125 0.03611111111111111 0.021875
0 0.6618055555555555 0.348828125 0.04027777777777778 0.01953125
0 0.6416666666666667 0.408203125 0.05277777777777778 0.02890625
0 0.6465277777777778 0.434375 0.043055555555555555 0.0234375
0 0.5131944444444444 0.385546875 0.05138888888888889 0.02421875
0 0.46111111111111114 0.40078125 0.044444444444444446 0.0265625
0 0.4875 0.417578125 0.030555555555555555 0.01484375
0 0.5743055555555555 0.462109375 0.04027777777777778 0.02421875
0 0.6895833333333333 0.48203125 0.043055555555555555 0.01875
0 0.4486111111111111 0.487109375 0.05 0.02578125
0 0.5756944444444444 0.530078125 0.04027777777777778 0.02109375
0 0.46111111111111114 0.45859375 0.03888888888888889 0.0171875
0 0.5354166666666667 0.497265625 0.043055555555555555 0.02109375
0 0.5958333333333333 0.571484375 0.044444444444444446 0.02734375
0 0.6805555555555556 0.625 0.030555555555555555 0.0171875
0 0.5430555555555555 0.471875 0.041666666666666664 0.0125
0 0.5701388888888889 0.7265625 0.059722222222222225 0.03125
0 0.5368055555555555 0.756640625 0.04861111111111111 0.02890625
0 0.6513888888888889 0.490234375 0.030555555555555555 0.02109375
0 0.6354166666666666 0.23203125 0.015277777777777777 0.0171875
0 0.6784722222222223 0.271875 0.0375 0.0171875
0 0.6041666666666666 0.36796875 0.027777777777777776 0.01875
0 0.5083333333333333 0.502734375 0.022222222222222223 0.02265625
0 0.7423611111111111 0.44765625 0.04027777777777778 0.0265625
0 0.7166666666666667 0.510546875 0.05277777777777778 0.01640625
0 0.5840277777777778 0.551171875 0.034722222222222224 0.01953125
0 0.5715277777777777 0.591015625 0.02638888888888889 0.01015625
0 0.7652777777777777 0.546875 0.03333333333333333 0.0125
0 0.8541666666666666 0.5375 0.041666666666666664 0.0203125
0 0.8368055555555556 0.555859375 0.020833333333333332 0.01796875
0 0.8395833333333333 0.57890625 0.029166666666666667 0.025
0 0.7916666666666666 0.571875 0.025 0.015625
0 0.7715277777777778 0.60859375 0.034722222222222224 0.0171875
0 0.9361111111111111 0.632421875 0.03888888888888889 0.01796875
0 0.7638888888888888 0.838671875 0.06111111111111111 0.03359375
0 0.7451388888888889 0.76953125 0.04027777777777778 0.0203125
0 0.5305555555555556 0.686328125 0.030555555555555555 0.02265625
0 0.6243055555555556 0.613671875 0.034722222222222224 0.01640625
0 0.5861111111111111 0.623046875 0.027777777777777776 0.01328125
0 0.85 0.644140625 0.030555555555555555 0.01328125
0 0.7972222222222223 0.6296875 0.03333333333333333 0.0109375
0 0.9673611111111111 0.5953125 0.034722222222222224 0.025
0 0.2791666666666667 0.5453125 0.027777777777777776 0.0125
