0 0.024305555555555556 0.094921875 0.03194444444444444 0.02109375
0 0.1361111111111111 0.24921875 0.04722222222222222 0.0296875
0 0.16666666666666666 0.265625 0.044444444444444446 0.03125
0 0.1423611111111111 0.325390625 0.05138888888888889 0.02421875
0 0.020833333333333332 0.42421875 0.041666666666666664 0.03125
0 0.12986111111111112 0.43046875 0.020833333333333332 0.0109375
0 0.11319444444444444 0.4421875 0.018055555555555554 0.015625
0 0.1875 0.46015625 0.058333333333333334 0.0296875
0 0.1076388888888889 0.516796875 0.04861111111111111 0.02734375
0 0.09236111111111112 0.530859375 0.05138888888888889 0.01953125
0 0.19027777777777777 0.5484375 0.05277777777777778 0.028125
0 0.19722222222222222 0.497265625 0.03611111111111111 0.02265625
0 0.8493055555555555 0.509375 0.0375 0.0203125
0 0.09791666666666667 0.64765625 0.05138888888888889 0.021875
0 0.004861111111111111 0.512109375 0.006944444444444444 0.02265625
0 0.8729166666666667 0.53046875 0.020833333333333332 0.01875
