0 0.3597222222222222 0.084765625 0.044444444444444446 0.01953125
0 0.4125 0.08671875 0.03333333333333333 0.0296875
0 0.3402777777777778 0.11640625 0.05555555555555555 0.0328125
0 0.41041666666666665 0.1203125 0.04027777777777778 0.0296875
0 0.21875 0.1484375 0.05416666666666667 0.021875
0 0.2361111111111111 0.18671875 0.05 0.0359375
0 0.2548611111111111 0.229296875 0.05416666666666667 0.03046875
0 0.25277777777777777 0.249609375 0.03333333333333333 0.01640625
0 0.21180555555555555 0.25234375 0.05694444444444444 0.025
0 0.42916666666666664 0.180859375 0.03888888888888889 0.02890625
0 0.33541666666666664 0.279296875 0.04583333333333333 0.02109375
0 0.4534722222222222 0.2984375 0.043055555555555555 0.03125
0 0.49236111111111114 0.307421875 0.05138888888888889 0.02890625
0 0.8555555555555555 0.26171875 0.044444444444444446 0.0234375
0 0.8604166666666667 0.283203125 0.04583333333333333 0.02265625
0 0.9013888888888889 0.2921875 0.041666666666666664 0.0171875
0 0.059722222222222225 0.41328125 0.06388888888888888 0.0296875
0 0.2 0.471875 0.05 0.0265625
0 0.1625 0.494140625 0.03888888888888889 0.02109375
0 0.2013888888888889 0.500390625 0.041666666666666664 0.01953125
0 0.31319444444444444 0.4078125 0.043055555555555555 0.028125
0 0.3590277777777778 0.416796875 0.04583333333333333 0.02109375
0 0.30833333333333335 0.46953125 0.05 0.0234375
0 0.3416666666666667 0.488671875 0.05555555555555555 0.03046875
0 0.38472222222222224 0.497265625 0.05 0.02265625
0 0.4201388888888889 0.499609375 0.05138888888888889 0.02890625
0 0.36736111111111114 0.512109375 0.0375 0.01328125
0 0.25416666666666665 0.550390625 0.05555555555555555 0.02734375
0 0.49722222222222223 0.506640625 0.03611111111111111 0.02265625
0 0.5173611111111112 0.496875 0.0375 0.0234375
0 0.8666666666666667 0.40859375 0.05277777777777778 0.0296875
0 0.9097222222222222 0.427734375 0.05277777777777778 0.02890625
0 0.9590277777777778 0.428125 0.043055555555555555 0.01875
0 0.9736111111111111 0.5453125 0.04722222222222222 0.028125
0 0.5881944444444445 0.550390625 0.03194444444444444 0.01171875
0 0.3402777777777778 0.6203125 0.05555555555555555 0.03125
0 0.19305555555555556 0.588671875 0.05 0.02734375
0 0.1076388888888889 0.6640625 0.04583333333333333 0.0234375
0 0.3 0.63125 0.06944444444444445 0.028125
0 0.1875 0.6046875 0.04722222222222222 0.021875
0 0.2326388888888889 0.594140625 0.02638888888888889 0.01953125
0 0.4 0.75078125 0.058333333333333334 0.0359375
0 0.43194444444444446 0.808203125 0.06111111111111111 0.02734375
0 0.3909722222222222 0.14765625 0.02361111111111111 0.015625
0 0.0625 0.436328125 0.044444444444444446 0.01328125
0 0.8402777777777778 0.301171875 0.027777777777777776 0.01328125
0 0.14444444444444443 0.215234375 0.03611111111111111 0.02578125
0 0.09583333333333334 0.466796875 0.03888888888888889 0.01953125
0 0.12291666666666666 0.45703125 0.03194444444444444 0.01875
0 0.4534722222222222 0.40625 0.02638888888888889 0.0125
