0 0.4673611111111111 0.0140625 0.04583333333333333 0.028125
0 0.4083333333333333 0.0359375 0.030555555555555555 0.0203125
0 0.42083333333333334 0.08515625 0.041666666666666664 0.0296875
0 0.5104166666666666 0.11953125 0.0375 0.021875
0 0.34375 0.1125 0.04027777777777778 0.0234375
0 0.32222222222222224 0.14453125 0.03888888888888889 0.0203125
0 0.36041666666666666 0.14453125 0.029166666666666667 0.0203125
0 0.3854166666666667 0.17265625 0.02638888888888889 0.021875
0 0.3638888888888889 0.204296875 0.03333333333333333 0.01796875
0 0.2833333333333333 0.210546875 0.030555555555555555 0.01953125
0 0.31666666666666665 0.232421875 0.05 0.02265625
0 0.4583333333333333 0.212890625 0.041666666666666664 0.02109375
0 0.4513888888888889 0.2328125 0.03611111111111111 0.0171875
0 0.5034722222222222 0.239453125 0.04027777777777778 0.02109375
0 0.5645833333333333 0.235546875 0.043055555555555555 0.02265625
0 0.5979166666666667 0.269140625 0.043055555555555555 0.02265625
0 0.4444444444444444 0.30546875 0.044444444444444446 0.0234375
0 0.5229166666666667 0.309765625 0.03194444444444444 0.01796875
0 0.42986111111111114 0.323828125 0.0375 0.02265625
0 0.3875 0.310546875 0.044444444444444446 0.02265625
0 0.2951388888888889 0.31875 0.043055555555555555 0.021875
0 0.6076388888888888 0.390234375 0.04583333333333333 0.01953125
0 0.24444444444444444 0.36328125 0.03333333333333333 0.01875
0 0.21666666666666667 0.39296875 0.041666666666666664 0.0234375
0 0.2701388888888889 0.408203125 0.04027777777777778 0.02265625
0 0.30625 0.39296875 0.03194444444444444 0.015625
0 0.3333333333333333 0.407421875 0.022222222222222223 0.01328125
0 0.39444444444444443 0.4578125 0.030555555555555555 0.0203125
0 0.44166666666666665 0.4671875 0.03333333333333333 0.0125
0 0.5458333333333333 0.471875 0.022222222222222223 0.015625
0 0.6201388888888889 0.493359375 0.029166666666666667 0.01640625
0 0.9048611111111111 0.455859375 0.0375 0.02109375
0 0.9486111111111111 0.503125 0.030555555555555555 0.021875
0 0.3034722222222222 0.494140625 0.03194444444444444 0.01796875
0 0.20694444444444443 0.424609375 0.04722222222222222 0.01953125
0 0.07777777777777778 0.453515625 0.03611111111111111 0.01796875
0 0.17083333333333334 0.445703125 0.030555555555555555 0.01640625
0 0.34305555555555556 0.53359375 0.030555555555555555 0.015625
0 0.4826388888888889 0.563671875 0.0375 0.01796875
0 0.5020833333333333 0.62109375 0.0375 0.0234375
0 0.2111111111111111 0.601953125 0.03888888888888889 0.01953125
0 0.06388888888888888 0.683984375 0.044444444444444446 0.02265625
0 0.5236111111111111 0.76015625 0.05277777777777778 0.0375
0 0.49583333333333335 0.835546875 0.07222222222222222 0.03671875
0 0.4701388888888889 0.3203125 0.029166666666666667 0.0171875
0 0.37083333333333335 0.29453125 0.030555555555555555 0.0140625
0 0.42430555555555555 0.24921875 0.04027777777777778 0.0234375
0 0.48194444444444445 0.2015625 0.025 0.015625
0 0.44930555555555557 0.17109375 0.029166666666666667 0.0203125
0 0.35555555555555557 0.171875 0.03611111111111111 0.028125
0 0.3888888888888889 0.123046875 0.044444444444444446 0.01953125
0 0.4173611111111111 0.145703125 0.043055555555555555 0.01953125
0 0.4340277777777778 0.27265625 0.05138888888888889 0.0234375
0 0.5944444444444444 0.514453125 0.03611111111111111 0.01328125
0 0.75 0.567578125 0.019444444444444445 0.01484375
0 0.9375 0.456640625 0.044444444444444446 0.02421875
0 0.8736111111111111 0.484375 0.03611111111111111 0.015625
0 0.8430555555555556 0.521875 0.044444444444444446 0.0125
0 0.2701388888888889 0.446875 0.018055555555555554 0.0203125
0 0.35555555555555557 0.477734375 0.025 0.01640625
0 0.39444444444444443 0.47578125 0.03333333333333333 0.0140625
