0 0.4895833333333333 0.039453125 0.043055555555555555 0.02421875
0 0.5979166666666667 0.071484375 0.05694444444444444 0.03671875
0 0.5527777777777778 0.137890625 0.05277777777777778 0.03515625
0 0.39166666666666666 0.130078125 0.04722222222222222 0.03046875
0 0.35138888888888886 0.160546875 0.019444444444444445 0.01640625
0 0.3951388888888889 0.159765625 0.029166666666666667 0.01796875
0 0.4888888888888889 0.1859375 0.05277777777777778 0.0171875
0 0.4513888888888889 0.185546875 0.03333333333333333 0.01796875
0 0.35208333333333336 0.1828125 0.02638888888888889 0.0296875
0 0.37430555555555556 0.211328125 0.05138888888888889 0.03046875
0 0.3506944444444444 0.239453125 0.05138888888888889 0.02734375
0 0.26944444444444443 0.281640625 0.04722222222222222 0.01953125
0 0.2625 0.310546875 0.03888888888888889 0.02265625
0 0.3284722222222222 0.294921875 0.03194444444444444 0.01796875
0 0.49375 0.25859375 0.02361111111111111 0.0171875
0 0.2951388888888889 0.31796875 0.015277777777777777 0.009375
0 0.32708333333333334 0.328125 0.03194444444444444 0.015625
0 0.5576388888888889 0.408203125 0.05138888888888889 0.02421875
0 0.33611111111111114 0.396875 0.03888888888888889 0.015625
0 0.2513888888888889 0.390234375 0.027777777777777776 0.01796875
0 0.59375 0.461328125 0.043055555555555555 0.02578125
0 0.3486111111111111 0.438671875 0.05 0.02265625
0 0.32430555555555557 0.506640625 0.04861111111111111 0.02890625
0 0.34444444444444444 0.46328125 0.03611111111111111 0.025
0 0.38819444444444445 0.4765625 0.05416666666666667 0.0203125
0 0.3541666666666667 0.50234375 0.019444444444444445 0.0171875
0 0.20555555555555555 0.49296875 0.044444444444444446 0.021875
0 0.22013888888888888 0.447265625 0.02638888888888889 0.02421875
0 0.2423611111111111 0.518359375 0.034722222222222224 0.01640625
0 0.2013888888888889 0.587109375 0.03611111111111111 0.01953125
0 0.25972222222222224 0.601953125 0.03333333333333333 0.02890625
0 0.5270833333333333 0.53515625 0.0375 0.0234375
0 0.6326388888888889 0.53671875 0.04861111111111111 0.0203125
0 0.5854166666666667 0.5359375 0.02361111111111111 0.021875
0 0.5868055555555556 0.57578125 0.04027777777777778 0.01875
0 0.6270833333333333 0.592578125 0.018055555555555554 0.01640625
0 0.5645833333333333 0.658984375 0.05138888888888889 0.02578125
0 0.2798611111111111 0.515234375 0.043055555555555555 0.02578125
0 0.2625 0.4296875 0.03333333333333333 0.009375
0 0.5506944444444445 0.357421875 0.0375 0.01171875
0 0.4666666666666667 0.25 0.044444444444444446 0.0265625
0 0.6236111111111111 0.41953125 0.03888888888888889 0.0203125
0 0.5118055555555555 0.696875 0.04027777777777778 0.0234375
0 0.9402777777777778 0.70390625 0.04722222222222222 0.0234375
0 0.9923611111111111 0.599609375 0.0125 0.01953125
0 0.9923611111111111 0.5609375 0.0125 0.0125
0 0.9944444444444445 0.579296875 0.008333333333333333 0.01484375
0 0.9888888888888889 0.62578125 0.019444444444444445 0.0109375
0 0.11319444444444444 0.78515625 0.04583333333333333 0.021875
0 0.18125 0.801171875 0.04583333333333333 0.02421875
0 0.22083333333333333 0.784375 0.030555555555555555 0.021875
0 0.6243055555555556 0.725 0.04027777777777778 0.028125
0 0.7041666666666667 0.687109375 0.03611111111111111 0.03046875
0 0.6881944444444444 0.75390625 0.04027777777777778 0.0234375
