0 0.48333333333333334 0.28671875 0.05555555555555555 0.0296875
0 0.4888888888888889 0.315234375 0.058333333333333334 0.03046875
0 0.46041666666666664 0.403125 0.05138888888888889 0.0265625
0 0.36944444444444446 0.446875 0.044444444444444446 0.0203125
0 0.7243055555555555 0.526953125 0.0375 0.01953125
0 0.46944444444444444 0.5328125 0.06388888888888888 0.0328125
0 0.33125 0.584765625 0.05138888888888889 0.03515625
0 0.030555555555555555 0.5921875 0.058333333333333334 0.0375
0 0.07083333333333333 0.59296875 0.030555555555555555 0.021875
0 0.48194444444444445 0.554296875 0.030555555555555555 0.02265625
0 0.06041666666666667 0.7203125 0.043055555555555555 0.028125
0 0.0125 0.723828125 0.022222222222222223 0.01953125
0 0.8076388888888889 0.70703125 0.059722222222222225 0.0296875
0 0.7645833333333333 0.5359375 0.04583333333333333 0.028125
0 0.4888888888888889 0.337109375 0.044444444444444446 0.02109375
