0 0.4986111111111111 0.101171875 0.058333333333333334 0.03359375
0 0.45694444444444443 0.09609375 0.04722222222222222 0.03125
0 0.49166666666666664 0.120703125 0.058333333333333334 0.02109375
0 0.45416666666666666 0.189453125 0.06111111111111111 0.03984375
0 0.4215277777777778 0.1953125 0.05416666666666667 0.0375
0 0.34097222222222223 0.283203125 0.04861111111111111 0.02265625
0 0.5319444444444444 0.3375 0.05277777777777778 0.0359375
0 0.3194444444444444 0.323828125 0.06111111111111111 0.03046875
0 0.47430555555555554 0.359375 0.0625 0.0359375
0 0.31666666666666665 0.444140625 0.05555555555555555 0.03046875
0 0.48125 0.403125 0.043055555555555555 0.0265625
0 0.4798611111111111 0.428125 0.043055555555555555 0.021875
0 0.525 0.448828125 0.041666666666666664 0.02734375
0 0.5840277777777778 0.45 0.04861111111111111 0.03125
0 0.6270833333333333 0.433203125 0.05416666666666667 0.02421875
0 0.5527777777777778 0.440234375 0.030555555555555555 0.01640625
0 0.73125 0.532421875 0.04861111111111111 0.02890625
0 0.24027777777777778 0.49765625 0.05 0.025
0 0.3701388888888889 0.542578125 0.04583333333333333 0.02578125
0 0.29930555555555555 0.50703125 0.05138888888888889 0.03125
0 0.3159722222222222 0.467578125 0.029166666666666667 0.01484375
0 0.2520833333333333 0.470703125 0.059722222222222225 0.03046875
0 0.23680555555555555 0.521484375 0.05694444444444444 0.02734375
0 0.23958333333333334 0.546875 0.059722222222222225 0.0296875
0 0.27569444444444446 0.625390625 0.059722222222222225 0.03671875
0 0.35347222222222224 0.63046875 0.059722222222222225 0.028125
0 0.34444444444444444 0.680078125 0.05 0.02734375
0 0.30486111111111114 0.652734375 0.05416666666666667 0.03046875
0 0.22361111111111112 0.61796875 0.041666666666666664 0.0265625
0 0.3541666666666667 0.825390625 0.06111111111111111 0.03984375
0 0.30069444444444443 0.82265625 0.05416666666666667 0.046875
0 0.14166666666666666 0.84921875 0.07777777777777778 0.034375
0 0.10972222222222222 0.824609375 0.06111111111111111 0.02734375
0 0.35625 0.871484375 0.043055555555555555 0.02578125
0 0.18472222222222223 0.874609375 0.06388888888888888 0.02734375
0 0.3347222222222222 0.889453125 0.041666666666666664 0.02421875
0 0.2361111111111111 0.9328125 0.05277777777777778 0.0203125
0 0.25 0.710546875 0.058333333333333334 0.03828125
0 0.5986111111111111 0.76328125 0.041666666666666664 0.0203125
0 0.6201388888888889 0.695703125 0.03194444444444444 0.02421875
0 0.03263888888888889 0.821875 0.04861111111111111 0.03125
0 0.10902777777777778 0.94140625 0.04583333333333333 0.0234375
0 0.28958333333333336 0.719140625 0.029166666666666667 0.01796875
