0 0.4513888888888889 0.152734375 0.05277777777777778 0.02890625
0 0.39444444444444443 0.170703125 0.05277777777777778 0.02265625
0 0.3923611111111111 0.14375 0.03194444444444444 0.021875
0 0.42777777777777776 0.20078125 0.041666666666666664 0.021875
0 0.05347222222222222 0.24453125 0.034722222222222224 0.021875
0 0.1361111111111111 0.2890625 0.03611111111111111 0.0234375
0 0.05763888888888889 0.3640625 0.04027777777777778 0.0234375
0 0.049305555555555554 0.409765625 0.04861111111111111 0.02421875
0 0.06944444444444445 0.340234375 0.03333333333333333 0.01171875
0 0.12638888888888888 0.3703125 0.025 0.015625
0 0.13819444444444445 0.386328125 0.03194444444444444 0.02109375
0 0.12361111111111112 0.40859375 0.03611111111111111 0.0203125
0 0.15625 0.399609375 0.02638888888888889 0.00859375
0 0.15347222222222223 0.425390625 0.0375 0.01953125
0 0.15763888888888888 0.4671875 0.04027777777777778 0.0203125
0 0.07361111111111111 0.54296875 0.016666666666666666 0.0140625
0 0.11180555555555556 0.5609375 0.029166666666666667 0.015625
0 0.1909722222222222 0.694921875 0.02361111111111111 0.02265625
0 0.15347222222222223 0.708984375 0.015277777777777777 0.01484375
0 0.6020833333333333 0.22265625 0.029166666666666667 0.0203125
0 0.6194444444444445 0.29375 0.03611111111111111 0.025
0 0.6576388888888889 0.3 0.043055555555555555 0.0234375
0 0.6125 0.528515625 0.04722222222222222 0.02421875
0 0.07361111111111111 0.42265625 0.016666666666666666 0.0125
0 0.9854166666666667 0.72265625 0.020833333333333332 0.01875
0 0.3590277777777778 0.75703125 0.04583333333333333 0.0296875
0 0.20277777777777778 0.78671875 0.03888888888888889 0.025
0 0.25555555555555554 0.77734375 0.011111111111111112 0.0109375
0 0.3236111111111111 0.702734375 0.027777777777777776 0.00859375
0 0.4388888888888889 0.173046875 0.03888888888888889 0.01640625
0 0.0375 0.21328125 0.022222222222222223 0.0125
0 0.00625 0.27578125 0.0125 0.009375
0 0.09305555555555556 0.392578125 0.030555555555555555 0.01953125
0 0.013194444444444444 0.42421875 0.02361111111111111 0.01875
0 0.12430555555555556 0.476171875 0.03194444444444444 0.01953125
0 0.052083333333333336 0.546484375 0.020833333333333332 0.01328125
0 0.030555555555555555 0.5265625 0.05277777777777778 0.028125
0 0.03125 0.5453125 0.02361111111111111 0.0140625
0 0.02013888888888889 0.5578125 0.034722222222222224 0.0125
0 0.013194444444444444 0.64296875 0.020833333333333332 0.009375
0 0.17777777777777778 0.788671875 0.027777777777777776 0.02109375
