0 0.3284722222222222 0.680078125 0.04861111111111111 0.02734375
0 0.2833333333333333 0.711328125 0.044444444444444446 0.02578125
0 0.27569444444444446 0.78125 0.02361111111111111 0.0171875
0 0.4618055555555556 0.559765625 0.04027777777777778 0.01484375
0 0.35555555555555557 0.714453125 0.013888888888888888 0.01015625
0 0.9277777777777778 0.430078125 0.03333333333333333 0.01640625
0 0.8736111111111111 0.62265625 0.027777777777777776 0.0171875
0 0.9069444444444444 0.631640625 0.03333333333333333 0.01484375
0 0.68125 0.458203125 0.015277777777777777 0.00859375
0 0.34375 0.766015625 0.03194444444444444 0.02421875
