0 0.35833333333333334 0.008984375 0.04722222222222222 0.01328125
0 0.3506944444444444 0.023046875 0.04583333333333333 0.02421875
0 0.4201388888888889 0.290234375 0.034722222222222224 0.01640625
0 0.37083333333333335 0.409765625 0.03888888888888889 0.01796875
0 0.7506944444444444 0.4078125 0.0375 0.009375
0 0.13125 0.46875 0.043055555555555555 0.01875
0 0.19652777777777777 0.50625 0.0375 0.021875
0 0.13958333333333334 0.491015625 0.015277777777777777 0.02109375
0 0.125 0.526171875 0.030555555555555555 0.01171875
0 0.3909722222222222 0.512109375 0.059722222222222225 0.02578125
0 0.39375 0.60390625 0.04583333333333333 0.0171875
0 0.3701388888888889 0.6515625 0.04861111111111111 0.028125
0 0.5138888888888888 0.647265625 0.03333333333333333 0.01484375
0 0.6743055555555556 0.666015625 0.0375 0.01953125
0 0.65 0.6734375 0.03888888888888889 0.0109375
0 0.7972222222222223 0.62265625 0.041666666666666664 0.015625
0 0.3909722222222222 0.727734375 0.029166666666666667 0.01953125
0 0.3159722222222222 0.79921875 0.05416666666666667 0.03125
0 0.5229166666666667 0.782421875 0.04861111111111111 0.01796875
0 0.5826388888888889 0.780859375 0.04583333333333333 0.02265625
0 0.5895833333333333 0.75859375 0.02638888888888889 0.01875
0 0.6923611111111111 0.491796875 0.029166666666666667 0.02265625
0 0.45416666666666666 0.710546875 0.019444444444444445 0.01484375
