0 0.29791666666666666 0.393359375 0.03194444444444444 0.01796875
0 0.32083333333333336 0.463671875 0.03888888888888889 0.01640625
0 0.09236111111111112 0.612109375 0.04583333333333333 0.02109375
0 0.06597222222222222 0.6171875 0.034722222222222224 0.0171875
0 0.011111111111111112 0.61484375 0.022222222222222223 0.0140625
0 0.011805555555555555 0.66875 0.020833333333333332 0.0171875
0 0.1625 0.64375 0.03333333333333333 0.0140625
0 0.19236111111111112 0.638671875 0.04861111111111111 0.02421875
0 0.2965277777777778 0.600390625 0.015277777777777777 0.01015625
0 0.2826388888888889 0.571484375 0.034722222222222224 0.01640625
0 0.6881944444444444 0.593359375 0.0125 0.01015625
0 0.043055555555555555 0.726171875 0.025 0.02265625
0 0.008333333333333333 0.746484375 0.016666666666666666 0.01953125
