0 0.04236111111111111 0.30625 0.04861111111111111 0.0265625
0 0.08541666666666667 0.27109375 0.05416666666666667 0.0265625
0 0.575 0.215234375 0.044444444444444446 0.02578125
0 0.6229166666666667 0.20078125 0.043055555555555555 0.0265625
0 0.65 0.212109375 0.025 0.01640625
0 0.7270833333333333 0.22421875 0.04861111111111111 0.025
0 0.6826388888888889 0.20625 0.029166666666666667 0.021875
0 0.6979166666666666 0.236328125 0.04583333333333333 0.02421875
0 0.6638888888888889 0.251171875 0.041666666666666664 0.02421875
0 0.6409722222222223 0.2296875 0.029166666666666667 0.015625
0 0.5979166666666667 0.248828125 0.04583333333333333 0.02421875
0 0.7680555555555556 0.24609375 0.05277777777777778 0.028125
0 0.5583333333333333 0.27578125 0.03611111111111111 0.021875
0 0.5305555555555556 0.273828125 0.025 0.02265625
0 0.5493055555555556 0.292578125 0.04027777777777778 0.01953125
0 0.5791666666666667 0.302734375 0.04722222222222222 0.02265625
0 0.47708333333333336 0.3078125 0.043055555555555555 0.0140625
0 0.45694444444444443 0.346875 0.03333333333333333 0.0140625
0 0.45069444444444445 0.387890625 0.0375 0.01953125
0 0.4125 0.40078125 0.03611111111111111 0.0140625
0 0.4173611111111111 0.4484375 0.04027777777777778 0.0265625
0 0.4395833333333333 0.4625 0.043055555555555555 0.0265625
0 0.48055555555555557 0.459375 0.044444444444444446 0.0203125
0 0.5020833333333333 0.431640625 0.02638888888888889 0.01796875
0 0.5381944444444444 0.4296875 0.0375 0.0234375
0 0.5576388888888889 0.461328125 0.04027777777777778 0.01953125
0 0.6076388888888888 0.43359375 0.043055555555555555 0.015625
0 0.5986111111111111 0.41484375 0.044444444444444446 0.025
0 0.5701388888888889 0.39609375 0.03194444444444444 0.021875
0 0.6319444444444444 0.3546875 0.04722222222222222 0.0296875
0 0.6673611111111111 0.320703125 0.04861111111111111 0.02109375
0 0.6986111111111111 0.3109375 0.03888888888888889 0.0171875
0 0.7416666666666667 0.314453125 0.03888888888888889 0.02265625
0 0.7784722222222222 0.29609375 0.03194444444444444 0.021875
0 0.8131944444444444 0.303125 0.04027777777777778 0.01875
0 0.7902777777777777 0.31484375 0.03888888888888889 0.01875
0 0.7791666666666667 0.352734375 0.05 0.02421875
0 0.7486111111111111 0.366015625 0.03888888888888889 0.02734375
0 0.7291666666666666 0.344921875 0.027777777777777776 0.01796875
0 0.7097222222222223 0.35234375 0.030555555555555555 0.0234375
0 0.6625 0.375390625 0.05277777777777778 0.03046875
0 0.8326388888888889 0.403515625 0.043055555555555555 0.02421875
0 0.7805555555555556 0.43203125 0.044444444444444446 0.0234375
0 0.7368055555555556 0.428125 0.034722222222222224 0.0234375
0 0.5638888888888889 0.509765625 0.027777777777777776 0.01640625
0 0.30625 0.566015625 0.0375 0.02578125
0 0.030555555555555555 0.53671875 0.06111111111111111 0.0359375
0 0.07777777777777778 0.5828125 0.06944444444444445 0.0328125
0 0.2701388888888889 0.57265625 0.0375 0.01875
0 0.2625 0.583203125 0.04722222222222222 0.01953125
0 0.32708333333333334 0.592578125 0.043055555555555555 0.02421875
0 0.42430555555555555 0.58359375 0.04027777777777778 0.0125
0 0.9701388888888889 0.4625 0.043055555555555555 0.0203125
0 0.8444444444444444 0.557421875 0.05 0.02578125
0 0.8826388888888889 0.584765625 0.04027777777777778 0.02109375
0 0.9409722222222222 0.63125 0.05138888888888889 0.021875
0 0.02013888888888889 0.676953125 0.0375 0.03359375
0 0.1486111111111111 0.716796875 0.058333333333333334 0.02265625
0 0.1673611111111111 0.7796875 0.043055555555555555 0.0265625
0 0.12638888888888888 0.80078125 0.05555555555555555 0.0265625
0 0.1375 0.823828125 0.06388888888888888 0.03046875
0 0.7576388888888889 0.625390625 0.043055555555555555 0.02265625
0 0.7256944444444444 0.626953125 0.03194444444444444 0.01328125
0 0.5625 0.6171875 0.03611111111111111 0.0203125
0 0.5423611111111111 0.628515625 0.04027777777777778 0.02265625
0 0.6666666666666666 0.662109375 0.058333333333333334 0.02109375
0 0.7 0.6421875 0.027777777777777776 0.0140625
0 0.8895833333333333 0.716796875 0.043055555555555555 0.01796875
0 0.41180555555555554 0.765625 0.04027777777777778 0.0203125
0 0.3 0.66875 0.03888888888888889 0.015625
0 0.4284722222222222 0.634375 0.029166666666666667 0.01875
0 0.4951388888888889 0.65078125 0.02361111111111111 0.0140625
0 0.32708333333333334 0.620703125 0.05138888888888889 0.02265625
0 0.25555555555555554 0.640625 0.03611111111111111 0.015625
0 0.21041666666666667 0.661328125 0.04861111111111111 0.02109375
0 0.6708333333333333 0.438671875 0.03333333333333333 0.01953125
0 0.6597222222222222 0.10703125 0.022222222222222223 0.01875
0 0.6229166666666667 0.1484375 0.020833333333333332 0.01875
0 0.12222222222222222 0.628125 0.019444444444444445 0.015625
0 0.6979166666666666 0.604296875 0.020833333333333332 0.01484375
0 0.014583333333333334 0.455078125 0.020833333333333332 0.01953125
