0 0.34930555555555554 0.145703125 0.03194444444444444 0.02578125
0 0.3173611111111111 0.14140625 0.03194444444444444 0.0140625
0 0.28402777777777777 0.18125 0.02638888888888889 0.0171875
0 0.20277777777777778 0.257421875 0.04722222222222222 0.02734375
0 0.3375 0.2375 0.03333333333333333 0.0203125
0 0.9347222222222222 0.12265625 0.05555555555555555 0.03125
0 0.9236111111111112 0.10234375 0.041666666666666664 0.0265625
0 0.83125 0.22578125 0.04027777777777778 0.028125
0 0.88125 0.252734375 0.0375 0.02578125
0 0.8284722222222223 0.261328125 0.0375 0.02578125
0 0.2673611111111111 0.27109375 0.0375 0.0171875
0 0.31875 0.30703125 0.02638888888888889 0.0171875
0 0.5069444444444444 0.327734375 0.041666666666666664 0.01953125
0 0.5340277777777778 0.334375 0.029166666666666667 0.0171875
0 0.9256944444444445 0.384375 0.05138888888888889 0.0296875
0 0.8958333333333334 0.390625 0.03611111111111111 0.0265625
0 0.9388888888888889 0.303125 0.03333333333333333 0.021875
0 0.9486111111111111 0.241796875 0.013888888888888888 0.01640625
0 0.43194444444444446 0.33828125 0.027777777777777776 0.0234375
0 0.44375 0.387109375 0.0375 0.01484375
0 0.31875 0.386328125 0.04583333333333333 0.01484375
0 0.7972222222222223 0.337890625 0.03611111111111111 0.01796875
0 0.9506944444444444 0.412109375 0.029166666666666667 0.01484375
0 0.7020833333333333 0.447265625 0.043055555555555555 0.01953125
0 0.81875 0.504296875 0.04861111111111111 0.01953125
0 0.35833333333333334 0.494921875 0.044444444444444446 0.02890625
0 0.2965277777777778 0.571484375 0.02361111111111111 0.01640625
0 0.10625 0.42578125 0.034722222222222224 0.0171875
0 0.03263888888888889 0.40078125 0.034722222222222224 0.0203125
0 0.5104166666666666 0.451171875 0.05138888888888889 0.02265625
0 0.5756944444444444 0.440625 0.043055555555555555 0.0234375
0 0.80625 0.65390625 0.04027777777777778 0.025
0 0.07152777777777777 0.64375 0.05138888888888889 0.025
0 0.31666666666666665 0.180859375 0.03611111111111111 0.01953125
0 0.3902777777777778 0.20234375 0.041666666666666664 0.021875
0 0.8763888888888889 0.230859375 0.03611111111111111 0.01640625
0 0.9895833333333334 0.2765625 0.018055555555555554 0.0109375
0 0.7798611111111111 0.39609375 0.029166666666666667 0.0203125
0 0.20208333333333334 0.4984375 0.02638888888888889 0.0203125
0 0.7805555555555556 0.552734375 0.044444444444444446 0.01953125
