0 0.016666666666666666 0.2140625 0.03333333333333333 0.0234375
0 0.07847222222222222 0.201953125 0.0375 0.01796875
0 0.04861111111111111 0.240625 0.016666666666666666 0.015625
0 0.10069444444444445 0.235546875 0.02361111111111111 0.01796875
0 0.013194444444444444 0.283203125 0.02638888888888889 0.01640625
0 0.0625 0.29375 0.022222222222222223 0.0140625
0 0.08472222222222223 0.29296875 0.027777777777777776 0.0140625
0 0.15 0.2765625 0.027777777777777776 0.0125
0 0.1673611111111111 0.25234375 0.02638888888888889 0.0203125
0 0.0375 0.390625 0.016666666666666666 0.0109375
0 0.07708333333333334 0.3953125 0.018055555555555554 0.0109375
0 0.09930555555555555 0.403125 0.015277777777777777 0.009375
0 0.009722222222222222 0.449609375 0.013888888888888888 0.01015625
0 0.04375 0.65703125 0.02638888888888889 0.0140625
0 0.07916666666666666 0.646484375 0.04722222222222222 0.02734375
0 0.09166666666666666 0.619921875 0.044444444444444446 0.02109375
0 0.12708333333333333 0.696875 0.04583333333333333 0.025
0 0.05 0.570703125 0.041666666666666664 0.02421875
0 0.09513888888888888 0.544140625 0.02638888888888889 0.00703125
0 0.17847222222222223 0.654296875 0.029166666666666667 0.02109375
0 0.21388888888888888 0.65625 0.013888888888888888 0.015625
0 0.19444444444444445 0.624609375 0.027777777777777776 0.01796875
0 0.33958333333333335 0.654296875 0.015277777777777777 0.01484375
0 0.22708333333333333 0.608984375 0.02361111111111111 0.01484375
0 0.16597222222222222 0.579296875 0.04861111111111111 0.02734375
0 0.11180555555555556 0.508984375 0.0375 0.02109375
0 0.1763888888888889 0.512890625 0.041666666666666664 0.02265625
0 0.23194444444444445 0.553515625 0.03333333333333333 0.01953125
0 0.30625 0.593359375 0.029166666666666667 0.01640625
0 0.21597222222222223 0.44296875 0.020833333333333332 0.0125
0 0.2513888888888889 0.4875 0.030555555555555555 0.0234375
0 0.29097222222222224 0.51796875 0.04583333333333333 0.025
0 0.3173611111111111 0.528125 0.015277777777777777 0.009375
0 0.34375 0.504296875 0.020833333333333332 0.01015625
0 0.41041666666666665 0.547265625 0.03194444444444444 0.02109375
0 0.3909722222222222 0.53828125 0.02361111111111111 0.0125
0 0.4861111111111111 0.54375 0.027777777777777776 0.0171875
0 0.51875 0.538671875 0.02638888888888889 0.01796875
0 0.54375 0.531640625 0.02361111111111111 0.01328125
0 0.45416666666666666 0.476953125 0.041666666666666664 0.02109375
0 0.20347222222222222 0.28359375 0.029166666666666667 0.0140625
0 0.21875 0.2375 0.034722222222222224 0.0234375
0 0.21736111111111112 0.25234375 0.029166666666666667 0.0125
0 0.2125 0.2625 0.022222222222222223 0.0109375
0 0.24583333333333332 0.269140625 0.030555555555555555 0.01796875
0 0.27152777777777776 0.2609375 0.02361111111111111 0.0203125
0 0.2798611111111111 0.2375 0.02361111111111111 0.015625
0 0.3138888888888889 0.2203125 0.03333333333333333 0.021875
0 0.33055555555555555 0.231640625 0.013888888888888888 0.01171875
0 0.2861111111111111 0.3359375 0.013888888888888888 0.0125
0 0.3229166666666667 0.326953125 0.04027777777777778 0.02109375
0 0.35 0.32265625 0.019444444444444445 0.0140625
0 0.3680555555555556 0.346484375 0.022222222222222223 0.01484375
0 0.38819444444444445 0.353125 0.02638888888888889 0.009375
0 0.4041666666666667 0.38046875 0.019444444444444445 0.0109375
0 0.4548611111111111 0.337890625 0.029166666666666667 0.01484375
0 0.45555555555555555 0.35078125 0.022222222222222223 0.0125
0 0.4638888888888889 0.363671875 0.022222222222222223 0.01328125
0 0.4840277777777778 0.3640625 0.015277777777777777 0.0140625
0 0.50625 0.3640625 0.015277777777777777 0.0140625
0 0.6368055555555555 0.59609375 0.02638888888888889 0.015625
0 0.6388888888888888 0.529296875 0.027777777777777776 0.01484375
0 0.6118055555555556 0.53125 0.029166666666666667 0.015625
0 0.6166666666666667 0.56171875 0.022222222222222223 0.0140625
0 0.4861111111111111 0.258984375 0.06111111111111111 0.03671875
0 0.50625 0.31875 0.05416666666666667 0.028125
0 0.5354166666666667 0.287109375 0.059722222222222225 0.03671875
0 0.6069444444444444 0.370703125 0.058333333333333334 0.03671875
0 0.7368055555555556 0.55625 0.029166666666666667 0.0109375
0 0.9340277777777778 0.584765625 0.029166666666666667 0.02109375
0 0.8736111111111111 0.53515625 0.058333333333333334 0.0359375
0 0.9097222222222222 0.556640625 0.05 0.02734375
0 0.7104166666666667 0.430859375 0.034722222222222224 0.01953125
0 0.7819444444444444 0.441796875 0.044444444444444446 0.02421875
0 0.7944444444444444 0.461328125 0.041666666666666664 0.02421875
0 0.6916666666666667 0.324609375 0.030555555555555555 0.01796875
0 0.8388888888888889 0.422265625 0.027777777777777776 0.02109375
0 0.8319444444444445 0.44375 0.025 0.0140625
0 0.8743055555555556 0.435546875 0.059722222222222225 0.03046875
0 0.9569444444444445 0.45234375 0.058333333333333334 0.03125
0 0.9263888888888889 0.096484375 0.03611111111111111 0.02265625
0 0.9576388888888889 0.101171875 0.029166666666666667 0.02265625
0 0.9847222222222223 0.0984375 0.019444444444444445 0.0140625
0 0.9618055555555556 0.349609375 0.043055555555555555 0.02109375
0 0.9791666666666666 0.3921875 0.03611111111111111 0.021875
0 0.24722222222222223 0.24375 0.027777777777777776 0.015625
0 0.32916666666666666 0.3 0.019444444444444445 0.0140625
0 0.4875 0.331640625 0.03333333333333333 0.01484375
0 0.5152777777777777 0.3375 0.022222222222222223 0.0125
0 0.4930555555555556 0.344140625 0.022222222222222223 0.01015625
0 0.22708333333333333 0.5078125 0.018055555555555554 0.0140625
0 0.8791666666666667 0.39375 0.03611111111111111 0.009375
0 0.925 0.38359375 0.019444444444444445 0.009375
0 0.7284722222222222 0.3640625 0.034722222222222224 0.025
0 0.7340277777777777 0.306640625 0.03194444444444444 0.01484375
0 0.2611111111111111 0.424609375 0.022222222222222223 0.01015625
0 0.6979166666666666 0.51484375 0.029166666666666667 0.0125
0 0.8423611111111111 0.546484375 0.02361111111111111 0.01640625
0 0.8840277777777777 0.562890625 0.02638888888888889 0.01640625
