0 0.5402777777777777 0.085546875 0.041666666666666664 0.02578125
0 0.4847222222222222 0.1109375 0.03888888888888889 0.021875
0 0.49722222222222223 0.1625 0.044444444444444446 0.01875
0 0.5201388888888889 0.17890625 0.02638888888888889 0.0171875
0 0.5888888888888889 0.187890625 0.044444444444444446 0.01953125
0 0.40694444444444444 0.18828125 0.04722222222222222 0.0234375
0 0.3854166666666667 0.220703125 0.04027777777777778 0.02578125
0 0.4236111111111111 0.219921875 0.03333333333333333 0.02109375
0 0.44583333333333336 0.1953125 0.030555555555555555 0.021875
0 0.4409722222222222 0.241796875 0.03194444444444444 0.01640625
0 0.5201388888888889 0.24453125 0.03194444444444444 0.0203125
0 0.5368055555555555 0.2859375 0.04027777777777778 0.021875
0 0.5243055555555556 0.305078125 0.0375 0.01953125
0 0.5868055555555556 0.3125 0.0375 0.021875
0 0.6444444444444445 0.310546875 0.044444444444444446 0.02890625
0 0.5555555555555556 0.27578125 0.027777777777777776 0.015625
0 0.3611111111111111 0.282421875 0.041666666666666664 0.02421875
0 0.38680555555555557 0.30625 0.05416666666666667 0.0203125
0 0.4409722222222222 0.27890625 0.020833333333333332 0.0109375
0 0.4756944444444444 0.323828125 0.029166666666666667 0.01640625
0 0.4847222222222222 0.34609375 0.019444444444444445 0.0203125
0 0.3638888888888889 0.39140625 0.041666666666666664 0.025
0 0.4375 0.366015625 0.022222222222222223 0.01484375
0 0.4597222222222222 0.383203125 0.027777777777777776 0.01953125
0 0.5270833333333333 0.37734375 0.04861111111111111 0.025
0 0.6805555555555556 0.34296875 0.044444444444444446 0.025
0 0.5923611111111111 0.384375 0.034722222222222224 0.0203125
0 0.5076388888888889 0.395703125 0.05138888888888889 0.02734375
0 0.6909722222222222 0.465625 0.04583333333333333 0.025
0 0.3055555555555556 0.440234375 0.041666666666666664 0.01484375
0 0.2916666666666667 0.469921875 0.03333333333333333 0.02109375
0 0.3388888888888889 0.48828125 0.041666666666666664 0.025
0 0.5125 0.548046875 0.027777777777777776 0.01640625
0 0.6208333333333333 0.55 0.03333333333333333 0.0171875
0 0.7090277777777778 0.530078125 0.034722222222222224 0.01328125
0 0.7479166666666667 0.537890625 0.029166666666666667 0.01796875
0 0.2743055555555556 0.5046875 0.043055555555555555 0.01875
0 0.11944444444444445 0.537109375 0.03888888888888889 0.02109375
0 0.37777777777777777 0.580078125 0.03888888888888889 0.01953125
0 0.22777777777777777 0.65859375 0.03888888888888889 0.0203125
0 0.56875 0.654296875 0.034722222222222224 0.01796875
0 0.6104166666666667 0.71796875 0.04861111111111111 0.028125
0 0.27847222222222223 0.695703125 0.04027777777777778 0.02421875
0 0.12916666666666668 0.792578125 0.044444444444444446 0.02578125
0 0.04791666666666667 0.765625 0.034722222222222224 0.015625
0 0.6201388888888889 0.765625 0.0375 0.0171875
0 0.7166666666666667 0.7796875 0.04722222222222222 0.028125
0 0.4166666666666667 0.24296875 0.044444444444444446 0.0203125
0 0.4673611111111111 0.22734375 0.034722222222222224 0.03125
0 0.4576388888888889 0.297265625 0.015277777777777777 0.01171875
0 0.5423611111111111 0.395703125 0.02361111111111111 0.01484375
0 0.3111111111111111 0.53046875 0.027777777777777776 0.015625
0 0.23125 0.567578125 0.04583333333333333 0.01640625
0 0.1736111111111111 0.660546875 0.025 0.01953125
0 0.2986111111111111 0.70390625 0.030555555555555555 0.015625
0 0.9645833333333333 0.559375 0.04027777777777778 0.0171875
0 0.68125 0.39453125 0.020833333333333332 0.0125
0 0.8534722222222222 0.651953125 0.02361111111111111 0.01015625
0 0.10555555555555556 0.926171875 0.027777777777777776 0.01484375
0 0.6791666666666667 0.959375 0.058333333333333334 0.040625
0 0.4270833333333333 0.6203125 0.043055555555555555 0.01875
0 0.3902777777777778 0.48515625 0.03611111111111111 0.015625
0 0.3680555555555556 0.471484375 0.03333333333333333 0.01953125
0 0.4673611111111111 0.5359375 0.04027777777777778 0.0203125
0 0.5666666666666667 0.509375 0.019444444444444445 0.0171875
0 0.8756944444444444 0.805859375 0.020833333333333332 0.01328125
0 0.6708333333333333 0.862109375 0.04722222222222222 0.03203125
0 0.8444444444444444 0.605859375 0.022222222222222223 0.01171875
