0 0.41875 0.161328125 0.04583333333333333 0.02578125
0 0.20416666666666666 0.325 0.030555555555555555 0.0203125
0 0.23819444444444443 0.330078125 0.034722222222222224 0.01328125
0 0.23680555555555555 0.3984375 0.04027777777777778 0.0234375
0 0.24861111111111112 0.4296875 0.03611111111111111 0.01875
0 0.19305555555555556 0.51796875 0.030555555555555555 0.0140625
0 0.2326388888888889 0.518359375 0.05416666666666667 0.01796875
0 0.4270833333333333 0.419921875 0.043055555555555555 0.02265625
0 0.46875 0.401953125 0.020833333333333332 0.01015625
0 0.63125 0.39375 0.0375 0.025
0 0.5784722222222223 0.35859375 0.029166666666666667 0.01875
0 0.5319444444444444 0.365234375 0.027777777777777776 0.02265625
0 0.5652777777777778 0.375 0.030555555555555555 0.0125
0 0.21666666666666667 0.62734375 0.041666666666666664 0.0234375
0 0.7402777777777778 0.582421875 0.013888888888888888 0.00859375
0 0.5083333333333333 0.313671875 0.027777777777777776 0.01640625
0 0.4777777777777778 0.284375 0.016666666666666666 0.009375
0 0.1527777777777778 0.4171875 0.030555555555555555 0.0203125
0 0.08472222222222223 0.416796875 0.027777777777777776 0.01640625
0 0.035416666666666666 0.469140625 0.015277777777777777 0.01484375
0 0.027083333333333334 0.48359375 0.03194444444444444 0.0125
0 0.022222222222222223 0.5125 0.03333333333333333 0.0375
0 0.23402777777777778 0.575390625 0.034722222222222224 0.02109375
0 0.19375 0.590234375 0.05416666666666667 0.02578125
0 0.44305555555555554 0.700390625 0.03888888888888889 0.01171875
0 0.5631944444444444 0.640234375 0.015277777777777777 0.01796875
0 0.725 0.625390625 0.025 0.01953125
0 0.7923611111111111 0.59296875 0.04027777777777778 0.0125
0 0.8555555555555555 0.61484375 0.04722222222222222 0.0140625
0 0.8659722222222223 0.63671875 0.015277777777777777 0.0140625
0 0.9777777777777777 0.641796875 0.022222222222222223 0.01640625
0 0.8277777777777777 0.5203125 0.030555555555555555 0.0140625
0 0.8909722222222223 0.50625 0.015277777777777777 0.0078125
0 0.9736111111111111 0.49375 0.025 0.0109375
