0 0.1076388888888889 0.087109375 0.0625 0.03984375
0 0.10972222222222222 0.11796875 0.03888888888888889 0.0234375
0 0.17152777777777778 0.122265625 0.04583333333333333 0.03046875
0 0.14166666666666666 0.135546875 0.06388888888888888 0.03671875
0 0.1625 0.169921875 0.03611111111111111 0.01953125
0 0.8104166666666667 0.216015625 0.029166666666666667 0.01796875
0 0.2111111111111111 0.26484375 0.05 0.0203125
0 0.33055555555555555 0.2984375 0.044444444444444446 0.021875
0 0.8833333333333333 0.2015625 0.030555555555555555 0.028125
0 0.8138888888888889 0.248046875 0.03611111111111111 0.02265625
0 0.9236111111111112 0.246875 0.044444444444444446 0.021875
0 0.8965277777777778 0.220703125 0.029166666666666667 0.02265625
0 0.8333333333333334 0.20625 0.03333333333333333 0.025
0 0.9729166666666667 0.243359375 0.05138888888888889 0.03203125
0 0.9201388888888888 0.325 0.05694444444444444 0.03125
0 0.96875 0.325390625 0.04583333333333333 0.02890625
0 0.8583333333333333 0.30234375 0.05555555555555555 0.025
0 0.15902777777777777 0.459765625 0.059722222222222225 0.02578125
0 0.3333333333333333 0.47265625 0.06666666666666667 0.0390625
0 0.7069444444444445 0.421484375 0.04722222222222222 0.03203125
0 0.9541666666666667 0.371875 0.044444444444444446 0.01875
0 0.9875 0.39609375 0.022222222222222223 0.01875
0 0.7645833333333333 0.458984375 0.059722222222222225 0.03203125
0 0.6402777777777777 0.50234375 0.03611111111111111 0.01875
0 0.6805555555555556 0.5 0.03888888888888889 0.0234375
0 0.65625 0.48515625 0.04861111111111111 0.0203125
0 0.7069444444444445 0.473828125 0.03333333333333333 0.02578125
0 0.7479166666666667 0.480859375 0.04861111111111111 0.02578125
0 0.9291666666666667 0.49296875 0.041666666666666664 0.028125
0 0.98125 0.444921875 0.034722222222222224 0.03203125
0 0.9770833333333333 0.497265625 0.043055555555555555 0.02578125
0 0.45694444444444443 0.681640625 0.075 0.04140625
0 0.9430555555555555 0.541015625 0.058333333333333334 0.02109375
0 0.975 0.52421875 0.041666666666666664 0.0296875
0 0.7430555555555556 0.56875 0.041666666666666664 0.01875
0 0.7888888888888889 0.586328125 0.05277777777777778 0.02265625
0 0.9625 0.563671875 0.05555555555555555 0.02734375
0 0.9854166666666667 0.585546875 0.02638888888888889 0.02578125
0 0.10625 0.9078125 0.04583333333333333 0.0140625
0 0.45555555555555555 0.765234375 0.07222222222222222 0.03828125
0 0.5284722222222222 0.735546875 0.02638888888888889 0.01953125
0 0.4479166666666667 0.740234375 0.043055555555555555 0.01953125
0 0.7881944444444444 0.747265625 0.04861111111111111 0.02578125
0 0.7402777777777778 0.219140625 0.030555555555555555 0.02265625
0 0.9847222222222223 0.298046875 0.025 0.01328125
0 0.09375 0.311328125 0.034722222222222224 0.02109375
0 0.7958333333333333 0.3734375 0.025 0.0203125
0 0.7458333333333333 0.384375 0.027777777777777776 0.0109375
0 0.7763888888888889 0.394140625 0.013888888888888888 0.01171875
0 0.9097222222222222 0.37890625 0.030555555555555555 0.025
