0 0.5256944444444445 0.1546875 0.034722222222222224 0.021875
0 0.5472222222222223 0.1390625 0.03611111111111111 0.0203125
0 0.6284722222222222 0.13828125 0.018055555555555554 0.0109375
0 0.6916666666666667 0.28046875 0.03888888888888889 0.0234375
0 0.7027777777777777 0.294140625 0.041666666666666664 0.01796875
0 0.7173611111111111 0.447265625 0.03194444444444444 0.01484375
0 0.7902777777777777 0.468359375 0.041666666666666664 0.02578125
0 0.5715277777777777 0.510546875 0.05138888888888889 0.02578125
0 0.6826388888888889 0.514453125 0.043055555555555555 0.02734375
0 0.7527777777777778 0.54453125 0.04722222222222222 0.025
0 0.7527777777777778 0.498828125 0.022222222222222223 0.01796875
0 0.6541666666666667 0.526171875 0.03611111111111111 0.02265625
0 0.5479166666666667 0.516796875 0.0375 0.02265625
0 0.6631944444444444 0.631640625 0.043055555555555555 0.02265625
0 0.5368055555555555 0.61875 0.04583333333333333 0.0234375
0 0.3909722222222222 0.60546875 0.04583333333333333 0.025
0 0.40347222222222223 0.57265625 0.02361111111111111 0.021875
0 0.41388888888888886 0.5375 0.044444444444444446 0.0296875
0 0.3645833333333333 0.5140625 0.034722222222222224 0.0203125
0 0.2833333333333333 0.44609375 0.03611111111111111 0.0171875
0 0.30833333333333335 0.459765625 0.027777777777777776 0.01640625
0 0.6333333333333333 0.430078125 0.03611111111111111 0.02265625
0 0.1 0.49375 0.04722222222222222 0.028125
