0 0.10138888888888889 0.146484375 0.03888888888888889 0.02734375
0 0.3770833333333333 0.221875 0.05416666666666667 0.034375
0 0.39166666666666666 0.20234375 0.044444444444444446 0.0171875
0 0.43680555555555556 0.189453125 0.034722222222222224 0.02109375
0 0.4875 0.201953125 0.022222222222222223 0.01953125
0 0.4166666666666667 0.219140625 0.03611111111111111 0.02578125
0 0.4263888888888889 0.24375 0.030555555555555555 0.028125
0 0.4479166666666667 0.21640625 0.03194444444444444 0.025
0 0.47430555555555554 0.2328125 0.04027777777777778 0.0234375
0 0.5229166666666667 0.256640625 0.0375 0.02734375
0 0.7013888888888888 0.300390625 0.025 0.01328125
0 0.7006944444444444 0.233984375 0.029166666666666667 0.01640625
0 0.5076388888888889 0.29140625 0.043055555555555555 0.0203125
0 0.6159722222222223 0.278125 0.0375 0.025
0 0.4027777777777778 0.276171875 0.03611111111111111 0.01796875
0 0.4479166666666667 0.2796875 0.03194444444444444 0.0171875
0 0.8729166666666667 0.3375 0.04027777777777778 0.01875
0 0.8756944444444444 0.323828125 0.029166666666666667 0.00859375
0 0.6819444444444445 0.41015625 0.03888888888888889 0.0234375
0 0.7826388888888889 0.41640625 0.04027777777777778 0.0203125
0 0.7645833333333333 0.45703125 0.0375 0.021875
0 0.9131944444444444 0.41875 0.04861111111111111 0.0265625
0 0.9263888888888889 0.453125 0.05 0.0234375
0 0.9291666666666667 0.5453125 0.08888888888888889 0.0453125
0 0.9895833333333334 0.527734375 0.018055555555555554 0.03984375
0 0.5944444444444444 0.479296875 0.041666666666666664 0.02109375
0 0.8819444444444444 0.38203125 0.044444444444444446 0.0171875
0 0.8493055555555555 0.38046875 0.020833333333333332 0.01875
0 0.88125 0.640234375 0.05694444444444444 0.03046875
0 0.7958333333333333 0.67578125 0.05 0.0234375
0 0.6458333333333334 0.569921875 0.06388888888888888 0.04453125
0 0.7631944444444444 0.500390625 0.05694444444444444 0.01796875
0 0.5791666666666667 0.559765625 0.06944444444444445 0.03984375
0 0.475 0.535546875 0.06666666666666667 0.03359375
0 0.5222222222222223 0.61328125 0.06388888888888888 0.0359375
0 0.4875 0.619140625 0.03333333333333333 0.02421875
0 0.45069444444444445 0.620703125 0.04027777777777778 0.02890625
0 0.4125 0.534375 0.06388888888888888 0.0375
0 0.19305555555555556 0.675 0.07222222222222222 0.0421875
0 0.22152777777777777 0.68828125 0.05694444444444444 0.0375
0 0.059722222222222225 0.660546875 0.07222222222222222 0.03046875
0 0.1423611111111111 0.675 0.04861111111111111 0.0359375
0 0.12638888888888888 0.7296875 0.05 0.028125
0 0.07083333333333333 0.71484375 0.07222222222222222 0.0390625
0 0.56875 0.719140625 0.02361111111111111 0.01171875
0 0.15208333333333332 0.5390625 0.043055555555555555 0.0234375
0 0.23055555555555557 0.487890625 0.041666666666666664 0.02421875
0 0.3104166666666667 0.5046875 0.04583333333333333 0.0234375
0 0.3763888888888889 0.496484375 0.030555555555555555 0.01953125
0 0.10694444444444444 0.5640625 0.03611111111111111 0.01875
0 0.16319444444444445 0.55859375 0.0375 0.0140625
0 0.16875 0.4625 0.04027777777777778 0.025
0 0.23472222222222222 0.45546875 0.025 0.0125
0 0.18125 0.43046875 0.0375 0.021875
0 0.07083333333333333 0.4453125 0.03611111111111111 0.015625
0 0.11875 0.443359375 0.034722222222222224 0.01953125
0 0.1451388888888889 0.445703125 0.02638888888888889 0.02734375
0 0.09166666666666666 0.476953125 0.03611111111111111 0.02109375
0 0.20694444444444443 0.24296875 0.03611111111111111 0.01875
0 0.1597222222222222 0.322265625 0.019444444444444445 0.01328125
0 0.1798611111111111 0.24375 0.02361111111111111 0.0140625
0 0.6638888888888889 0.2421875 0.03333333333333333 0.01875
0 0.3770833333333333 0.51484375 0.03194444444444444 0.0140625
0 0.2743055555555556 0.612890625 0.04583333333333333 0.01484375
0 0.04652777777777778 0.333984375 0.018055555555555554 0.01171875
0 0.16875 0.340625 0.02361111111111111 0.009375
0 0.23055555555555557 0.323828125 0.019444444444444445 0.01171875
0 0.24166666666666667 0.316015625 0.019444444444444445 0.00859375
0 0.25625 0.33203125 0.020833333333333332 0.0125
0 0.31805555555555554 0.321875 0.019444444444444445 0.009375
0 0.3298611111111111 0.30234375 0.015277777777777777 0.009375
0 0.1326388888888889 0.20859375 0.018055555555555554 0.0078125
0 0.08958333333333333 0.340625 0.015277777777777777 0.0109375
0 0.2763888888888889 0.3484375 0.016666666666666666 0.0109375
0 0.25625 0.341796875 0.0125 0.00546875
0 0.29097222222222224 0.319140625 0.018055555555555554 0.00859375
0 0.29097222222222224 0.29296875 0.0125 0.0109375
0 0.3263888888888889 0.275390625 0.016666666666666666 0.01015625
0 0.19930555555555557 0.31796875 0.018055555555555554 0.009375
0 0.21736111111111112 0.287109375 0.02361111111111111 0.01640625
0 0.1486111111111111 0.275390625 0.025 0.01796875
0 0.14722222222222223 0.235546875 0.016666666666666666 0.00703125
0 0.13125 0.230078125 0.0125 0.00859375
0 0.07083333333333333 0.271484375 0.03333333333333333 0.01484375
0 0.052083333333333336 0.28828125 0.02638888888888889 0.01875
0 0.044444444444444446 0.5546875 0.03888888888888889 0.0125
