0 0.03263888888888889 0.02890625 0.034722222222222224 0.025
0 0.02013888888888889 0.051171875 0.034722222222222224 0.02578125
0 0.05277777777777778 0.0765625 0.03611111111111111 0.0171875
0 0.03333333333333333 0.111328125 0.03888888888888889 0.02109375
0 0.07916666666666666 0.027734375 0.03888888888888889 0.02109375
0 0.11527777777777778 0.03828125 0.05 0.0296875
0 0.1423611111111111 0.141015625 0.03194444444444444 0.02109375
0 0.07847222222222222 0.191015625 0.02361111111111111 0.01796875
0 0.07569444444444444 0.244140625 0.043055555555555555 0.02578125
0 0.1763888888888889 0.204296875 0.05277777777777778 0.03203125
0 0.21458333333333332 0.210546875 0.020833333333333332 0.02109375
0 0.11041666666666666 0.262109375 0.02361111111111111 0.01171875
0 0.1451388888888889 0.258984375 0.059722222222222225 0.03203125
0 0.2673611111111111 0.062109375 0.05138888888888889 0.03515625
0 0.3347222222222222 0.042578125 0.019444444444444445 0.01328125
0 0.26944444444444443 0.137109375 0.058333333333333334 0.03515625
0 0.30625 0.255859375 0.04861111111111111 0.03046875
0 0.3541666666666667 0.212890625 0.06388888888888888 0.03515625
0 0.39652777777777776 0.125390625 0.04583333333333333 0.03203125
0 0.4395833333333333 0.082421875 0.0625 0.03515625
0 0.44027777777777777 0.13671875 0.05 0.0375
0 0.47638888888888886 0.18359375 0.019444444444444445 0.0078125
0 0.1840277777777778 0.601171875 0.015277777777777777 0.01328125
0 0.16319444444444445 0.53515625 0.020833333333333332 0.0203125
0 0.27569444444444446 0.59296875 0.020833333333333332 0.009375
0 0.06944444444444445 0.64609375 0.05 0.028125
0 0.20555555555555555 0.68359375 0.05 0.0265625
0 0.02361111111111111 0.78125 0.04722222222222222 0.0328125
0 0.4263888888888889 0.26484375 0.04722222222222222 0.0265625
0 0.4666666666666667 0.275390625 0.03888888888888889 0.01484375
0 0.39166666666666666 0.2671875 0.027777777777777776 0.0203125
0 0.4222222222222222 0.593359375 0.041666666666666664 0.02734375
0 0.4284722222222222 0.63984375 0.059722222222222225 0.03125
0 0.3736111111111111 0.745703125 0.04722222222222222 0.03203125
0 0.44305555555555554 0.753515625 0.05555555555555555 0.03515625
0 0.5 0.66640625 0.05555555555555555 0.028125
0 0.4840277777777778 0.6890625 0.04027777777777778 0.01875
0 0.5090277777777777 0.707421875 0.04583333333333333 0.03203125
0 0.5465277777777777 0.687109375 0.059722222222222225 0.02265625
0 0.6805555555555556 0.708984375 0.03888888888888889 0.02421875
0 0.7159722222222222 0.66875 0.05138888888888889 0.03125
0 0.85625 0.58359375 0.04027777777777778 0.021875
0 0.5236111111111111 0.028515625 0.03333333333333333 0.02265625
0 0.55 0.0140625 0.03888888888888889 0.0265625
0 0.5791666666666667 0.0234375 0.019444444444444445 0.015625
0 0.6611111111111111 0.03046875 0.044444444444444446 0.0265625
0 0.7041666666666667 0.0390625 0.05 0.0265625
0 0.6722222222222223 0.054296875 0.041666666666666664 0.01953125
0 0.8381944444444445 0.00625 0.0375 0.0109375
0 0.8993055555555556 0.03671875 0.034722222222222224 0.0265625
0 0.9354166666666667 0.04765625 0.02361111111111111 0.0203125
0 0.8743055555555556 0.06640625 0.0375 0.0234375
0 0.86875 0.0984375 0.034722222222222224 0.021875
0 0.9201388888888888 0.121484375 0.034722222222222224 0.01953125
0 0.9069444444444444 0.166015625 0.05277777777777778 0.03203125
0 0.9902777777777778 0.175 0.016666666666666666 0.0125
0 0.9451388888888889 0.234765625 0.05138888888888889 0.02421875
0 0.9826388888888888 0.241796875 0.03194444444444444 0.01953125
0 0.7 0.082421875 0.03611111111111111 0.01953125
0 0.6791666666666667 0.125 0.030555555555555555 0.01875
0 0.5263888888888889 0.14375 0.03333333333333333 0.01875
0 0.5875 0.13828125 0.030555555555555555 0.01875
0 0.5895833333333333 0.15625 0.02361111111111111 0.0140625
0 0.6166666666666667 0.161328125 0.030555555555555555 0.01640625
0 0.6548611111111111 0.1453125 0.034722222222222224 0.0171875
0 0.6270833333333333 0.18046875 0.02361111111111111 0.0140625
0 0.7486111111111111 0.16796875 0.027777777777777776 0.01875
0 0.6951388888888889 0.24375 0.03194444444444444 0.021875
0 0.9375 0.476171875 0.016666666666666666 0.02578125
0 0.8340277777777778 0.41796875 0.034722222222222224 0.015625
0 0.7395833333333334 0.066015625 0.034722222222222224 0.01953125
0 0.6097222222222223 0.58125 0.025 0.0171875
0 0.7388888888888889 0.333984375 0.044444444444444446 0.01796875
0 0.7708333333333334 0.308984375 0.044444444444444446 0.02421875
0 0.8416666666666667 0.284375 0.05555555555555555 0.0328125
0 0.8618055555555556 0.3078125 0.0625 0.03125
0 0.8979166666666667 0.333203125 0.05138888888888889 0.02734375
0 0.9145833333333333 0.36953125 0.018055555555555554 0.0171875
0 0.09583333333333334 0.0953125 0.027777777777777776 0.0234375
0 0.6451388888888889 0.066796875 0.04027777777777778 0.02265625
0 0.5868055555555556 0.058203125 0.02361111111111111 0.01015625
0 0.4979166666666667 0.00703125 0.034722222222222224 0.0140625
0 0.6763888888888889 0.005078125 0.041666666666666664 0.01015625
0 0.7104166666666667 0.01015625 0.02638888888888889 0.0171875
0 0.9430555555555555 0.0234375 0.025 0.0140625
0 0.6902777777777778 0.148046875 0.03333333333333333 0.01796875
0 0.38263888888888886 0.7140625 0.05416666666666667 0.0296875
0 0.9819444444444444 0.19609375 0.03333333333333333 0.015625
