0 0.7666666666666667 0.00703125 0.05 0.0125
0 0.7201388888888889 0.007421875 0.05138888888888889 0.01328125
0 0.7666666666666667 0.024609375 0.04722222222222222 0.02265625
0 0.8270833333333333 0.021484375 0.04027777777777778 0.02109375
0 0.9298611111111111 0.022265625 0.04861111111111111 0.02890625
0 0.8847222222222222 0.01015625 0.041666666666666664 0.01875
0 0.9861111111111112 0.05546875 0.025 0.0234375
0 0.9729166666666667 0.091015625 0.04027777777777778 0.02890625
0 0.9770833333333333 0.12109375 0.04027777777777778 0.0234375
0 0.8326388888888889 0.090234375 0.0375 0.02578125
0 0.7979166666666667 0.06484375 0.05416666666666667 0.03125
0 0.7541666666666667 0.05546875 0.05 0.0296875
0 0.7694444444444445 0.079296875 0.04722222222222222 0.02890625
0 0.6680555555555555 0.04921875 0.022222222222222223 0.0203125
0 0.7319444444444444 0.094921875 0.03888888888888889 0.02421875
0 0.7881944444444444 0.109375 0.0375 0.0234375
0 0.4236111111111111 0.0765625 0.044444444444444446 0.03125
0 0.5805555555555556 0.106640625 0.06944444444444445 0.03984375
0 0.6118055555555556 0.0546875 0.04027777777777778 0.025
0 0.6381944444444444 0.04296875 0.04861111111111111 0.0328125
0 0.7645833333333333 0.15078125 0.043055555555555555 0.021875
0 0.8631944444444445 0.1953125 0.05138888888888889 0.0234375
0 0.3729166666666667 0.090234375 0.0625 0.03984375
0 0.29930555555555555 0.046875 0.043055555555555555 0.021875
0 0.19444444444444445 0.069140625 0.05277777777777778 0.03046875
0 0.15555555555555556 0.062109375 0.04722222222222222 0.03046875
0 0.39444444444444443 0.165234375 0.06111111111111111 0.03984375
0 0.5284722222222222 0.153125 0.04583333333333333 0.034375
0 0.56875 0.162109375 0.059722222222222225 0.04296875
0 0.6138888888888889 0.176171875 0.041666666666666664 0.02109375
0 0.6611111111111111 0.167578125 0.030555555555555555 0.01953125
0 0.11458333333333333 0.059765625 0.03194444444444444 0.03203125
0 0.04236111111111111 0.03671875 0.04583333333333333 0.028125
0 0.1763888888888889 0.01171875 0.05 0.01875
0 0.23958333333333334 0.08359375 0.04861111111111111 0.03125
0 0.09444444444444444 0.084765625 0.05 0.03515625
0 0.06111111111111111 0.083984375 0.016666666666666666 0.01640625
0 0.01875 0.05 0.034722222222222224 0.0296875
0 0.05138888888888889 0.1171875 0.04722222222222222 0.0328125
0 0.12986111111111112 0.1140625 0.04861111111111111 0.0296875
0 0.11805555555555555 0.146484375 0.044444444444444446 0.02734375
0 0.06944444444444445 0.1453125 0.044444444444444446 0.028125
0 0.25416666666666665 0.1734375 0.03888888888888889 0.0234375
0 0.2916666666666667 0.235546875 0.058333333333333334 0.03359375
0 0.34305555555555556 0.2375 0.05 0.028125
0 0.5020833333333333 0.23828125 0.059722222222222225 0.0359375
0 0.6944444444444444 0.19140625 0.030555555555555555 0.0171875
0 0.6638888888888889 0.1859375 0.03611111111111111 0.0125
0 0.7229166666666667 0.178125 0.0375 0.0203125
0 0.6979166666666666 0.21015625 0.03194444444444444 0.01875
0 0.7548611111111111 0.1796875 0.029166666666666667 0.0203125
0 0.8256944444444444 0.271484375 0.0375 0.02734375
0 0.9361111111111111 0.29375 0.03611111111111111 0.0234375
0 0.1875 0.226171875 0.05 0.02734375
0 0.06736111111111111 0.198046875 0.0375 0.02578125
0 0.015277777777777777 0.145703125 0.027777777777777776 0.02421875
0 0.013888888888888888 0.16640625 0.027777777777777776 0.0171875
0 0.17291666666666666 0.28125 0.04583333333333333 0.0296875
0 0.21597222222222223 0.29140625 0.043055555555555555 0.0296875
0 0.25763888888888886 0.2921875 0.059722222222222225 0.034375
0 0.08263888888888889 0.29765625 0.04027777777777778 0.025
0 0.03194444444444444 0.2890625 0.044444444444444446 0.021875
0 0.06527777777777778 0.260546875 0.05555555555555555 0.02734375
0 0.04722222222222222 0.437890625 0.04722222222222222 0.02265625
0 0.05555555555555555 0.452734375 0.05555555555555555 0.02109375
0 0.013194444444444444 0.480859375 0.020833333333333332 0.01484375
0 0.44375 0.287109375 0.0625 0.03515625
0 0.7493055555555556 0.27265625 0.03194444444444444 0.0171875
0 0.5479166666666667 0.294140625 0.04583333333333333 0.02578125
0 0.5076388888888889 0.295703125 0.04861111111111111 0.02890625
0 0.5715277777777777 0.305078125 0.0375 0.02109375
0 0.9305555555555556 0.330078125 0.05 0.03046875
0 0.8965277777777778 0.359765625 0.05694444444444444 0.02421875
0 0.5083333333333333 0.393359375 0.025 0.01328125
0 0.8972222222222223 0.38828125 0.041666666666666664 0.021875
0 0.9472222222222222 0.44765625 0.044444444444444446 0.0234375
0 0.8638888888888889 0.455859375 0.030555555555555555 0.01484375
0 0.425 0.5421875 0.030555555555555555 0.015625
0 0.18611111111111112 0.701953125 0.06111111111111111 0.03515625
0 0.04027777777777778 0.71953125 0.05555555555555555 0.0265625
0 0.6159722222222223 0.640625 0.043055555555555555 0.03125
0 0.45416666666666666 0.625 0.030555555555555555 0.021875
0 0.34305555555555556 0.739453125 0.058333333333333334 0.03359375
0 0.9430555555555555 0.718359375 0.06666666666666667 0.03828125
0 0.8638888888888889 0.759765625 0.04722222222222222 0.02734375
0 0.7569444444444444 0.741015625 0.06666666666666667 0.03515625
0 0.6986111111111111 0.720703125 0.07222222222222222 0.03515625
0 0.6256944444444444 0.6921875 0.06805555555555555 0.040625
0 0.5840277777777778 0.703125 0.0375 0.03125
0 0.675 0.740625 0.06666666666666667 0.0328125
0 0.7076388888888889 0.766015625 0.04861111111111111 0.03515625
0 0.5666666666666667 0.811328125 0.06666666666666667 0.03515625
0 0.6416666666666667 0.8171875 0.06944444444444445 0.0359375
0 0.575 0.776953125 0.06388888888888888 0.03515625
0 0.1527777777777778 0.84765625 0.05555555555555555 0.0328125
0 0.11736111111111111 0.75859375 0.05694444444444444 0.0234375
0 0.05 0.819140625 0.03888888888888889 0.02109375
0 0.27152777777777776 0.6484375 0.029166666666666667 0.015625
0 0.26875 0.587109375 0.04583333333333333 0.02734375
0 0.18888888888888888 0.59609375 0.03333333333333333 0.015625
0 0.30833333333333335 0.0671875 0.041666666666666664 0.0171875
