0 0.44930555555555557 0.151171875 0.029166666666666667 0.02421875
0 0.41388888888888886 0.14453125 0.025 0.0125
0 0.3909722222222222 0.183984375 0.043055555555555555 0.02109375
0 0.47430555555555554 0.2109375 0.03194444444444444 0.0203125
0 0.36875 0.201953125 0.029166666666666667 0.02421875
0 0.28194444444444444 0.262109375 0.04722222222222222 0.02421875
0 0.2916666666666667 0.27109375 0.025 0.0125
0 0.39444444444444443 0.39765625 0.03611111111111111 0.01875
0 0.5993055555555555 0.341796875 0.034722222222222224 0.01953125
0 0.6131944444444445 0.35078125 0.03194444444444444 0.01875
0 0.4625 0.512890625 0.044444444444444446 0.02421875
0 0.4791666666666667 0.524609375 0.04722222222222222 0.01484375
0 0.4215277777777778 0.5953125 0.034722222222222224 0.0234375
0 0.44722222222222224 0.316796875 0.027777777777777776 0.01171875
0 0.5333333333333333 0.351171875 0.016666666666666666 0.01796875
0 0.2625 0.43984375 0.016666666666666666 0.01875
0 0.44375 0.244921875 0.015277777777777777 0.01484375
0 0.3590277777777778 0.27734375 0.0375 0.021875
0 0.4618055555555556 0.365625 0.018055555555555554 0.0109375
0 0.6611111111111111 0.451953125 0.044444444444444446 0.02109375
0 0.9583333333333334 0.678125 0.03611111111111111 0.0203125
0 0.9701388888888889 0.52421875 0.04583333333333333 0.0265625
0 0.9097222222222222 0.355078125 0.030555555555555555 0.01640625
0 0.9680555555555556 0.276953125 0.03611111111111111 0.02109375
0 0.9701388888888889 0.367578125 0.020833333333333332 0.01171875
0 0.9729166666666667 0.24296875 0.043055555555555555 0.0203125
0 0.17152777777777778 0.4375 0.043055555555555555 0.021875
0 0.07916666666666666 0.409375 0.030555555555555555 0.0140625
0 0.1111111111111111 0.42734375 0.030555555555555555 0.0140625
0 0.5236111111111111 0.40078125 0.016666666666666666 0.0109375
0 0.1840277777777778 0.41328125 0.020833333333333332 0.0171875
0 0.41805555555555557 0.3953125 0.013888888888888888 0.015625
0 0.28680555555555554 0.5140625 0.029166666666666667 0.01875
0 0.24444444444444444 0.69765625 0.03611111111111111 0.01875
0 0.7944444444444444 0.5328125 0.03888888888888889 0.0171875
0 0.9347222222222222 0.576953125 0.030555555555555555 0.01484375
0 0.14166666666666666 0.66328125 0.05 0.025
0 0.6006944444444444 0.46484375 0.04027777777777778 0.0171875
0 0.8875 0.411328125 0.03611111111111111 0.02109375
0 0.12222222222222222 0.441796875 0.022222222222222223 0.00703125
