0 0.16111111111111112 0.219140625 0.05277777777777778 0.02734375
0 0.14791666666666667 0.254296875 0.043055555555555555 0.03046875
0 0.2111111111111111 0.2578125 0.05277777777777778 0.028125
0 0.04027777777777778 0.314453125 0.06111111111111111 0.03046875
0 0.2965277777777778 0.521875 0.06805555555555555 0.0375
0 0.46111111111111114 0.52265625 0.05555555555555555 0.028125
0 0.2 0.565234375 0.03333333333333333 0.02109375
0 0.25416666666666665 0.589453125 0.05277777777777778 0.03046875
0 0.17777777777777778 0.612109375 0.06111111111111111 0.03515625
0 0.20625 0.6296875 0.04861111111111111 0.03125
0 0.29791666666666666 0.65390625 0.04583333333333333 0.03125
0 0.059027777777777776 0.690234375 0.05138888888888889 0.03515625
0 0.4388888888888889 0.651953125 0.025 0.02734375
0 0.24861111111111112 0.716796875 0.08888888888888889 0.05234375
0 0.45902777777777776 0.7046875 0.04583333333333333 0.021875
0 0.3145833333333333 0.801171875 0.05138888888888889 0.01015625
0 0.27569444444444446 0.90703125 0.0875 0.05
0 0.39444444444444443 0.81328125 0.03888888888888889 0.015625
0 0.4166666666666667 0.908984375 0.022222222222222223 0.02578125
0 0.9305555555555556 0.84765625 0.075 0.040625
0 0.98125 0.768359375 0.034722222222222224 0.02734375
0 0.86875 0.704296875 0.05416666666666667 0.03046875
0 0.9479166666666666 0.646875 0.07083333333333333 0.0359375
0 0.9756944444444444 0.6140625 0.043055555555555555 0.0390625
0 0.8826388888888889 0.557421875 0.06527777777777778 0.03046875
0 0.9291666666666667 0.539453125 0.05277777777777778 0.02734375
0 0.9826388888888888 0.515625 0.02638888888888889 0.0234375
0 0.9777777777777777 0.301171875 0.03888888888888889 0.03203125
0 0.06458333333333334 0.427734375 0.0375 0.03203125
0 0.11527777777777778 0.422265625 0.030555555555555555 0.02734375
0 0.3138888888888889 0.380078125 0.044444444444444446 0.02578125
0 0.2861111111111111 0.36953125 0.025 0.0234375
0 0.3590277777777778 0.6203125 0.034722222222222224 0.015625
0 0.35555555555555557 0.647265625 0.03333333333333333 0.02265625
0 0.11736111111111111 0.75078125 0.03194444444444444 0.021875
0 0.9 0.688671875 0.05 0.02578125
0 0.40069444444444446 0.54296875 0.015277777777777777 0.015625
0 0.25 0.791015625 0.013888888888888888 0.01328125
0 0.6513888888888889 0.865234375 0.06388888888888888 0.03046875
