0 0.5402777777777777 0.1921875 0.044444444444444446 0.021875
0 0.46111111111111114 0.2125 0.03333333333333333 0.0265625
0 0.5319444444444444 0.268359375 0.03333333333333333 0.02265625
0 0.42430555555555555 0.277734375 0.04027777777777778 0.02109375
0 0.44166666666666665 0.316015625 0.04722222222222222 0.02578125
0 0.5458333333333333 0.31875 0.03888888888888889 0.025
0 0.3972222222222222 0.35078125 0.03333333333333333 0.0203125
0 0.41875 0.23359375 0.015277777777777777 0.0125
0 0.4354166666666667 0.2296875 0.018055555555555554 0.0125
0 0.37083333333333335 0.382421875 0.05 0.02421875
0 0.4965277777777778 0.4015625 0.05416666666666667 0.028125
0 0.3923611111111111 0.214453125 0.015277777777777777 0.00703125
0 0.5145833333333333 0.343359375 0.04027777777777778 0.01796875
0 0.31319444444444444 0.3984375 0.02638888888888889 0.0203125
0 0.35138888888888886 0.413671875 0.022222222222222223 0.01484375
0 0.5020833333333333 0.428125 0.043055555555555555 0.021875
0 0.6034722222222222 0.4390625 0.04583333333333333 0.025
0 0.4361111111111111 0.45546875 0.05 0.025
0 0.325 0.454296875 0.041666666666666664 0.01484375
0 0.31666666666666665 0.478125 0.025 0.0171875
0 0.29930555555555555 0.490234375 0.02638888888888889 0.01484375
0 0.5395833333333333 0.474609375 0.04583333333333333 0.02109375
0 0.50625 0.48125 0.02638888888888889 0.01875
0 0.7111111111111111 0.525390625 0.03611111111111111 0.01484375
0 0.6854166666666667 0.51484375 0.0375 0.015625
0 0.4486111111111111 0.5578125 0.03611111111111111 0.021875
0 0.44513888888888886 0.538671875 0.03194444444444444 0.01796875
0 0.43194444444444446 0.51953125 0.03888888888888889 0.0234375
0 0.3902777777777778 0.7140625 0.03611111111111111 0.0265625
0 0.3527777777777778 0.319921875 0.013888888888888888 0.01484375
0 0.37777777777777777 0.312890625 0.019444444444444445 0.01171875
0 0.39166666666666666 0.48828125 0.041666666666666664 0.015625
0 0.7013888888888888 0.565234375 0.03333333333333333 0.01796875
0 0.5340277777777778 0.619140625 0.043055555555555555 0.02578125
0 0.6909722222222222 0.621484375 0.04027777777777778 0.01015625
0 0.4756944444444444 0.6 0.018055555555555554 0.0109375
0 0.6291666666666667 0.59609375 0.05 0.0171875
0 0.8097222222222222 0.61796875 0.030555555555555555 0.021875
0 0.4840277777777778 0.22734375 0.018055555555555554 0.01875
0 0.43333333333333335 0.35546875 0.011111111111111112 0.0125
0 0.4625 0.367578125 0.022222222222222223 0.01171875
0 0.7465277777777778 0.515625 0.018055555555555554 0.0125
0 0.65 0.643359375 0.016666666666666666 0.01640625
0 0.4986111111111111 0.7109375 0.022222222222222223 0.0125
0 0.4701388888888889 0.709375 0.0125 0.009375
0 0.3993055555555556 0.73984375 0.020833333333333332 0.0171875
0 0.5854166666666667 0.751953125 0.018055555555555554 0.01015625
0 0.58125 0.81953125 0.04027777777777778 0.028125
