0 0.04583333333333333 0.136328125 0.06944444444444445 0.03984375
0 0.10138888888888889 0.133203125 0.058333333333333334 0.03515625
0 0.13541666666666666 0.12109375 0.02361111111111111 0.021875
0 0.2798611111111111 0.170703125 0.0625 0.03515625
0 0.22916666666666666 0.165234375 0.05277777777777778 0.03203125
0 0.19930555555555557 0.125390625 0.04861111111111111 0.03359375
0 0.22847222222222222 0.137890625 0.05138888888888889 0.02265625
0 0.23819444444444443 0.248046875 0.04861111111111111 0.03828125
0 0.18819444444444444 0.24765625 0.05694444444444444 0.034375
0 0.38819444444444445 0.2796875 0.0625 0.0359375
0 0.31319444444444444 0.30859375 0.04861111111111111 0.0296875
0 0.2375 0.33046875 0.06944444444444445 0.0375
0 0.9555555555555556 0.0265625 0.06944444444444445 0.0375
0 0.9708333333333333 0.1953125 0.04722222222222222 0.01875
0 0.9631944444444445 0.21796875 0.06527777777777778 0.03125
0 0.9708333333333333 0.246875 0.05277777777777778 0.0375
0 0.95 0.293359375 0.06111111111111111 0.02109375
0 0.9347222222222222 0.330078125 0.05277777777777778 0.03359375
0 0.07361111111111111 0.333984375 0.05555555555555555 0.03828125
0 0.33194444444444443 0.373046875 0.06666666666666667 0.03359375
0 0.33194444444444443 0.42578125 0.044444444444444446 0.0234375
0 0.3784722222222222 0.460546875 0.04583333333333333 0.02890625
0 0.3715277777777778 0.50625 0.0625 0.0390625
0 0.28125 0.455859375 0.043055555555555555 0.03046875
0 0.2701388888888889 0.491015625 0.05416666666666667 0.02890625
0 0.03611111111111111 0.343359375 0.06388888888888888 0.03203125
0 0.07430555555555556 0.40390625 0.04861111111111111 0.0296875
0 0.0375 0.39765625 0.030555555555555555 0.0265625
0 0.014583333333333334 0.405859375 0.02638888888888889 0.02734375
0 0.0375 0.42265625 0.05 0.0234375
0 0.014583333333333334 0.429296875 0.02638888888888889 0.02109375
0 0.3715277777777778 0.37890625 0.020833333333333332 0.025
0 0.19166666666666668 0.46484375 0.03888888888888889 0.03125
0 0.24027777777777778 0.536328125 0.058333333333333334 0.03046875
0 0.23541666666666666 0.51328125 0.04027777777777778 0.01875
0 0.38472222222222224 0.543359375 0.05 0.03046875
0 0.30833333333333335 0.494140625 0.04722222222222222 0.02890625
0 0.4111111111111111 0.58828125 0.06666666666666667 0.034375
0 0.9270833333333334 0.721875 0.05694444444444444 0.0421875
0 0.8791666666666667 0.7421875 0.06666666666666667 0.0515625
0 0.7402777777777778 0.466796875 0.06111111111111111 0.02890625
0 0.2826388888888889 0.21328125 0.043055555555555555 0.0140625
0 0.21388888888888888 0.223046875 0.030555555555555555 0.01171875
0 0.14375 0.240234375 0.029166666666666667 0.01484375
0 0.9833333333333333 0.27734375 0.022222222222222223 0.0234375
0 0.29583333333333334 0.37421875 0.03888888888888889 0.03125
0 0.09583333333333334 0.3890625 0.041666666666666664 0.025
0 0.08402777777777778 0.371484375 0.018055555555555554 0.01328125
0 0.1597222222222222 0.506640625 0.04722222222222222 0.02421875
0 0.28541666666666665 0.519140625 0.03194444444444444 0.01015625
0 0.33819444444444446 0.736328125 0.03194444444444444 0.03203125
0 0.3548611111111111 0.773046875 0.04583333333333333 0.03515625
0 0.9104166666666667 0.77109375 0.05416666666666667 0.0234375
0 0.8652777777777778 0.7765625 0.027777777777777776 0.0265625
