0 0.3638888888888889 0.540234375 0.030555555555555555 0.01953125
0 0.6291666666666667 0.634765625 0.041666666666666664 0.02109375
0 0.5895833333333333 0.646875 0.020833333333333332 0.021875
0 0.7375 0.50625 0.030555555555555555 0.0203125
0 0.7652777777777777 0.5015625 0.022222222222222223 0.0125
0 0.7944444444444444 0.5140625 0.025 0.0109375
0 0.7347222222222223 0.38203125 0.03333333333333333 0.01875
0 0.7993055555555556 0.425 0.029166666666666667 0.0140625
0 0.83125 0.40234375 0.029166666666666667 0.0171875
0 0.3076388888888889 0.490625 0.03194444444444444 0.0171875
0 0.3763888888888889 0.488671875 0.03333333333333333 0.01484375
0 0.37916666666666665 0.46796875 0.027777777777777776 0.0140625
0 0.4708333333333333 0.453125 0.030555555555555555 0.015625
0 0.47430555555555554 0.429296875 0.029166666666666667 0.01171875
0 0.5958333333333333 0.4890625 0.030555555555555555 0.0140625
0 0.6263888888888889 0.59921875 0.03888888888888889 0.025
0 0.5194444444444445 0.363671875 0.030555555555555555 0.01484375
0 0.50625 0.4109375 0.029166666666666667 0.0140625
0 0.5208333333333334 0.4265625 0.013888888888888888 0.0140625
0 0.5444444444444444 0.282421875 0.025 0.01796875
0 0.019444444444444445 0.46640625 0.03611111111111111 0.0171875
0 0.22777777777777777 0.30234375 0.025 0.0203125
0 0.15625 0.3140625 0.029166666666666667 0.01875
0 0.13541666666666666 0.2375 0.03194444444444444 0.0171875
0 0.14583333333333334 0.219140625 0.027777777777777776 0.01640625
0 0.3055555555555556 0.366796875 0.022222222222222223 0.01015625
0 0.9875 0.4421875 0.022222222222222223 0.025
0 0.3590277777777778 0.52421875 0.020833333333333332 0.009375
0 0.011805555555555555 0.187109375 0.020833333333333332 0.01796875
0 0.22013888888888888 0.268359375 0.020833333333333332 0.01171875
0 0.05138888888888889 0.25078125 0.019444444444444445 0.0109375
0 0.07291666666666667 0.3671875 0.020833333333333332 0.0125
0 0.26944444444444443 0.31953125 0.019444444444444445 0.0140625
0 0.03263888888888889 0.473046875 0.029166666666666667 0.01484375
0 0.1125 0.333203125 0.019444444444444445 0.01171875
0 0.009722222222222222 0.21015625 0.016666666666666666 0.009375
0 0.11805555555555555 0.26171875 0.03611111111111111 0.0125
0 0.16875 0.345703125 0.02638888888888889 0.00859375
0 0.12986111111111112 0.38671875 0.02361111111111111 0.009375
0 0.16111111111111112 0.394140625 0.013888888888888888 0.00859375
0 0.14375 0.474609375 0.015277777777777777 0.01640625
0 0.15902777777777777 0.469921875 0.015277777777777777 0.00859375
0 0.5340277777777778 0.601171875 0.02361111111111111 0.00859375
0 0.7472222222222222 0.5203125 0.019444444444444445 0.00625
0 0.5097222222222222 0.475 0.016666666666666666 0.0109375
0 0.42916666666666664 0.460546875 0.03611111111111111 0.01484375
0 0.46111111111111114 0.462109375 0.030555555555555555 0.01328125
0 0.6430555555555556 0.406640625 0.019444444444444445 0.01171875
0 0.54375 0.36875 0.02638888888888889 0.009375
0 0.7840277777777778 0.429296875 0.020833333333333332 0.01484375
0 0.68125 0.462890625 0.015277777777777777 0.01171875
