0 0.017361111111111112 0.10234375 0.03194444444444444 0.025
0 0.008333333333333333 0.11328125 0.016666666666666666 0.0125
0 0.03680555555555556 0.098046875 0.03194444444444444 0.02265625
0 0.03263888888888889 0.07421875 0.02361111111111111 0.015625
0 0.15763888888888888 0.065234375 0.0375 0.01953125
0 0.29375 0.06640625 0.04583333333333333 0.028125
0 0.21041666666666667 0.094140625 0.02361111111111111 0.01640625
0 0.24930555555555556 0.09140625 0.029166666666666667 0.0203125
0 0.2611111111111111 0.068359375 0.022222222222222223 0.01953125
0 0.35555555555555557 0.06484375 0.027777777777777776 0.01875
0 0.2763888888888889 0.101171875 0.027777777777777776 0.02734375
0 0.23819444444444443 0.114453125 0.04583333333333333 0.02578125
0 0.17777777777777778 0.1265625 0.03888888888888889 0.0234375
0 0.08125 0.119140625 0.034722222222222224 0.01953125
0 0.16180555555555556 0.153515625 0.034722222222222224 0.01796875
0 0.2048611111111111 0.171484375 0.034722222222222224 0.01796875
0 0.15347222222222223 0.19296875 0.034722222222222224 0.021875
0 0.13125 0.21875 0.04861111111111111 0.028125
0 0.013888888888888888 0.22265625 0.025 0.0296875
0 0.1111111111111111 0.24140625 0.04722222222222222 0.028125
0 0.059027777777777776 0.272265625 0.034722222222222224 0.02109375
0 0.09652777777777778 0.2703125 0.04027777777777778 0.0203125
0 0.22083333333333333 0.226953125 0.041666666666666664 0.01953125
0 0.25416666666666665 0.203125 0.041666666666666664 0.021875
0 0.2916666666666667 0.176953125 0.03333333333333333 0.02109375
0 0.31180555555555556 0.170703125 0.02638888888888889 0.01484375
0 0.4083333333333333 0.101953125 0.044444444444444446 0.02421875
0 0.4201388888888889 0.08515625 0.0375 0.01875
0 0.30694444444444446 0.103515625 0.044444444444444446 0.03359375
0 0.43819444444444444 0.131640625 0.043055555555555555 0.02578125
0 0.4284722222222222 0.110546875 0.02638888888888889 0.02421875
0 0.3625 0.206640625 0.041666666666666664 0.02109375
0 0.4638888888888889 0.21015625 0.05555555555555555 0.0328125
0 0.47847222222222224 0.2671875 0.059722222222222225 0.034375
0 0.5694444444444444 0.231640625 0.022222222222222223 0.01796875
0 0.6180555555555556 0.227734375 0.041666666666666664 0.02578125
0 0.6513888888888889 0.23125 0.03611111111111111 0.025
0 0.6701388888888888 0.18828125 0.018055555555555554 0.01875
0 0.5888888888888889 0.26015625 0.03888888888888889 0.015625
0 0.6451388888888889 0.253515625 0.0375 0.02109375
0 0.6743055555555556 0.2421875 0.0375 0.0171875
0 0.7819444444444444 0.238671875 0.03888888888888889 0.02109375
0 0.7090277777777778 0.312109375 0.034722222222222224 0.02265625
0 0.4215277777777778 0.312109375 0.04583333333333333 0.01953125
0 0.5715277777777777 0.331640625 0.05416666666666667 0.02890625
0 0.6048611111111111 0.346484375 0.034722222222222224 0.01484375
0 0.7923611111111111 0.1609375 0.04583333333333333 0.0234375
0 0.9048611111111111 0.145703125 0.04583333333333333 0.02578125
0 0.9847222222222223 0.183984375 0.025 0.02890625
0 0.9131944444444444 0.183203125 0.04027777777777778 0.02734375
0 0.8166666666666667 0.193359375 0.025 0.01484375
0 0.8618055555555556 0.23125 0.02638888888888889 0.0171875
0 0.9534722222222223 0.23671875 0.03194444444444444 0.01875
0 0.9854166666666667 0.222265625 0.02638888888888889 0.02265625
0 0.9777777777777777 0.201953125 0.041666666666666664 0.02109375
0 0.9284722222222223 0.200390625 0.03194444444444444 0.01640625
0 0.9368055555555556 0.21328125 0.04027777777777778 0.0125
0 0.3472222222222222 0.354296875 0.05 0.02421875
0 0.38055555555555554 0.35390625 0.027777777777777776 0.0234375
0 0.025694444444444443 0.348046875 0.029166666666666667 0.01796875
0 0.17916666666666667 0.39375 0.058333333333333334 0.034375
0 0.13680555555555557 0.417578125 0.05416666666666667 0.02421875
0 0.23958333333333334 0.401171875 0.029166666666666667 0.01796875
0 0.28194444444444444 0.409375 0.044444444444444446 0.01875
0 0.33194444444444443 0.388671875 0.05277777777777778 0.03046875
0 0.42916666666666664 0.3984375 0.03611111111111111 0.0234375
0 0.6472222222222223 0.383203125 0.03333333333333333 0.01796875
0 0.6666666666666666 0.42578125 0.025 0.0171875
0 0.7395833333333334 0.4 0.02638888888888889 0.015625
0 0.7555555555555555 0.41015625 0.019444444444444445 0.0125
0 0.9722222222222222 0.387890625 0.030555555555555555 0.01328125
0 0.9451388888888889 0.39921875 0.029166666666666667 0.01875
0 0.9048611111111111 0.399609375 0.029166666666666667 0.01484375
0 0.7868055555555555 0.42734375 0.03194444444444444 0.01875
0 0.8145833333333333 0.417578125 0.029166666666666667 0.01796875
0 0.8326388888888889 0.4453125 0.020833333333333332 0.0171875
0 0.9708333333333333 0.49296875 0.04722222222222222 0.0234375
0 0.21388888888888888 0.545703125 0.044444444444444446 0.02265625
0 0.29791666666666666 0.55625 0.05694444444444444 0.0265625
0 0.09097222222222222 0.54765625 0.0625 0.034375
0 0.17847222222222223 0.467578125 0.029166666666666667 0.02265625
0 0.6722222222222223 0.52578125 0.030555555555555555 0.0234375
0 0.7041666666666667 0.534765625 0.05555555555555555 0.02578125
0 0.7604166666666666 0.598046875 0.05138888888888889 0.02890625
0 0.8756944444444444 0.595703125 0.05416666666666667 0.03203125
0 0.9673611111111111 0.5671875 0.0625 0.028125
0 0.06805555555555555 0.67578125 0.07222222222222222 0.0375
0 0.43194444444444446 0.618359375 0.03333333333333333 0.01796875
0 0.5729166666666666 0.62265625 0.03194444444444444 0.0171875
0 0.5479166666666667 0.620703125 0.018055555555555554 0.01171875
0 0.4673611111111111 0.64609375 0.034722222222222224 0.015625
0 0.5541666666666667 0.562890625 0.019444444444444445 0.01953125
0 0.6791666666666667 0.5828125 0.044444444444444446 0.0296875
0 0.6868055555555556 0.60859375 0.0375 0.0234375
0 0.7034722222222223 0.6328125 0.04027777777777778 0.01875
0 0.7090277777777778 0.65078125 0.043055555555555555 0.0171875
0 0.9152777777777777 0.601171875 0.030555555555555555 0.01796875
0 0.9736111111111111 0.608984375 0.044444444444444446 0.01640625
0 0.8784722222222222 0.64921875 0.029166666666666667 0.0203125
0 0.00625 0.06484375 0.0125 0.0171875
0 0.12777777777777777 0.054296875 0.022222222222222223 0.01640625
0 0.1909722222222222 0.04921875 0.020833333333333332 0.0078125
0 0.18888888888888888 0.207421875 0.019444444444444445 0.01484375
0 0.014583333333333334 0.25625 0.02638888888888889 0.0171875
0 0.3055555555555556 0.278515625 0.030555555555555555 0.01484375
0 0.34305555555555556 0.33515625 0.019444444444444445 0.0140625
0 0.021527777777777778 0.5046875 0.04027777777777778 0.0296875
0 0.041666666666666664 0.550390625 0.041666666666666664 0.01953125
0 0.8354166666666667 0.496484375 0.029166666666666667 0.01015625
0 0.8277777777777777 0.52265625 0.022222222222222223 0.00625
0 0.9673611111111111 0.65078125 0.02361111111111111 0.0171875
0 0.8201388888888889 0.38046875 0.02361111111111111 0.0109375
0 0.8152777777777778 0.391796875 0.019444444444444445 0.01328125
0 0.9229166666666667 0.439453125 0.03194444444444444 0.01484375
0 0.9875 0.333203125 0.022222222222222223 0.01484375
0 0.9756944444444444 0.34375 0.015277777777777777 0.009375
0 0.36944444444444446 0.080859375 0.019444444444444445 0.01796875
