0 0.40069444444444446 0.02890625 0.018055555555555554 0.025
0 0.32083333333333336 0.13984375 0.05277777777777778 0.0265625
0 0.2722222222222222 0.17109375 0.04722222222222222 0.025
0 0.42569444444444443 0.11953125 0.043055555555555555 0.034375
0 0.4548611111111111 0.0390625 0.0625 0.04375
0 0.5277777777777778 0.03046875 0.041666666666666664 0.0203125
0 0.5604166666666667 0.01328125 0.034722222222222224 0.0140625
0 0.5048611111111111 0.085546875 0.04861111111111111 0.02109375
0 0.4527777777777778 0.08125 0.05 0.0234375
0 0.4777777777777778 0.101953125 0.05555555555555555 0.02578125
0 0.3055555555555556 0.206640625 0.05 0.02578125
0 0.5993055555555555 0.1828125 0.034722222222222224 0.021875
0 0.5736111111111111 0.18203125 0.03611111111111111 0.0171875
0 0.30625 0.241015625 0.05138888888888889 0.02890625
0 0.3458333333333333 0.2890625 0.05 0.0328125
0 0.5395833333333333 0.208203125 0.034722222222222224 0.03984375
0 0.7361111111111112 0.170703125 0.06388888888888888 0.03671875
0 0.8708333333333333 0.29921875 0.05 0.0265625
0 0.9916666666666667 0.257421875 0.013888888888888888 0.02109375
0 0.26944444444444443 0.287890625 0.044444444444444446 0.02890625
0 0.2423611111111111 0.30859375 0.043055555555555555 0.0328125
0 0.4708333333333333 0.245703125 0.06111111111111111 0.03359375
0 0.49166666666666664 0.2203125 0.041666666666666664 0.03125
0 0.51875 0.26015625 0.0375 0.0265625
0 0.5763888888888888 0.219140625 0.058333333333333334 0.04140625
0 0.6215277777777778 0.2109375 0.04861111111111111 0.0375
0 0.4756944444444444 0.274609375 0.059722222222222225 0.02890625
0 0.4979166666666667 0.28984375 0.04861111111111111 0.021875
0 0.5423611111111111 0.266015625 0.02638888888888889 0.01640625
0 0.5541666666666667 0.281640625 0.03333333333333333 0.01640625
0 0.6347222222222222 0.291796875 0.044444444444444446 0.02109375
0 0.28888888888888886 0.349609375 0.03333333333333333 0.02578125
0 0.3229166666666667 0.366015625 0.05138888888888889 0.02734375
0 0.29097222222222224 0.373828125 0.029166666666666667 0.01640625
0 0.6291666666666667 0.401171875 0.05 0.03203125
0 0.15555555555555556 0.46953125 0.03333333333333333 0.0234375
0 0.18888888888888888 0.470703125 0.03888888888888889 0.03046875
0 0.2298611111111111 0.45546875 0.0375 0.0140625
0 0.28958333333333336 0.471484375 0.04861111111111111 0.02421875
0 0.46944444444444444 0.4609375 0.06666666666666667 0.034375
0 0.18680555555555556 0.53984375 0.04027777777777778 0.0203125
0 0.14583333333333334 0.566015625 0.04722222222222222 0.03046875
0 0.30625 0.5203125 0.05416666666666667 0.021875
0 0.675 0.403125 0.041666666666666664 0.028125
0 0.5395833333333333 0.378125 0.05694444444444444 0.0265625
0 0.59375 0.3625 0.03194444444444444 0.0125
0 0.6277777777777778 0.48203125 0.044444444444444446 0.03125
0 0.7215277777777778 0.4015625 0.04861111111111111 0.03125
0 0.7583333333333333 0.393359375 0.03888888888888889 0.02734375
0 0.6875 0.478125 0.044444444444444446 0.03125
0 0.7013888888888888 0.504296875 0.058333333333333334 0.02734375
0 0.75 0.509765625 0.04722222222222222 0.03046875
0 0.8 0.499609375 0.044444444444444446 0.02578125
0 0.8645833333333334 0.447265625 0.05694444444444444 0.02890625
0 0.8354166666666667 0.4828125 0.059722222222222225 0.0234375
0 0.8458333333333333 0.405078125 0.019444444444444445 0.01640625
0 0.5520833333333334 0.56171875 0.0625 0.0328125
0 0.05625 0.708203125 0.03194444444444444 0.01640625
0 0.09166666666666666 0.713671875 0.044444444444444446 0.02734375
0 0.1451388888888889 0.7265625 0.05416666666666667 0.0296875
0 0.1875 0.716015625 0.03888888888888889 0.02734375
0 0.4527777777777778 0.653515625 0.05 0.02734375
0 0.13125 0.690625 0.05416666666666667 0.0234375
0 0.16319444444444445 0.663671875 0.043055555555555555 0.02890625
0 0.15625 0.634765625 0.04583333333333333 0.02734375
0 0.225 0.618359375 0.08611111111111111 0.03203125
0 0.26944444444444443 0.633984375 0.044444444444444446 0.02578125
0 0.5090277777777777 0.63984375 0.02638888888888889 0.0140625
0 0.44583333333333336 0.769921875 0.06388888888888888 0.03671875
0 0.37222222222222223 0.798046875 0.03611111111111111 0.01953125
0 0.6298611111111111 0.67734375 0.05416666666666667 0.040625
0 0.5916666666666667 0.623828125 0.03888888888888889 0.02578125
0 0.6923611111111111 0.631640625 0.04861111111111111 0.01796875
0 0.9840277777777777 0.684375 0.029166666666666667 0.0390625
0 0.8347222222222223 0.603125 0.041666666666666664 0.01875
0 0.5659722222222222 0.6109375 0.04027777777777778 0.0203125
0 0.5659722222222222 0.86328125 0.04861111111111111 0.025
0 0.76875 0.8546875 0.04861111111111111 0.03125
0 0.8173611111111111 0.84765625 0.029166666666666667 0.0234375
0 0.20902777777777778 0.951171875 0.05138888888888889 0.02734375
0 0.10902777777777778 0.990625 0.05416666666666667 0.0171875
0 0.32222222222222224 0.8953125 0.06111111111111111 0.034375
0 0.8930555555555556 0.851171875 0.044444444444444446 0.02578125
0 0.9777777777777777 0.7953125 0.041666666666666664 0.0265625
0 0.8534722222222222 0.798046875 0.0125 0.01640625
0 0.35555555555555557 0.49375 0.041666666666666664 0.0234375
0 0.03611111111111111 0.508984375 0.03611111111111111 0.02265625
0 0.23541666666666666 0.873828125 0.018055555555555554 0.01640625
0 0.9881944444444445 0.48125 0.020833333333333332 0.0203125
0 0.5430555555555555 0.53046875 0.025 0.0265625
0 0.4326388888888889 0.525390625 0.020833333333333332 0.02421875
0 0.5069444444444444 0.480859375 0.027777777777777776 0.01796875
0 0.5152777777777777 0.471484375 0.019444444444444445 0.01328125
0 0.5340277777777778 0.447265625 0.04583333333333333 0.04140625
0 0.6305555555555555 0.358984375 0.027777777777777776 0.01484375
0 0.35208333333333336 0.387109375 0.0375 0.01484375
