0 0.3736111111111111 0.1765625 0.03611111111111111 0.0265625
0 0.8194444444444444 0.29609375 0.044444444444444446 0.0234375
0 0.7472222222222222 0.31484375 0.03333333333333333 0.021875
0 0.26319444444444445 0.351953125 0.04027777777777778 0.02265625
0 0.20694444444444443 0.413671875 0.03888888888888889 0.02265625
0 0.5826388888888889 0.5859375 0.034722222222222224 0.0203125
0 0.9458333333333333 0.58828125 0.03888888888888889 0.0171875
0 0.6270833333333333 0.593359375 0.02361111111111111 0.01328125
0 0.4354166666666667 0.50703125 0.015277777777777777 0.015625
0 0.4597222222222222 0.423046875 0.030555555555555555 0.01640625
0 0.36736111111111114 0.559765625 0.029166666666666667 0.01640625
0 0.5381944444444444 0.005859375 0.0375 0.01171875
0 0.45625 0.02890625 0.0125 0.0109375
0 0.3854166666666667 0.202734375 0.02361111111111111 0.01328125
0 0.38263888888888886 0.05703125 0.0125 0.0125
0 0.8604166666666667 0.351953125 0.034722222222222224 0.02578125
0 0.00625 0.401171875 0.0125 0.01171875
0 0.9604166666666667 0.451953125 0.05138888888888889 0.02421875
0 0.6805555555555556 0.60625 0.022222222222222223 0.0140625
0 0.7611111111111111 0.585546875 0.03888888888888889 0.03046875
0 0.825 0.52578125 0.03888888888888889 0.0140625
0 0.7631944444444444 0.56328125 0.034722222222222224 0.0140625
0 0.9736111111111111 0.16328125 0.019444444444444445 0.0140625
0 0.9229166666666667 0.1875 0.018055555555555554 0.01875
