0 0.5722222222222222 0.45703125 0.041666666666666664 0.025
0 0.6298611111111111 0.484375 0.04861111111111111 0.021875
0 0.5756944444444444 0.490625 0.03194444444444444 0.0203125
0 0.5368055555555555 0.51875 0.04027777777777778 0.0171875
0 0.5145833333333333 0.5796875 0.04583333333333333 0.015625
0 0.5958333333333333 0.59921875 0.05555555555555555 0.021875
0 0.6111111111111112 0.63984375 0.04722222222222222 0.0296875
0 0.4840277777777778 0.63046875 0.02638888888888889 0.0171875
0 0.5319444444444444 0.62734375 0.025 0.0109375
0 0.4930555555555556 0.605078125 0.016666666666666666 0.01328125
0 0.41180555555555554 0.611328125 0.020833333333333332 0.02421875
0 0.9118055555555555 0.6640625 0.04861111111111111 0.025
0 0.9680555555555556 0.636328125 0.03888888888888889 0.01953125
0 0.8715277777777778 0.69296875 0.029166666666666667 0.0203125
0 0.6875 0.70234375 0.025 0.0140625
0 0.7215277777777778 0.655078125 0.02638888888888889 0.01484375
