0 0.3527777777777778 0.085546875 0.044444444444444446 0.03203125
0 0.42430555555555555 0.141015625 0.0625 0.02734375
0 0.41458333333333336 0.1234375 0.043055555555555555 0.021875
0 0.3284722222222222 0.134765625 0.05416666666666667 0.02109375
0 0.5847222222222223 0.2171875 0.04722222222222222 0.028125
0 0.3548611111111111 0.24296875 0.05416666666666667 0.028125
0 0.42777777777777776 0.2734375 0.05277777777777778 0.0296875
0 0.48194444444444445 0.260546875 0.041666666666666664 0.02578125
0 0.3263888888888889 0.33203125 0.05 0.025
0 0.15833333333333333 0.323046875 0.03888888888888889 0.02421875
0 0.18958333333333333 0.35390625 0.0375 0.0140625
0 0.24930555555555556 0.384765625 0.04861111111111111 0.03203125
0 0.2625 0.403125 0.030555555555555555 0.01875
0 0.33611111111111114 0.402734375 0.058333333333333334 0.02578125
0 0.3 0.394140625 0.03888888888888889 0.01796875
0 0.4361111111111111 0.38203125 0.058333333333333334 0.028125
0 0.8222222222222222 0.4359375 0.03888888888888889 0.0203125
0 0.7694444444444445 0.401171875 0.03888888888888889 0.01796875
0 0.7208333333333333 0.425 0.030555555555555555 0.01875
0 0.8909722222222223 0.39375 0.04861111111111111 0.0203125
0 0.9638888888888889 0.4203125 0.022222222222222223 0.0140625
0 0.6930555555555555 0.44140625 0.027777777777777776 0.0140625
0 0.3423611111111111 0.4328125 0.04861111111111111 0.025
0 0.1076388888888889 0.44765625 0.059722222222222225 0.0296875
0 0.18611111111111112 0.45859375 0.04722222222222222 0.025
0 0.5479166666666667 0.51953125 0.06527777777777778 0.0265625
0 0.49236111111111114 0.4921875 0.05416666666666667 0.0296875
0 0.37569444444444444 0.5296875 0.04861111111111111 0.0234375
0 0.4465277777777778 0.553125 0.05416666666666667 0.0203125
0 0.26180555555555557 0.512890625 0.05138888888888889 0.02578125
0 0.19652777777777777 0.507421875 0.05138888888888889 0.02578125
0 0.40694444444444444 0.59609375 0.05277777777777778 0.03125
0 0.5680555555555555 0.6078125 0.058333333333333334 0.03125
0 0.6041666666666666 0.6515625 0.027777777777777776 0.0203125
0 0.4513888888888889 0.712109375 0.058333333333333334 0.03203125
0 0.6875 0.70703125 0.04722222222222222 0.028125
0 0.18125 0.701953125 0.04861111111111111 0.02890625
0 0.10069444444444445 0.6578125 0.03194444444444444 0.0140625
0 0.9208333333333333 0.5734375 0.03611111111111111 0.01875
0 0.875 0.7015625 0.03888888888888889 0.021875
0 0.1798611111111111 0.310546875 0.03194444444444444 0.01953125
0 0.37222222222222223 0.126171875 0.016666666666666666 0.01796875
0 0.36527777777777776 0.22109375 0.044444444444444446 0.025
0 0.44722222222222224 0.24453125 0.044444444444444446 0.03125
0 0.5034722222222222 0.62421875 0.04027777777777778 0.0109375
0 0.5402777777777777 0.696484375 0.03611111111111111 0.02109375
0 0.48194444444444445 0.703515625 0.03611111111111111 0.02109375
0 0.84375 0.87578125 0.043055555555555555 0.0234375
0 0.8854166666666666 0.87109375 0.02361111111111111 0.01875
0 0.375 0.33046875 0.03611111111111111 0.0234375
0 0.4708333333333333 0.13984375 0.025 0.01875
0 0.475 0.387890625 0.019444444444444445 0.01171875
0 0.9131944444444444 0.348046875 0.05694444444444444 0.02421875
0 0.9194444444444444 0.373046875 0.05 0.02421875
0 0.5604166666666667 0.4625 0.0375 0.025
0 0.5472222222222223 0.5703125 0.022222222222222223 0.01875
0 0.5131944444444444 0.6828125 0.015277777777777777 0.0171875
0 0.8006944444444445 0.417578125 0.03194444444444444 0.02421875
0 0.8166666666666667 0.3890625 0.03333333333333333 0.015625
0 0.9826388888888888 0.487890625 0.03194444444444444 0.03515625
0 0.9840277777777777 0.53984375 0.029166666666666667 0.025
0 0.9604166666666667 0.558203125 0.020833333333333332 0.01640625
0 0.9715277777777778 0.606640625 0.05138888888888889 0.02890625
0 0.9402777777777778 0.6359375 0.030555555555555555 0.0203125
0 0.9756944444444444 0.6796875 0.043055555555555555 0.0296875
0 0.9118055555555555 0.80546875 0.043055555555555555 0.0265625
0 0.9256944444444445 0.828515625 0.04583333333333333 0.02421875
0 0.9013888888888889 0.762890625 0.05277777777777778 0.01953125
