0 0.7465277777777778 0.6765625 0.04861111111111111 0.0265625
0 0.7847222222222222 0.675 0.03888888888888889 0.0234375
0 0.7527777777777778 0.6203125 0.022222222222222223 0.0203125
0 0.78125 0.605859375 0.03194444444444444 0.01484375
0 0.6590277777777778 0.61640625 0.04861111111111111 0.01875
0 0.5715277777777777 0.60546875 0.034722222222222224 0.01875
0 0.5416666666666666 0.644140625 0.030555555555555555 0.01640625
0 0.24791666666666667 0.6703125 0.04027777777777778 0.0234375
0 0.20902777777777778 0.6640625 0.034722222222222224 0.0265625
0 0.78125 0.570703125 0.034722222222222224 0.02578125
0 0.7770833333333333 0.497265625 0.05694444444444444 0.03203125
0 0.6736111111111112 0.463671875 0.05555555555555555 0.02890625
0 0.5381944444444444 0.4515625 0.04861111111111111 0.0265625
0 0.5666666666666667 0.45 0.025 0.015625
0 0.6076388888888888 0.4015625 0.03194444444444444 0.0234375
0 0.5333333333333333 0.346875 0.044444444444444446 0.021875
0 0.46319444444444446 0.349609375 0.03194444444444444 0.02265625
0 0.6590277777777778 0.351171875 0.015277777777777777 0.01171875
0 0.6604166666666667 0.36015625 0.018055555555555554 0.009375
0 0.5902777777777778 0.306640625 0.041666666666666664 0.01796875
0 0.6361111111111111 0.28828125 0.019444444444444445 0.009375
0 0.46458333333333335 0.234765625 0.043055555555555555 0.03046875
0 0.5472222222222223 0.194140625 0.041666666666666664 0.02578125
0 0.6006944444444444 0.2015625 0.04027777777777778 0.025
0 0.6055555555555555 0.2359375 0.030555555555555555 0.021875
0 0.6263888888888889 0.246875 0.027777777777777776 0.01875
0 0.68125 0.244921875 0.02638888888888889 0.02734375
0 0.6847222222222222 0.22890625 0.013888888888888888 0.015625
0 0.7777777777777778 0.216015625 0.03611111111111111 0.02109375
0 0.7569444444444444 0.209375 0.03611111111111111 0.025
0 0.8694444444444445 0.378515625 0.05555555555555555 0.03046875
0 0.8444444444444444 0.36796875 0.041666666666666664 0.028125
0 0.8159722222222222 0.37421875 0.029166666666666667 0.0265625
0 0.8513888888888889 0.39609375 0.030555555555555555 0.021875
0 0.8083333333333333 0.407421875 0.03333333333333333 0.01953125
0 0.8041666666666667 0.425 0.04722222222222222 0.0234375
0 0.7597222222222222 0.4453125 0.022222222222222223 0.015625
0 0.7583333333333333 0.46640625 0.027777777777777776 0.015625
0 0.7958333333333333 0.339453125 0.05 0.02734375
0 0.7930555555555555 0.358984375 0.044444444444444446 0.02734375
0 0.9138888888888889 0.284765625 0.03333333333333333 0.01796875
0 0.19236111111111112 0.4234375 0.05694444444444444 0.015625
0 0.6618055555555555 0.189453125 0.03194444444444444 0.02109375
0 0.6388888888888888 0.161328125 0.03888888888888889 0.02265625
0 0.6791666666666667 0.15546875 0.03333333333333333 0.0234375
0 0.6111111111111112 0.1421875 0.027777777777777776 0.0234375
0 0.6625 0.109375 0.04722222222222222 0.0328125
0 0.6347222222222222 0.094140625 0.03333333333333333 0.02421875
0 0.6861111111111111 0.138671875 0.041666666666666664 0.02578125
0 0.7409722222222223 0.138671875 0.04027777777777778 0.02734375
0 0.7604166666666666 0.099609375 0.05416666666666667 0.02734375
0 0.7055555555555556 0.079296875 0.04722222222222222 0.02421875
0 0.6805555555555556 0.0578125 0.044444444444444446 0.021875
0 0.66875 0.044140625 0.04027777777777778 0.02734375
0 0.7298611111111111 0.03359375 0.05138888888888889 0.03125
0 0.6548611111111111 0.00859375 0.029166666666666667 0.0171875
0 0.6298611111111111 0.0078125 0.02638888888888889 0.0140625
0 0.6354166666666666 0.022265625 0.0375 0.01640625
0 0.7326388888888888 0.1140625 0.02638888888888889 0.0203125
0 0.8875 0.515625 0.04722222222222222 0.01875
0 0.024305555555555556 0.276171875 0.04583333333333333 0.02734375
0 0.010416666666666666 0.4421875 0.020833333333333332 0.0171875
0 0.6180555555555556 0.165625 0.03611111111111111 0.0265625
0 0.7305555555555555 0.053125 0.025 0.0171875
0 0.7145833333333333 0.006640625 0.015277777777777777 0.01328125
0 0.5048611111111111 0.35078125 0.015277777777777777 0.021875
0 0.7173611111111111 0.466796875 0.029166666666666667 0.01171875
0 0.8930555555555556 0.396875 0.030555555555555555 0.0265625
