0 0.5118055555555555 0.571875 0.043055555555555555 0.03125
0 0.5729166666666666 0.567578125 0.043055555555555555 0.01953125
0 0.6020833333333333 0.58671875 0.05694444444444444 0.028125
0 0.6472222222222223 0.596484375 0.05555555555555555 0.02265625
0 0.6013888888888889 0.62734375 0.05 0.021875
0 0.4951388888888889 0.709375 0.05138888888888889 0.028125
0 0.5319444444444444 0.728515625 0.05555555555555555 0.02734375
0 0.6131944444444445 0.723828125 0.03194444444444444 0.02578125
0 0.7034722222222223 0.737109375 0.04027777777777778 0.01640625
0 0.6097222222222223 0.745703125 0.019444444444444445 0.01796875
0 0.5638888888888889 0.772265625 0.03333333333333333 0.01796875
0 0.38333333333333336 0.784375 0.044444444444444446 0.025
0 0.7847222222222222 0.79296875 0.044444444444444446 0.0265625
0 0.6777777777777778 0.84453125 0.05 0.025
0 0.024305555555555556 0.526171875 0.04583333333333333 0.02890625
0 0.05694444444444444 0.540234375 0.03888888888888889 0.02734375
0 0.12291666666666666 0.5640625 0.0375 0.0171875
0 0.08263888888888889 0.560546875 0.04027777777777778 0.01328125
0 0.1 0.71484375 0.030555555555555555 0.0171875
0 0.13680555555555557 0.7109375 0.029166666666666667 0.0171875
0 0.45555555555555555 0.71796875 0.03611111111111111 0.021875
0 0.7888888888888889 0.90234375 0.05555555555555555 0.028125
0 0.8527777777777777 0.891796875 0.05277777777777778 0.02421875
0 0.014583333333333334 0.71640625 0.02638888888888889 0.0171875
0 0.022916666666666665 0.751171875 0.034722222222222224 0.03046875
0 0.059722222222222225 0.7890625 0.041666666666666664 0.028125
0 0.020833333333333332 0.794140625 0.03611111111111111 0.01953125
