0 0.11388888888888889 0.669140625 0.030555555555555555 0.01796875
0 0.08055555555555556 0.68125 0.030555555555555555 0.0125
0 0.9298611111111111 0.68046875 0.0375 0.0140625
0 0.034722222222222224 0.540234375 0.030555555555555555 0.01640625
0 0.2743055555555556 0.727734375 0.020833333333333332 0.02265625
0 0.1701388888888889 0.748828125 0.015277777777777777 0.01171875
0 0.11805555555555555 0.75859375 0.03888888888888889 0.01875
0 0.5229166666666667 0.510546875 0.04861111111111111 0.02265625
0 0.009027777777777777 0.520703125 0.015277777777777777 0.01484375
0 0.45625 0.469921875 0.015277777777777777 0.00859375
0 0.45208333333333334 0.47890625 0.015277777777777777 0.0078125
0 0.04652777777777778 0.45390625 0.029166666666666667 0.0140625
0 0.08541666666666667 0.4484375 0.04583333333333333 0.0171875
0 0.08263888888888889 0.4078125 0.03194444444444444 0.021875
0 0.05138888888888889 0.39375 0.030555555555555555 0.015625
0 0.08541666666666667 0.387890625 0.029166666666666667 0.01796875
0 0.07361111111111111 0.373046875 0.03333333333333333 0.02265625
0 0.04513888888888889 0.35703125 0.0375 0.0171875
0 0.02361111111111111 0.3765625 0.030555555555555555 0.0203125
0 0.06944444444444445 0.276171875 0.03333333333333333 0.01953125
0 0.009027777777777777 0.323046875 0.018055555555555554 0.01171875
0 0.007638888888888889 0.346875 0.0125 0.01875
0 0.5840277777777778 0.290234375 0.04861111111111111 0.02265625
0 0.5416666666666666 0.281640625 0.03333333333333333 0.02578125
0 0.5243055555555556 0.2125 0.02638888888888889 0.021875
0 0.35833333333333334 0.193359375 0.022222222222222223 0.01953125
0 0.37569444444444444 0.1484375 0.04583333333333333 0.028125
0 0.35555555555555557 0.163671875 0.044444444444444446 0.01484375
0 0.3173611111111111 0.165234375 0.04583333333333333 0.02109375
0 0.3229166666666667 0.13671875 0.03194444444444444 0.0171875
