0 0.12638888888888888 0.136328125 0.03333333333333333 0.01953125
0 0.15694444444444444 0.140625 0.027777777777777776 0.01875
0 0.19375 0.15 0.02638888888888889 0.0140625
0 0.2111111111111111 0.12890625 0.027777777777777776 0.0171875
0 0.24166666666666667 0.125390625 0.03333333333333333 0.01796875
0 0.24305555555555555 0.145703125 0.027777777777777776 0.01484375
0 0.2673611111111111 0.15078125 0.020833333333333332 0.0140625
0 0.24861111111111112 0.190234375 0.027777777777777776 0.01640625
0 0.28125 0.169921875 0.03194444444444444 0.01796875
0 0.07430555555555556 0.353515625 0.0375 0.01796875
0 0.004861111111111111 0.43515625 0.009722222222222222 0.0171875
0 0.15208333333333332 0.28359375 0.02361111111111111 0.0203125
0 0.19930555555555557 0.2875 0.02361111111111111 0.0171875
0 0.22430555555555556 0.291796875 0.03194444444444444 0.01953125
0 0.2638888888888889 0.275 0.03333333333333333 0.021875
0 0.2604166666666667 0.288671875 0.02638888888888889 0.01640625
0 0.3159722222222222 0.303515625 0.03194444444444444 0.01640625
0 0.029861111111111113 0.416796875 0.02638888888888889 0.01953125
0 0.06736111111111111 0.445703125 0.03194444444444444 0.02109375
0 0.11041666666666666 0.4703125 0.0375 0.0234375
0 0.14444444444444443 0.46484375 0.044444444444444446 0.021875
0 0.19444444444444445 0.451953125 0.04722222222222222 0.02890625
0 0.0375 0.524609375 0.03333333333333333 0.01953125
0 0.06805555555555555 0.533984375 0.03333333333333333 0.01484375
0 0.11388888888888889 0.553125 0.027777777777777776 0.0140625
0 0.21736111111111112 0.538671875 0.04027777777777778 0.02109375
0 0.39444444444444443 0.051171875 0.027777777777777776 0.01796875
0 0.3958333333333333 0.066796875 0.030555555555555555 0.01640625
0 0.44930555555555557 0.070703125 0.02638888888888889 0.01328125
0 0.4701388888888889 0.134375 0.029166666666666667 0.0125
0 0.4111111111111111 0.1859375 0.044444444444444446 0.0296875
0 0.3659722222222222 0.19609375 0.04583333333333333 0.0296875
0 0.40555555555555556 0.2140625 0.044444444444444446 0.021875
0 0.48333333333333334 0.196875 0.03611111111111111 0.0265625
0 0.3111111111111111 0.248828125 0.04722222222222222 0.02578125
0 0.3548611111111111 0.253125 0.04583333333333333 0.028125
0 0.4125 0.254296875 0.041666666666666664 0.02578125
0 0.4576388888888889 0.259765625 0.043055555555555555 0.02109375
0 0.5409722222222222 0.097265625 0.034722222222222224 0.01953125
0 0.5541666666666667 0.112109375 0.030555555555555555 0.01640625
0 0.5986111111111111 0.12109375 0.03611111111111111 0.015625
0 0.6743055555555556 0.146484375 0.029166666666666667 0.02109375
0 0.5715277777777777 0.210546875 0.04861111111111111 0.03359375
0 0.9256944444444445 0.17734375 0.02361111111111111 0.0140625
0 0.8083333333333333 0.2359375 0.03888888888888889 0.0203125
0 0.7645833333333333 0.2390625 0.0375 0.0234375
0 0.4 0.280859375 0.03888888888888889 0.02109375
0 0.3784722222222222 0.28515625 0.02361111111111111 0.0171875
0 0.4125 0.294921875 0.041666666666666664 0.02265625
0 0.45416666666666666 0.304296875 0.030555555555555555 0.02265625
0 0.49236111111111114 0.323828125 0.03194444444444444 0.01953125
0 0.30069444444444443 0.50625 0.04027777777777778 0.0234375
0 0.3611111111111111 0.506640625 0.025 0.01484375
0 0.30486111111111114 0.40703125 0.05694444444444444 0.025
0 0.35 0.437109375 0.05 0.02890625
0 0.48055555555555557 0.441015625 0.03333333333333333 0.01796875
0 0.4173611111111111 0.475390625 0.0125 0.01015625
0 0.40694444444444444 0.523828125 0.044444444444444446 0.02578125
0 0.4826388888888889 0.51796875 0.04583333333333333 0.021875
0 0.4305555555555556 0.62265625 0.011111111111111112 0.0140625
0 0.4173611111111111 0.60625 0.02638888888888889 0.015625
0 0.5229166666666667 0.6453125 0.02361111111111111 0.0171875
0 0.7666666666666667 0.26484375 0.044444444444444446 0.025
0 0.6986111111111111 0.27890625 0.05 0.025
0 0.6756944444444445 0.32265625 0.04027777777777778 0.025
0 0.6638888888888889 0.340625 0.03611111111111111 0.01875
0 0.7645833333333333 0.34375 0.04027777777777778 0.025
0 0.5340277777777778 0.546875 0.0375 0.021875
0 0.6555555555555556 0.5140625 0.041666666666666664 0.021875
0 0.6222222222222222 0.536328125 0.030555555555555555 0.02109375
0 0.6423611111111112 0.5484375 0.04027777777777778 0.025
0 0.55625 0.57890625 0.0375 0.0203125
0 0.5409722222222222 0.6 0.020833333333333332 0.0171875
0 0.5756944444444444 0.460546875 0.018055555555555554 0.01015625
0 0.6645833333333333 0.458984375 0.02638888888888889 0.01328125
0 0.5965277777777778 0.72421875 0.02361111111111111 0.0171875
0 0.6527777777777778 0.711328125 0.025 0.01484375
0 0.6069444444444444 0.740234375 0.030555555555555555 0.01171875
0 0.7770833333333333 0.658984375 0.020833333333333332 0.00859375
0 0.7083333333333334 0.62421875 0.041666666666666664 0.0203125
0 0.9118055555555555 0.60703125 0.0375 0.01875
0 0.8402777777777778 0.584375 0.03333333333333333 0.01875
0 0.19305555555555556 0.117578125 0.025 0.01015625
0 0.26666666666666666 0.105859375 0.022222222222222223 0.01015625
0 0.31875 0.148828125 0.029166666666666667 0.01796875
0 0.3548611111111111 0.149609375 0.04583333333333333 0.01484375
0 0.5381944444444444 0.07734375 0.0375 0.0203125
0 0.1763888888888889 0.1390625 0.022222222222222223 0.009375
0 0.7048611111111112 0.14921875 0.03194444444444444 0.0234375
0 0.5777777777777777 0.1 0.025 0.015625
0 0.48541666666666666 0.291015625 0.02361111111111111 0.02109375
0 0.8375 0.3578125 0.041666666666666664 0.0203125
0 0.7909722222222222 0.3671875 0.0375 0.0171875
0 0.9590277777777778 0.41328125 0.02361111111111111 0.009375
0 0.9354166666666667 0.518359375 0.043055555555555555 0.02109375
0 0.8194444444444444 0.534765625 0.022222222222222223 0.01171875
0 0.9104166666666667 0.501171875 0.04027777777777778 0.02265625
0 0.9736111111111111 0.606640625 0.027777777777777776 0.00859375
0 0.1951388888888889 0.508984375 0.034722222222222224 0.01953125
0 0.11527777777777778 0.41328125 0.04722222222222222 0.01875
0 0.09930555555555555 0.3890625 0.03194444444444444 0.0171875
0 0.16597222222222222 0.38203125 0.03194444444444444 0.01875
0 0.1375 0.40625 0.030555555555555555 0.021875
0 0.22916666666666666 0.40546875 0.030555555555555555 0.0140625
0 0.28194444444444444 0.41796875 0.025 0.009375
0 0.02361111111111111 0.36015625 0.019444444444444445 0.015625
0 0.04583333333333333 0.36328125 0.025 0.0109375
0 0.011111111111111112 0.33203125 0.016666666666666666 0.0078125
0 0.18541666666666667 0.271484375 0.05138888888888889 0.02265625
0 0.12222222222222222 0.580078125 0.025 0.01484375
0 0.0763888888888889 0.611328125 0.019444444444444445 0.01484375
0 0.04791666666666667 0.63359375 0.018055555555555554 0.009375
0 0.6673611111111111 0.719921875 0.009722222222222222 0.01015625
0 0.42291666666666666 0.118359375 0.029166666666666667 0.01328125
0 0.3375 0.220703125 0.03888888888888889 0.02890625
0 0.3229166666666667 0.265625 0.034722222222222224 0.0140625
