0 0.04097222222222222 0.237890625 0.03194444444444444 0.02109375
0 0.03611111111111111 0.252734375 0.027777777777777776 0.01484375
0 0.03263888888888889 0.262109375 0.020833333333333332 0.00859375
0 0.027777777777777776 0.28125 0.027777777777777776 0.015625
0 0.08958333333333333 0.263671875 0.018055555555555554 0.01171875
0 0.06736111111111111 0.26796875 0.04027777777777778 0.0171875
0 0.08958333333333333 0.334765625 0.0125 0.01015625
0 0.12777777777777777 0.326171875 0.030555555555555555 0.01796875
0 0.15902777777777777 0.31640625 0.02361111111111111 0.0125
0 0.13402777777777777 0.220703125 0.02361111111111111 0.01640625
0 0.16041666666666668 0.229296875 0.03194444444444444 0.01015625
0 0.24027777777777778 0.2609375 0.05555555555555555 0.0359375
0 0.29305555555555557 0.2890625 0.058333333333333334 0.034375
0 0.2743055555555556 0.319140625 0.059722222222222225 0.02890625
0 0.20972222222222223 0.344140625 0.022222222222222223 0.01484375
0 0.23125 0.353125 0.02638888888888889 0.0125
0 0.24375 0.379296875 0.020833333333333332 0.00859375
0 0.32430555555555557 0.365625 0.020833333333333332 0.0109375
0 0.30486111111111114 0.362890625 0.015277777777777777 0.00859375
0 0.36875 0.369921875 0.059722222222222225 0.03515625
0 0.35694444444444445 0.418359375 0.022222222222222223 0.01015625
0 0.3368055555555556 0.420703125 0.015277777777777777 0.01328125
0 0.3298611111111111 0.429296875 0.0125 0.00859375
0 0.3638888888888889 0.325 0.013888888888888888 0.0140625
0 0.41180555555555554 0.3046875 0.02361111111111111 0.021875
0 0.03194444444444444 0.48203125 0.025 0.0234375
0 0.018055555555555554 0.546875 0.03333333333333333 0.021875
0 0.04861111111111111 0.6046875 0.027777777777777776 0.0140625
0 0.13472222222222222 0.590234375 0.030555555555555555 0.01796875
0 0.07013888888888889 0.510546875 0.04583333333333333 0.02265625
0 0.11180555555555556 0.506640625 0.018055555555555554 0.01171875
0 0.17222222222222222 0.649609375 0.022222222222222223 0.01484375
0 0.17083333333333334 0.503515625 0.022222222222222223 0.00859375
0 0.20069444444444445 0.53984375 0.034722222222222224 0.0234375
0 0.22152777777777777 0.4859375 0.02638888888888889 0.0125
0 0.24027777777777778 0.47109375 0.03888888888888889 0.01875
0 0.3055555555555556 0.483984375 0.016666666666666666 0.01015625
0 0.31875 0.540234375 0.02638888888888889 0.01328125
0 0.34791666666666665 0.53515625 0.029166666666666667 0.015625
0 0.37430555555555556 0.529296875 0.02638888888888889 0.01484375
0 0.4263888888888889 0.52578125 0.025 0.015625
0 0.4527777777777778 0.525390625 0.027777777777777776 0.01484375
0 0.43194444444444446 0.555859375 0.027777777777777776 0.01484375
0 0.45625 0.590234375 0.029166666666666667 0.01640625
0 0.5645833333333333 0.553515625 0.03194444444444444 0.01796875
0 0.6069444444444444 0.628515625 0.022222222222222223 0.01171875
0 0.5270833333333333 0.37109375 0.029166666666666667 0.0078125
0 0.7416666666666667 0.107421875 0.03333333333333333 0.02109375
0 0.7715277777777778 0.11171875 0.03194444444444444 0.01875
0 0.7979166666666667 0.11015625 0.020833333333333332 0.0140625
0 0.8180555555555555 0.121484375 0.030555555555555555 0.01640625
0 0.8076388888888889 0.087109375 0.020833333333333332 0.01171875
0 0.8444444444444444 0.09453125 0.03611111111111111 0.0203125
0 0.8840277777777777 0.089453125 0.0375 0.02421875
0 0.9034722222222222 0.0609375 0.034722222222222224 0.021875
0 0.9923611111111111 0.0796875 0.009722222222222222 0.0171875
0 0.9527777777777777 0.0828125 0.027777777777777776 0.0140625
0 0.8888888888888888 0.110546875 0.03888888888888889 0.01796875
0 0.9118055555555555 0.11484375 0.034722222222222224 0.015625
0 0.9791666666666666 0.112109375 0.03611111111111111 0.01953125
0 0.9333333333333333 0.13984375 0.041666666666666664 0.025
0 0.8916666666666667 0.163671875 0.03333333333333333 0.01796875
0 0.9902777777777778 0.154296875 0.016666666666666666 0.01328125
0 0.5645833333333333 0.43984375 0.04027777777777778 0.0203125
0 0.5326388888888889 0.427734375 0.034722222222222224 0.01484375
0 0.5805555555555556 0.458203125 0.041666666666666664 0.02109375
0 0.6236111111111111 0.525390625 0.058333333333333334 0.03203125
0 0.6638888888888889 0.546875 0.05 0.0234375
0 0.6930555555555555 0.553515625 0.030555555555555555 0.01640625
0 0.73125 0.5765625 0.03194444444444444 0.0171875
0 0.5993055555555555 0.42109375 0.03194444444444444 0.0234375
0 0.6326388888888889 0.431640625 0.04861111111111111 0.02734375
0 0.8888888888888888 0.566015625 0.03888888888888889 0.02109375
0 0.8604166666666667 0.530859375 0.029166666666666667 0.01796875
0 0.7020833333333333 0.448828125 0.05416666666666667 0.02421875
0 0.7861111111111111 0.4609375 0.044444444444444446 0.028125
0 0.6451388888888889 0.394140625 0.029166666666666667 0.01015625
0 0.7298611111111111 0.390234375 0.029166666666666667 0.01640625
0 0.7666666666666667 0.3953125 0.044444444444444446 0.021875
0 0.7409722222222223 0.351171875 0.043055555555555555 0.02109375
0 0.7993055555555556 0.408203125 0.04027777777777778 0.02109375
0 0.8506944444444444 0.420703125 0.06527777777777778 0.01640625
0 0.8763888888888889 0.493359375 0.05 0.02890625
0 0.9270833333333334 0.484765625 0.05138888888888889 0.02421875
0 0.9819444444444444 0.471484375 0.03333333333333333 0.03515625
0 0.8534722222222222 0.38203125 0.043055555555555555 0.0203125
0 0.9520833333333333 0.25625 0.04027777777777778 0.0234375
0 0.9930555555555556 0.28984375 0.008333333333333333 0.0171875
0 0.9868055555555556 0.31015625 0.020833333333333332 0.01875
0 0.9395833333333333 0.271875 0.0375 0.0171875
0 0.8840277777777777 0.2765625 0.0375 0.0234375
0 0.8520833333333333 0.27421875 0.03194444444444444 0.0203125
0 0.8388888888888889 0.256640625 0.041666666666666664 0.02421875
0 0.80625 0.273046875 0.0375 0.02265625
0 0.78125 0.2734375 0.018055555555555554 0.0171875
0 0.8520833333333333 0.240234375 0.03194444444444444 0.01171875
0 0.6604166666666667 0.3640625 0.03194444444444444 0.0078125
0 0.5138888888888888 0.3046875 0.03333333333333333 0.009375
0 0.53125 0.31171875 0.034722222222222224 0.0109375
0 0.4895833333333333 0.328125 0.0375 0.01875
0 0.5354166666666667 0.331640625 0.02638888888888889 0.00859375
0 0.9770833333333333 0.09609375 0.02638888888888889 0.0171875
0 0.06388888888888888 0.24765625 0.027777777777777776 0.0125
0 0.09027777777777778 0.23515625 0.022222222222222223 0.0109375
0 0.125 0.33984375 0.022222222222222223 0.009375
