0 0.6916666666666667 0.0078125 0.030555555555555555 0.015625
0 0.6694444444444444 0.01875 0.03611111111111111 0.01875
0 0.6645833333333333 0.007421875 0.02638888888888889 0.01484375
0 0.7729166666666667 0.023046875 0.04027777777777778 0.01796875
0 0.70625 0.04296875 0.043055555555555555 0.025
0 0.7166666666666667 0.053515625 0.041666666666666664 0.02109375
0 0.74375 0.07578125 0.043055555555555555 0.021875
0 0.6756944444444445 0.093359375 0.034722222222222224 0.02578125
0 0.7986111111111112 0.096484375 0.04722222222222222 0.02734375
0 0.6993055555555555 0.10625 0.04027777777777778 0.03125
0 0.775 0.1390625 0.03888888888888889 0.0296875
0 0.7291666666666666 0.136328125 0.041666666666666664 0.02578125
0 0.7125 0.152734375 0.03611111111111111 0.02578125
0 0.6416666666666667 0.142578125 0.016666666666666666 0.01953125
0 0.6722222222222223 0.159375 0.041666666666666664 0.021875
0 0.6965277777777777 0.18515625 0.029166666666666667 0.0203125
0 0.7722222222222223 0.1078125 0.03333333333333333 0.0265625
0 0.6347222222222222 0.198046875 0.041666666666666664 0.02265625
0 0.5847222222222223 0.1921875 0.03888888888888889 0.0265625
0 0.4965277777777778 0.23359375 0.04861111111111111 0.03125
0 0.7930555555555555 0.20703125 0.030555555555555555 0.0234375
0 0.8166666666666667 0.212890625 0.03333333333333333 0.01953125
0 0.7180555555555556 0.227734375 0.016666666666666666 0.01796875
0 0.7194444444444444 0.246875 0.025 0.01875
0 0.6625 0.24296875 0.027777777777777776 0.0140625
0 0.6395833333333333 0.2359375 0.03194444444444444 0.0203125
0 0.6729166666666667 0.286328125 0.015277777777777777 0.01171875
0 0.6666666666666666 0.318359375 0.022222222222222223 0.00859375
0 0.6875 0.35 0.019444444444444445 0.0125
0 0.6854166666666667 0.359375 0.015277777777777777 0.00625
0 0.5645833333333333 0.34453125 0.04583333333333333 0.01875
0 0.4965277777777778 0.3484375 0.03194444444444444 0.025
0 0.8347222222222223 0.3390625 0.041666666666666664 0.025
0 0.8333333333333334 0.358984375 0.041666666666666664 0.02109375
0 0.6138888888888889 0.304296875 0.019444444444444445 0.01328125
0 0.90625 0.3765625 0.05138888888888889 0.03125
0 0.8881944444444444 0.3671875 0.04583333333333333 0.0234375
0 0.8541666666666666 0.375 0.030555555555555555 0.0234375
0 0.8902777777777777 0.396875 0.030555555555555555 0.0203125
0 0.6395833333333333 0.4 0.029166666666666667 0.0234375
0 0.5652777777777778 0.451171875 0.044444444444444446 0.02734375
0 0.5993055555555555 0.45078125 0.02361111111111111 0.0171875
0 0.7069444444444445 0.460546875 0.04722222222222222 0.02421875
0 0.84375 0.405859375 0.029166666666666667 0.01953125
0 0.8368055555555556 0.4234375 0.04027777777777778 0.0203125
0 0.8020833333333334 0.445703125 0.043055555555555555 0.01484375
0 0.7923611111111111 0.466015625 0.03194444444444444 0.01640625
0 0.8055555555555556 0.496484375 0.05 0.02734375
0 0.9131944444444444 0.51640625 0.04027777777777778 0.01875
0 0.8194444444444444 0.5734375 0.03611111111111111 0.0328125
0 0.8145833333333333 0.60625 0.029166666666666667 0.0125
0 0.7881944444444444 0.619140625 0.020833333333333332 0.02109375
0 0.6916666666666667 0.6171875 0.03611111111111111 0.021875
0 0.6027777777777777 0.603125 0.044444444444444446 0.01875
0 0.8138888888888889 0.675390625 0.03888888888888889 0.02265625
0 0.7715277777777778 0.67734375 0.04583333333333333 0.025
0 0.2326388888888889 0.6640625 0.034722222222222224 0.0203125
0 0.27569444444444446 0.671484375 0.04027777777777778 0.02578125
0 0.015277777777777777 0.125 0.030555555555555555 0.0234375
0 0.008333333333333333 0.17890625 0.016666666666666666 0.01875
0 0.05416666666666667 0.276171875 0.044444444444444446 0.02421875
0 0.025 0.440234375 0.04722222222222222 0.02421875
0 0.2263888888888889 0.42421875 0.05277777777777778 0.015625
0 0.025 0.165625 0.044444444444444446 0.01875
0 0.7715277777777778 0.05078125 0.02361111111111111 0.015625
0 0.6569444444444444 0.16328125 0.03333333333333333 0.025
0 0.9465277777777777 0.2796875 0.029166666666666667 0.0140625
0 0.9298611111111111 0.394921875 0.04027777777777778 0.02578125
