0 0.8895833333333333 0.3046875 0.05138888888888889 0.0328125
0 0.9819444444444444 0.3296875 0.03333333333333333 0.01875
0 0.99375 0.309765625 0.009722222222222222 0.01328125
0 0.6868055555555556 0.4046875 0.0375 0.01875
0 0.9458333333333333 0.374609375 0.013888888888888888 0.01953125
0 0.5784722222222223 0.3921875 0.020833333333333332 0.0171875
0 0.6201388888888889 0.46875 0.018055555555555554 0.015625
0 0.9680555555555556 0.5609375 0.03333333333333333 0.015625
0 0.7013888888888888 0.598828125 0.022222222222222223 0.01328125
0 0.125 0.46875 0.03333333333333333 0.01875
0 0.07569444444444444 0.598828125 0.05416666666666667 0.02734375
0 0.03680555555555556 0.62265625 0.04861111111111111 0.028125
0 0.09722222222222222 0.6328125 0.041666666666666664 0.03125
0 0.06458333333333334 0.65390625 0.04583333333333333 0.0328125
0 0.0763888888888889 0.710546875 0.022222222222222223 0.01484375
