0 0.43333333333333335 0.18984375 0.05277777777777778 0.028125
0 0.5131944444444444 0.17734375 0.020833333333333332 0.0203125
0 0.5923611111111111 0.18828125 0.05138888888888889 0.03125
0 0.6236111111111111 0.19765625 0.05 0.0296875
0 0.42916666666666664 0.248828125 0.058333333333333334 0.02578125
0 0.5361111111111111 0.294140625 0.05 0.03515625
0 0.6055555555555555 0.38203125 0.03333333333333333 0.0171875
0 0.3590277777777778 0.408203125 0.05138888888888889 0.02578125
0 0.5354166666666667 0.42109375 0.05694444444444444 0.0296875
0 0.3215277777777778 0.561328125 0.05138888888888889 0.02109375
0 0.5569444444444445 0.526171875 0.030555555555555555 0.01328125
0 0.6881944444444444 0.485546875 0.034722222222222224 0.02109375
0 0.7055555555555556 0.53125 0.025 0.0203125
0 0.28680555555555554 0.6609375 0.029166666666666667 0.0140625
0 0.34444444444444444 0.693359375 0.027777777777777776 0.01484375
0 0.04513888888888889 0.288671875 0.043055555555555555 0.02578125
0 0.08263888888888889 0.3015625 0.043055555555555555 0.021875
0 0.6604166666666667 0.396875 0.04861111111111111 0.01875
0 0.09652777777777778 0.7484375 0.043055555555555555 0.03125
0 0.5333333333333333 0.6984375 0.04722222222222222 0.0265625
0 0.5708333333333333 0.608984375 0.025 0.01796875
0 0.43333333333333335 0.301171875 0.044444444444444446 0.01953125
0 0.49583333333333335 0.324609375 0.044444444444444446 0.02421875
0 0.4951388888888889 0.356640625 0.04027777777777778 0.01953125
0 0.15 0.4703125 0.016666666666666666 0.0171875
0 0.38125 0.377734375 0.02361111111111111 0.01953125
0 0.5548611111111111 0.471875 0.029166666666666667 0.01875
0 0.5652777777777778 0.376953125 0.019444444444444445 0.00859375
0 0.7416666666666667 0.48046875 0.027777777777777776 0.01875
0 0.5145833333333333 0.57890625 0.05416666666666667 0.0359375
0 0.30069444444444443 0.7921875 0.020833333333333332 0.0140625
0 0.3451388888888889 0.6421875 0.020833333333333332 0.028125
0 0.4 0.665625 0.03888888888888889 0.015625
0 0.44166666666666665 0.691796875 0.030555555555555555 0.02421875
