0 0.38263888888888886 0.135546875 0.029166666666666667 0.02421875
0 0.3472222222222222 0.12734375 0.025 0.0125
0 0.32708333333333334 0.169140625 0.043055555555555555 0.02109375
0 0.40625 0.1921875 0.03194444444444444 0.0203125
0 0.30069444444444443 0.188671875 0.029166666666666667 0.02421875
0 0.21388888888888888 0.248046875 0.04722222222222222 0.02421875
0 0.22361111111111112 0.25625 0.025 0.0125
0 0.3326388888888889 0.38359375 0.0375 0.01875
0 0.5368055555555555 0.327734375 0.034722222222222224 0.01953125
0 0.5506944444444445 0.3359375 0.03194444444444444 0.01875
0 0.3972222222222222 0.495703125 0.044444444444444446 0.02421875
0 0.4083333333333333 0.507421875 0.04722222222222222 0.01484375
0 0.35347222222222224 0.57578125 0.034722222222222224 0.0234375
0 0.3958333333333333 0.351171875 0.027777777777777776 0.01171875
0 0.4666666666666667 0.336328125 0.016666666666666666 0.01796875
0 0.19583333333333333 0.42578125 0.016666666666666666 0.01875
0 0.37569444444444444 0.230859375 0.015277777777777777 0.01484375
0 0.29375 0.2609375 0.0375 0.021875
0 0.3736111111111111 0.304296875 0.022222222222222223 0.02109375
0 0.45208333333333334 0.38671875 0.018055555555555554 0.0109375
0 0.5152777777777777 0.362109375 0.013888888888888888 0.01171875
0 0.5375 0.45 0.03333333333333333 0.01875
0 0.5986111111111111 0.436328125 0.044444444444444446 0.02109375
0 0.9875 0.662890625 0.022222222222222223 0.02109375
0 0.8833333333333333 0.659375 0.03611111111111111 0.0203125
0 0.89375 0.51015625 0.04583333333333333 0.0265625
0 0.8416666666666667 0.339453125 0.030555555555555555 0.01640625
0 0.8944444444444445 0.262109375 0.03611111111111111 0.02109375
0 0.9548611111111112 0.2546875 0.043055555555555555 0.028125
0 0.8979166666666667 0.353515625 0.020833333333333332 0.01171875
0 0.9909722222222223 0.390234375 0.015277777777777777 0.02734375
0 0.9673611111111111 0.38828125 0.03194444444444444 0.009375
0 0.9840277777777777 0.3984375 0.02361111111111111 0.0125
0 0.9798611111111111 0.106640625 0.0375 0.02734375
0 0.9833333333333333 0.128125 0.030555555555555555 0.028125
0 0.8993055555555556 0.2296875 0.043055555555555555 0.0203125
0 0.8243055555555555 0.39921875 0.04027777777777778 0.021875
0 0.06388888888888888 0.374609375 0.027777777777777776 0.01640625
0 0.09791666666666667 0.42109375 0.043055555555555555 0.021875
0 0.016666666666666666 0.39375 0.030555555555555555 0.0140625
0 0.05625 0.430859375 0.020833333333333332 0.01640625
0 0.05416666666666667 0.4078125 0.030555555555555555 0.0140625
0 0.5083333333333333 0.382421875 0.016666666666666666 0.01015625
0 0.5097222222222222 0.39453125 0.016666666666666666 0.0109375
0 0.11458333333333333 0.39765625 0.020833333333333332 0.0171875
0 0.35694444444444445 0.38046875 0.013888888888888888 0.015625
0 0.22569444444444445 0.49921875 0.029166666666666667 0.01875
0 0.07777777777777778 0.406640625 0.013888888888888888 0.01015625
0 0.2638888888888889 0.427734375 0.019444444444444445 0.02109375
0 0.18055555555555555 0.6828125 0.03611111111111111 0.01875
0 0.7333333333333333 0.5234375 0.03888888888888889 0.0171875
0 0.01597222222222222 0.3734375 0.03194444444444444 0.0109375
0 0.3159722222222222 0.283203125 0.0125 0.00859375
0 0.9465277777777777 0.218359375 0.03194444444444444 0.03828125
0 0.9895833333333334 0.205078125 0.015277777777777777 0.01171875
0 0.9902777777777778 0.244921875 0.016666666666666666 0.01484375
0 0.8597222222222223 0.561328125 0.030555555555555555 0.01484375
0 0.07916666666666666 0.64921875 0.05 0.025
