0 0.46875 0.316796875 0.05138888888888889 0.02734375
0 0.6069444444444444 0.28515625 0.04722222222222222 0.034375
0 0.60625 0.254296875 0.05138888888888889 0.01953125
0 0.6597222222222222 0.257421875 0.058333333333333334 0.02734375
0 0.6694444444444444 0.2859375 0.03888888888888889 0.0265625
0 0.69375 0.272265625 0.020833333333333332 0.01328125
0 0.48819444444444443 0.349609375 0.05138888888888889 0.03515625
0 0.6520833333333333 0.351171875 0.04861111111111111 0.02578125
0 0.5027777777777778 0.3859375 0.03611111111111111 0.03125
0 0.4048611111111111 0.375390625 0.05694444444444444 0.02421875
0 0.45625 0.409765625 0.05416666666666667 0.02734375
0 0.5631944444444444 0.43125 0.05416666666666667 0.0203125
0 0.6923611111111111 0.4546875 0.05138888888888889 0.0296875
0 0.73125 0.4625 0.05416666666666667 0.028125
0 0.5486111111111112 0.56484375 0.05277777777777778 0.025
0 0.5930555555555556 0.5703125 0.044444444444444446 0.025
0 0.34305555555555556 0.57265625 0.06111111111111111 0.028125
0 0.3159722222222222 0.5890625 0.0375 0.021875
0 0.37569444444444444 0.61484375 0.034722222222222224 0.0265625
0 0.4215277777777778 0.6234375 0.015277777777777777 0.021875
0 0.35694444444444445 0.645703125 0.03888888888888889 0.02265625
0 0.39791666666666664 0.65078125 0.043055555555555555 0.021875
0 0.2375 0.649609375 0.03611111111111111 0.01796875
0 0.2916666666666667 0.617578125 0.03888888888888889 0.01484375
0 0.5319444444444444 0.625 0.041666666666666664 0.021875
0 0.5555555555555556 0.641796875 0.06111111111111111 0.03359375
0 0.5708333333333333 0.66171875 0.041666666666666664 0.01875
0 0.6479166666666667 0.655078125 0.043055555555555555 0.02578125
0 0.6916666666666667 0.665625 0.05 0.0296875
0 0.6541666666666667 0.6765625 0.03888888888888889 0.01875
0 0.6284722222222222 0.704296875 0.04027777777777778 0.02265625
0 0.6791666666666667 0.709765625 0.019444444444444445 0.01640625
0 0.4840277777777778 0.709375 0.05416666666666667 0.0296875
0 0.6034722222222222 0.730859375 0.034722222222222224 0.01015625
0 0.43125 0.749609375 0.04861111111111111 0.02890625
0 0.41388888888888886 0.76953125 0.025 0.021875
0 0.4375 0.7671875 0.030555555555555555 0.01875
0 0.3451388888888889 0.836328125 0.05416666666666667 0.02734375
0 0.06319444444444444 0.946484375 0.0375 0.02734375
0 0.5541666666666667 0.802734375 0.06944444444444445 0.02890625
0 0.6131944444444445 0.791796875 0.05694444444444444 0.03359375
0 0.60625 0.81796875 0.043055555555555555 0.021875
0 0.6854166666666667 0.9359375 0.05694444444444444 0.0359375
0 0.7375 0.994921875 0.058333333333333334 0.00859375
0 0.08680555555555555 0.809375 0.03194444444444444 0.0203125
