0 0.5020833333333333 0.62578125 0.043055555555555555 0.01875
0 0.3701388888888889 0.61484375 0.04583333333333333 0.021875
0 0.21805555555555556 0.6015625 0.05277777777777778 0.0296875
0 0.5868055555555556 0.537890625 0.043055555555555555 0.02265625
0 0.2513888888888889 0.5296875 0.025 0.0265625
0 0.41597222222222224 0.50390625 0.043055555555555555 0.0265625
0 0.5256944444444445 0.508203125 0.04027777777777778 0.02265625
0 0.49236111111111114 0.51953125 0.02638888888888889 0.01875
0 0.23194444444444445 0.571484375 0.03333333333333333 0.02109375
0 0.38958333333333334 0.51015625 0.029166666666666667 0.0171875
0 0.11388888888888889 0.43828125 0.027777777777777776 0.0140625
0 0.13958333333333334 0.449609375 0.020833333333333332 0.01015625
0 0.5958333333333333 0.49453125 0.030555555555555555 0.0203125
0 0.6270833333333333 0.4609375 0.043055555555555555 0.0265625
0 0.5611111111111111 0.44375 0.03333333333333333 0.01875
0 0.47847222222222224 0.4125 0.020833333333333332 0.009375
0 0.08611111111111111 0.3609375 0.027777777777777776 0.009375
0 0.4791666666666667 0.42734375 0.025 0.00625
0 0.5305555555555556 0.333203125 0.044444444444444446 0.01328125
0 0.5493055555555556 0.28515625 0.04027777777777778 0.021875
0 0.5305555555555556 0.26875 0.03611111111111111 0.021875
0 0.36319444444444443 0.13984375 0.03194444444444444 0.021875
0 0.3909722222222222 0.122265625 0.02638888888888889 0.01640625
0 0.3138888888888889 0.425390625 0.013888888888888888 0.00859375
0 0.46875 0.123828125 0.03194444444444444 0.01328125
0 0.22430555555555556 0.540234375 0.0125 0.01015625
