0 0.44305555555555554 0.297265625 0.03888888888888889 0.01796875
0 0.48680555555555555 0.300390625 0.034722222222222224 0.01953125
0 0.6666666666666666 0.266015625 0.03611111111111111 0.01796875
0 0.6916666666666667 0.244140625 0.03888888888888889 0.02265625
0 0.47152777777777777 0.41640625 0.034722222222222224 0.0171875
0 0.15694444444444444 0.427734375 0.027777777777777776 0.01953125
0 0.5673611111111111 0.40625 0.034722222222222224 0.021875
0 0.6361111111111111 0.41875 0.027777777777777776 0.0171875
0 0.6118055555555556 0.4 0.0375 0.015625
0 0.5819444444444445 0.5203125 0.05 0.0171875
0 0.33055555555555555 0.415234375 0.027777777777777776 0.01953125
0 0.775 0.259765625 0.041666666666666664 0.02421875
0 0.5993055555555555 0.303125 0.0375 0.0171875
0 0.5395833333333333 0.383984375 0.034722222222222224 0.00859375
0 0.6701388888888888 0.409375 0.03194444444444444 0.0109375
0 0.375 0.69140625 0.05277777777777778 0.0359375
0 0.4263888888888889 0.690625 0.05 0.025
0 0.4701388888888889 0.6921875 0.04583333333333333 0.034375
0 0.4305555555555556 0.708984375 0.058333333333333334 0.02109375
0 0.45069444444444445 0.470703125 0.05138888888888889 0.02265625
0 0.5715277777777777 0.31953125 0.05138888888888889 0.0171875
0 0.19930555555555557 0.428125 0.02361111111111111 0.015625
0 0.075 0.548046875 0.030555555555555555 0.02109375
0 0.6409722222222223 0.65390625 0.03194444444444444 0.0265625
0 0.9034722222222222 0.6296875 0.0375 0.0203125
0 0.9076388888888889 0.609765625 0.03194444444444444 0.01953125
0 0.8590277777777777 0.6234375 0.05138888888888889 0.0265625
0 0.7152777777777778 0.644140625 0.05277777777777778 0.03359375
0 0.7472222222222222 0.63046875 0.03611111111111111 0.021875
0 0.6805555555555556 0.580859375 0.019444444444444445 0.01171875
0 0.8694444444444445 0.51875 0.016666666666666666 0.0125
0 0.8479166666666667 0.53671875 0.029166666666666667 0.01875
0 0.9909722222222223 0.664453125 0.015277777777777777 0.00859375
0 0.7576388888888889 0.749609375 0.0625 0.02734375
0 0.7583333333333333 0.722265625 0.058333333333333334 0.02421875
0 0.7590277777777777 0.695703125 0.04583333333333333 0.01796875
0 0.5868055555555556 0.41640625 0.029166666666666667 0.0203125
0 0.76875 0.3 0.020833333333333332 0.0140625
0 0.4638888888888889 0.4875 0.041666666666666664 0.01875
0 0.6729166666666667 0.48671875 0.02638888888888889 0.0171875
0 0.5222222222222223 0.6453125 0.04722222222222222 0.0265625
