0 0.7694444444444445 0.10703125 0.058333333333333334 0.034375
0 0.7569444444444444 0.135546875 0.05277777777777778 0.02578125
0 0.7909722222222222 0.170703125 0.059722222222222225 0.03359375
0 0.6840277777777778 0.162109375 0.04027777777777778 0.02890625
0 0.7083333333333334 0.165234375 0.025 0.02734375
0 0.6916666666666667 0.20625 0.058333333333333334 0.0390625
0 0.8513888888888889 0.229296875 0.05 0.03203125
0 0.80625 0.23125 0.04027777777777778 0.0265625
0 0.6756944444444445 0.261328125 0.059722222222222225 0.02890625
0 0.6923611111111111 0.24140625 0.04027777777777778 0.021875
0 0.7236111111111111 0.270703125 0.058333333333333334 0.03359375
0 0.8326388888888889 0.303125 0.059722222222222225 0.025
0 0.9256944444444445 0.326953125 0.06527777777777778 0.03359375
0 0.7541666666666667 0.332421875 0.03888888888888889 0.01796875
0 0.5020833333333333 0.337890625 0.0625 0.03046875
0 0.4270833333333333 0.35703125 0.059722222222222225 0.028125
0 0.9375 0.357421875 0.06388888888888888 0.02578125
0 0.8270833333333333 0.351953125 0.0625 0.02734375
0 0.8638888888888889 0.378125 0.06944444444444445 0.040625
0 0.9006944444444445 0.384375 0.034722222222222224 0.034375
0 0.7923611111111111 0.469921875 0.059722222222222225 0.02578125
0 0.8916666666666667 0.458984375 0.041666666666666664 0.02421875
0 0.96875 0.458203125 0.05416666666666667 0.02734375
0 0.84375 0.490234375 0.059722222222222225 0.03046875
0 0.7305555555555555 0.516015625 0.06944444444444445 0.03203125
0 0.8923611111111112 0.529296875 0.04027777777777778 0.02109375
0 0.98125 0.5140625 0.034722222222222224 0.009375
0 0.75 0.6203125 0.058333333333333334 0.0296875
0 0.675 0.60234375 0.06388888888888888 0.025
0 0.5555555555555556 0.503515625 0.03888888888888889 0.02578125
0 0.05763888888888889 0.50390625 0.06805555555555555 0.0375
0 0.1597222222222222 0.681640625 0.058333333333333334 0.02890625
0 0.7833333333333333 0.690625 0.04722222222222222 0.0203125
0 0.8708333333333333 0.60234375 0.058333333333333334 0.0234375
0 0.8395833333333333 0.55859375 0.059722222222222225 0.03125
0 0.49583333333333335 0.60703125 0.04722222222222222 0.025
0 0.5180555555555556 0.671875 0.04722222222222222 0.0234375
0 0.6111111111111112 0.752734375 0.03333333333333333 0.02421875
0 0.26805555555555555 0.765234375 0.05555555555555555 0.02734375
0 0.36875 0.76640625 0.05138888888888889 0.028125
0 0.46319444444444446 0.795703125 0.04861111111111111 0.02734375
0 0.5236111111111111 0.808203125 0.03611111111111111 0.02265625
0 0.7805555555555556 0.85078125 0.041666666666666664 0.0265625
0 0.8284722222222223 0.8421875 0.043055555555555555 0.03125
0 0.12777777777777777 0.74453125 0.05555555555555555 0.021875
0 0.03263888888888889 0.765234375 0.0625 0.03046875
0 0.08333333333333333 0.786328125 0.05277777777777778 0.02421875
0 0.10347222222222222 0.729296875 0.05416666666666667 0.02578125
0 0.33541666666666664 0.886328125 0.05138888888888889 0.02578125
0 0.2902777777777778 0.915625 0.06388888888888888 0.03125
0 0.20833333333333334 0.903125 0.04722222222222222 0.021875
0 0.74375 0.29140625 0.02361111111111111 0.0203125
0 0.07291666666666667 0.71484375 0.043055555555555555 0.025
0 0.041666666666666664 0.69921875 0.03888888888888889 0.0140625
0 0.15069444444444444 0.796875 0.034722222222222224 0.021875
0 0.41944444444444445 0.760546875 0.030555555555555555 0.02890625
0 0.7770833333333333 0.2703125 0.0375 0.025
