0 0.5729166666666666 0.50390625 0.03194444444444444 0.021875
0 0.6277777777777778 0.505078125 0.03611111111111111 0.01484375
0 0.65625 0.51953125 0.034722222222222224 0.025
0 0.6833333333333333 0.5234375 0.022222222222222223 0.0125
0 0.7118055555555556 0.534765625 0.0375 0.02578125
0 0.5604166666666667 0.64765625 0.029166666666666667 0.0265625
0 0.53125 0.6578125 0.02361111111111111 0.0140625
0 0.6013888888888889 0.666015625 0.05 0.02109375
0 0.6777777777777778 0.666015625 0.03333333333333333 0.02421875
0 0.6694444444444444 0.6890625 0.044444444444444446 0.0265625
0 0.6298611111111111 0.71328125 0.03194444444444444 0.01875
0 0.46944444444444444 0.719921875 0.041666666666666664 0.02578125
0 0.7743055555555556 0.680078125 0.03194444444444444 0.01171875
0 0.6777777777777778 0.567578125 0.04722222222222222 0.02421875
0 0.3854166666666667 0.63828125 0.018055555555555554 0.0171875
0 0.7354166666666667 0.784375 0.04027777777777778 0.0234375
0 0.8305555555555556 0.85546875 0.04722222222222222 0.034375
0 0.8861111111111111 0.845703125 0.041666666666666664 0.02109375
0 0.8576388888888888 0.73671875 0.043055555555555555 0.0171875
0 0.27291666666666664 0.64296875 0.02638888888888889 0.015625
0 0.08819444444444445 0.441796875 0.043055555555555555 0.02578125
0 0.13680555555555557 0.46328125 0.05138888888888889 0.0265625
0 0.06944444444444445 0.48984375 0.05277777777777778 0.0265625
0 0.07083333333333333 0.512890625 0.05555555555555555 0.02265625
0 0.16180555555555556 0.47578125 0.0375 0.025
0 0.12222222222222222 0.65390625 0.04722222222222222 0.0234375
0 0.18958333333333333 0.498828125 0.0375 0.01640625
0 0.23055555555555557 0.501171875 0.03888888888888889 0.01640625
0 0.5375 0.580078125 0.03333333333333333 0.02109375
0 0.5944444444444444 0.730078125 0.027777777777777776 0.02109375
0 0.022916666666666665 0.75546875 0.04027777777777778 0.025
0 0.10694444444444444 0.721484375 0.03611111111111111 0.01640625
0 0.15 0.71640625 0.04722222222222222 0.028125
0 0.11666666666666667 0.68125 0.05277777777777778 0.025
