0 0.4652777777777778 0.065625 0.06388888888888888 0.034375
0 0.4722222222222222 0.094921875 0.058333333333333334 0.03203125
0 0.49583333333333335 0.130078125 0.05555555555555555 0.03359375
0 0.44722222222222224 0.125 0.05 0.03125
0 0.5444444444444444 0.1890625 0.05555555555555555 0.03125
0 0.50625 0.1921875 0.029166666666666667 0.025
0 0.3763888888888889 0.16875 0.06388888888888888 0.0375
0 0.3659722222222222 0.22734375 0.05694444444444444 0.03125
0 0.4131944444444444 0.23515625 0.05694444444444444 0.0359375
0 0.4722222222222222 0.23125 0.027777777777777776 0.0265625
0 0.5215277777777778 0.26328125 0.06527777777777778 0.0328125
0 0.6256944444444444 0.2921875 0.06805555555555555 0.0359375
0 0.18125 0.30859375 0.059722222222222225 0.0328125
0 0.12152777777777778 0.32734375 0.059722222222222225 0.028125
0 0.49722222222222223 0.3171875 0.06111111111111111 0.03125
0 0.6479166666666667 0.317578125 0.05694444444444444 0.03203125
0 0.58125 0.349609375 0.05416666666666667 0.03046875
0 0.5277777777777778 0.33984375 0.06388888888888888 0.0359375
0 0.55 0.42578125 0.05277777777777778 0.0296875
0 0.5013888888888889 0.457421875 0.05555555555555555 0.03046875
0 0.40625 0.485546875 0.06805555555555555 0.03671875
0 0.4666666666666667 0.439453125 0.041666666666666664 0.02109375
0 0.6701388888888888 0.425390625 0.05694444444444444 0.02890625
0 0.1486111111111111 0.5796875 0.058333333333333334 0.025
0 0.16666666666666666 0.640234375 0.03333333333333333 0.01796875
0 0.7597222222222222 0.483984375 0.041666666666666664 0.01796875
0 0.39305555555555555 0.659765625 0.041666666666666664 0.02578125
0 0.13541666666666666 0.7734375 0.04583333333333333 0.0234375
0 0.9479166666666666 0.676953125 0.034722222222222224 0.02109375
0 0.9840277777777777 0.682421875 0.020833333333333332 0.02109375
0 0.5013888888888889 0.813671875 0.05555555555555555 0.03203125
0 0.4388888888888889 0.823046875 0.05277777777777778 0.03203125
0 0.9784722222222222 0.971875 0.04027777777777778 0.034375
0 0.8826388888888889 0.962890625 0.034722222222222224 0.01640625
0 0.04027777777777778 0.855859375 0.07222222222222222 0.04453125
0 0.3972222222222222 0.12265625 0.016666666666666666 0.0296875
0 0.6027777777777777 0.316015625 0.03333333333333333 0.02578125
0 0.9826388888888888 0.438671875 0.03194444444444444 0.02734375
0 0.9847222222222223 0.48359375 0.027777777777777776 0.0125
0 0.6201388888888889 0.4265625 0.029166666666666667 0.025
0 0.3388888888888889 0.58125 0.041666666666666664 0.0328125
0 0.2222222222222222 0.71875 0.06111111111111111 0.0359375
0 0.8680555555555556 0.667578125 0.05 0.02421875
0 0.6125 0.6296875 0.044444444444444446 0.03125
0 0.5986111111111111 0.592578125 0.041666666666666664 0.01328125
0 0.4375 0.58828125 0.041666666666666664 0.01875
0 0.65 0.49296875 0.05 0.0203125
0 0.5729166666666666 0.563671875 0.0375 0.01796875
