0 0.8020833333333334 0.110546875 0.04027777777777778 0.02421875
0 0.9597222222222223 0.108203125 0.05 0.02734375
0 0.7833333333333333 0.15859375 0.041666666666666664 0.025
0 0.8423611111111111 0.14765625 0.0375 0.0203125
0 0.9104166666666667 0.189453125 0.034722222222222224 0.02578125
0 0.8715277777777778 0.194921875 0.043055555555555555 0.03203125
0 0.9180555555555555 0.226171875 0.041666666666666664 0.02265625
0 0.5590277777777778 0.210546875 0.0375 0.02578125
0 0.7493055555555556 0.17890625 0.04583333333333333 0.0234375
0 0.8451388888888889 0.220703125 0.043055555555555555 0.02421875
0 0.8090277777777778 0.21484375 0.02638888888888889 0.0203125
0 0.7791666666666667 0.257421875 0.03333333333333333 0.02265625
0 0.7076388888888889 0.320703125 0.04027777777777778 0.02265625
0 0.6111111111111112 0.487890625 0.03611111111111111 0.02109375
0 0.6159722222222223 0.451171875 0.04583333333333333 0.02421875
0 0.5645833333333333 0.529296875 0.0375 0.02578125
0 0.5159722222222223 0.503125 0.04027777777777778 0.021875
0 0.24791666666666667 0.4984375 0.0375 0.015625
0 0.2534722222222222 0.468359375 0.04027777777777778 0.02109375
0 0.0798611111111111 0.48671875 0.034722222222222224 0.0203125
0 0.9347222222222222 0.25390625 0.03888888888888889 0.0203125
0 0.3763888888888889 0.479296875 0.03333333333333333 0.01796875
0 0.23958333333333334 0.333203125 0.029166666666666667 0.01640625
0 0.9145833333333333 0.118359375 0.04027777777777778 0.02109375
0 0.9666666666666667 0.265625 0.03611111111111111 0.021875
0 0.5243055555555556 0.21015625 0.02638888888888889 0.01875
0 0.8493055555555555 0.175 0.034722222222222224 0.0203125
0 0.76875 0.484375 0.043055555555555555 0.0203125
0 0.8069444444444445 0.547265625 0.030555555555555555 0.01953125
0 0.5479166666666667 0.5078125 0.02638888888888889 0.0234375
0 0.015277777777777777 0.34296875 0.025 0.0171875
0 0.6652777777777777 0.31875 0.03611111111111111 0.01875
0 0.9354166666666667 0.090234375 0.043055555555555555 0.02421875
0 0.9902777777777778 0.15703125 0.016666666666666666 0.0203125
0 0.8090277777777778 0.17265625 0.03194444444444444 0.0203125
0 0.7548611111111111 0.213671875 0.020833333333333332 0.01328125
0 0.7826388888888889 0.21171875 0.0125 0.0109375
0 0.8125 0.201171875 0.019444444444444445 0.01484375
0 0.9881944444444445 0.203125 0.020833333333333332 0.0171875
0 0.9923611111111111 0.189453125 0.0125 0.01015625
0 0.9722222222222222 0.249609375 0.030555555555555555 0.01953125
0 0.9868055555555556 0.234765625 0.02361111111111111 0.02421875
0 0.9347222222222222 0.2765625 0.03333333333333333 0.021875
0 0.7895833333333333 0.3546875 0.02638888888888889 0.01875
0 0.9 0.4109375 0.03611111111111111 0.021875
0 0.9902777777777778 0.376171875 0.016666666666666666 0.02421875
0 0.19444444444444445 0.32421875 0.022222222222222223 0.0140625
0 0.06388888888888888 0.344921875 0.030555555555555555 0.01484375
0 0.6173611111111111 0.31171875 0.03194444444444444 0.01875
0 0.5861111111111111 0.3203125 0.030555555555555555 0.01875
0 0.7784722222222222 0.327734375 0.0375 0.02421875
0 0.7354166666666667 0.455859375 0.018055555555555554 0.01328125
0 0.7472222222222222 0.47421875 0.041666666666666664 0.0171875
0 0.8305555555555556 0.519921875 0.03333333333333333 0.01328125
0 0.8444444444444444 0.559375 0.03333333333333333 0.021875
0 0.8298611111111112 0.5828125 0.02638888888888889 0.009375
0 0.23125 0.48125 0.02638888888888889 0.0171875
0 0.26944444444444443 0.478515625 0.022222222222222223 0.01328125
0 0.30972222222222223 0.40546875 0.027777777777777776 0.0140625
0 0.05416666666666667 0.390625 0.044444444444444446 0.0203125
0 0.03611111111111111 0.375390625 0.016666666666666666 0.00703125
0 0.027083333333333334 0.475 0.03194444444444444 0.01875
