0 0.21319444444444444 0.208984375 0.06527777777777778 0.03359375
0 0.2701388888888889 0.216796875 0.05138888888888889 0.03515625
0 0.31666666666666665 0.236328125 0.03333333333333333 0.01796875
0 0.29375 0.337890625 0.0763888888888889 0.02578125
0 0.45416666666666666 0.398828125 0.05277777777777778 0.02578125
0 0.5333333333333333 0.425 0.058333333333333334 0.025
0 0.4722222222222222 0.43828125 0.05277777777777778 0.03125
0 0.5819444444444445 0.4984375 0.04722222222222222 0.0296875
0 0.7520833333333333 0.68984375 0.059722222222222225 0.0359375
0 0.7458333333333333 0.781640625 0.05277777777777778 0.03359375
0 0.5340277777777778 0.4625 0.034722222222222224 0.025
0 0.5569444444444445 0.450390625 0.03611111111111111 0.01953125
0 0.4930555555555556 0.452734375 0.03333333333333333 0.02265625
0 0.45208333333333334 0.445703125 0.034722222222222224 0.02109375
0 0.5118055555555555 0.4734375 0.043055555555555555 0.021875
0 0.7 0.72578125 0.06388888888888888 0.0328125
