0 0.025 0.037890625 0.044444444444444446 0.02578125
0 0.03888888888888889 0.06484375 0.04722222222222222 0.0328125
0 0.08194444444444444 0.1328125 0.06388888888888888 0.040625
0 0.0375 0.138671875 0.05 0.04296875
0 0.03680555555555556 0.1765625 0.059722222222222225 0.034375
0 0.7666666666666667 0.137109375 0.06111111111111111 0.03515625
0 0.6569444444444444 0.1796875 0.03888888888888889 0.03125
0 0.6833333333333333 0.183203125 0.05 0.03046875
0 0.7138888888888889 0.173828125 0.016666666666666666 0.00703125
0 0.6395833333333333 0.198828125 0.02638888888888889 0.02265625
0 0.6 0.20390625 0.030555555555555555 0.0234375
0 0.06041666666666667 0.245703125 0.05138888888888889 0.03046875
0 0.09583333333333334 0.26640625 0.05277777777777778 0.028125
0 0.5604166666666667 0.2046875 0.059722222222222225 0.028125
0 0.53125 0.230078125 0.04583333333333333 0.02890625
0 0.5402777777777777 0.25625 0.05 0.025
0 0.6645833333333333 0.226953125 0.05416666666666667 0.03359375
0 0.7770833333333333 0.209765625 0.018055555555555554 0.02109375
0 0.7951388888888888 0.2359375 0.03194444444444444 0.0171875
0 0.6048611111111111 0.290234375 0.04027777777777778 0.03046875
0 0.7701388888888889 0.303515625 0.04583333333333333 0.02890625
0 0.5847222222222223 0.33359375 0.04722222222222222 0.025
0 0.8173611111111111 0.359375 0.05138888888888889 0.0234375
0 0.8583333333333333 0.362890625 0.041666666666666664 0.02109375
0 0.5416666666666666 0.3015625 0.03888888888888889 0.021875
0 0.4395833333333333 0.363671875 0.059722222222222225 0.03359375
0 0.38333333333333336 0.368359375 0.05 0.03203125
0 0.14166666666666666 0.374609375 0.06111111111111111 0.03203125
0 0.06458333333333334 0.38359375 0.0625 0.0265625
0 0.25555555555555554 0.441015625 0.075 0.02734375
0 0.36736111111111114 0.491796875 0.05694444444444444 0.03515625
0 0.41458333333333336 0.487890625 0.043055555555555555 0.02734375
0 0.2826388888888889 0.45703125 0.05138888888888889 0.015625
0 0.5083333333333333 0.465234375 0.05555555555555555 0.02265625
0 0.5534722222222223 0.4515625 0.02638888888888889 0.01875
0 0.58125 0.432421875 0.05138888888888889 0.02890625
0 0.6069444444444444 0.455078125 0.041666666666666664 0.01953125
0 0.7138888888888889 0.46875 0.044444444444444446 0.03125
0 0.7833333333333333 0.440234375 0.04722222222222222 0.02578125
0 0.7715277777777778 0.4671875 0.043055555555555555 0.025
0 0.9701388888888889 0.552734375 0.04027777777777778 0.01796875
0 0.009027777777777777 0.588671875 0.018055555555555554 0.05234375
0 0.4513888888888889 0.563671875 0.041666666666666664 0.02265625
0 0.8861111111111111 0.648046875 0.05 0.02734375
0 0.6673611111111111 0.738671875 0.043055555555555555 0.01953125
0 0.017361111111111112 0.275 0.03194444444444444 0.0234375
0 0.20833333333333334 0.374609375 0.05277777777777778 0.02109375
0 0.5993055555555555 0.3890625 0.034722222222222224 0.0171875
0 0.6534722222222222 0.412890625 0.02361111111111111 0.01484375
0 0.7180555555555556 0.2359375 0.05 0.0234375
0 0.8034722222222223 0.387890625 0.020833333333333332 0.01953125
0 0.43194444444444446 0.671875 0.04722222222222222 0.025
0 0.6847222222222222 0.633984375 0.027777777777777776 0.01796875
0 0.8263888888888888 0.663671875 0.027777777777777776 0.01484375
0 0.8895833333333333 0.751953125 0.06527777777777778 0.03515625
0 0.68125 0.5234375 0.04027777777777778 0.015625
