0 0.7173611111111111 0.04609375 0.04861111111111111 0.0359375
0 0.6736111111111112 0.05390625 0.041666666666666664 0.04375
0 0.6777777777777778 0.079296875 0.05277777777777778 0.02890625
0 0.7125 0.078125 0.027777777777777776 0.0265625
0 0.5388888888888889 0.12890625 0.016666666666666666 0.028125
0 0.5902777777777778 0.148828125 0.044444444444444446 0.02109375
0 0.59375 0.13203125 0.05416666666666667 0.028125
0 0.6534722222222222 0.13828125 0.04583333333333333 0.028125
0 0.6854166666666667 0.12265625 0.034722222222222224 0.01875
0 0.5923611111111111 0.1765625 0.04861111111111111 0.01875
0 0.6395833333333333 0.18203125 0.04583333333333333 0.021875
0 0.6777777777777778 0.1625 0.022222222222222223 0.0234375
0 0.8868055555555555 0.265234375 0.06805555555555555 0.03671875
0 0.5694444444444444 0.217578125 0.04722222222222222 0.03359375
0 0.61875 0.19140625 0.05138888888888889 0.015625
0 0.4583333333333333 0.23671875 0.058333333333333334 0.025
0 0.41041666666666665 0.267578125 0.04583333333333333 0.02578125
0 0.7368055555555556 0.272265625 0.03194444444444444 0.01953125
0 0.7090277777777778 0.280078125 0.04027777777777778 0.02421875
0 0.7701388888888889 0.301953125 0.043055555555555555 0.02890625
0 0.7291666666666666 0.31015625 0.06666666666666667 0.0375
0 0.6395833333333333 0.3140625 0.04027777777777778 0.025
0 0.6895833333333333 0.30546875 0.04583333333333333 0.0265625
0 0.7652777777777777 0.38359375 0.05 0.025
0 0.4409722222222222 0.30234375 0.04027777777777778 0.0265625
0 0.4979166666666667 0.312109375 0.02361111111111111 0.01953125
0 0.6305555555555555 0.33984375 0.022222222222222223 0.025
0 0.6520833333333333 0.353515625 0.02638888888888889 0.02734375
0 0.6625 0.38359375 0.03611111111111111 0.015625
0 0.4375 0.331640625 0.03888888888888889 0.02578125
0 0.5104166666666666 0.354296875 0.05416666666666667 0.03359375
0 0.48541666666666666 0.3828125 0.04861111111111111 0.0296875
0 0.40694444444444444 0.383203125 0.05 0.02734375
0 0.38055555555555554 0.4015625 0.044444444444444446 0.0296875
0 0.3909722222222222 0.443359375 0.020833333333333332 0.01484375
0 0.45694444444444443 0.459375 0.05277777777777778 0.021875
0 0.7013888888888888 0.472265625 0.05 0.02265625
0 0.7618055555555555 0.493359375 0.05416666666666667 0.02734375
0 0.8013888888888889 0.491796875 0.03611111111111111 0.02421875
0 0.8520833333333333 0.49140625 0.05416666666666667 0.03125
0 0.8909722222222223 0.483984375 0.04027777777777778 0.02578125
0 0.9798611111111111 0.494140625 0.034722222222222224 0.01171875
0 0.6493055555555556 0.555859375 0.06805555555555555 0.03828125
0 0.7826388888888889 0.575 0.05694444444444444 0.034375
0 0.8409722222222222 0.573828125 0.05138888888888889 0.03671875
0 0.9805555555555555 0.535546875 0.03611111111111111 0.03203125
0 0.9715277777777778 0.573046875 0.04583333333333333 0.02421875
0 0.9618055555555556 0.594921875 0.04027777777777778 0.02578125
0 0.9125 0.60625 0.05555555555555555 0.0328125
0 0.85625 0.602734375 0.05416666666666667 0.02109375
0 0.4465277777777778 0.619140625 0.04861111111111111 0.02421875
0 0.43125 0.567578125 0.05416666666666667 0.02421875
0 0.3659722222222222 0.55546875 0.02638888888888889 0.01875
0 0.32222222222222224 0.56640625 0.05 0.0296875
0 0.2798611111111111 0.566015625 0.03194444444444444 0.02421875
0 0.10069444444444445 0.614453125 0.0375 0.02265625
0 0.1527777777777778 0.60703125 0.03611111111111111 0.015625
0 0.33125 0.641796875 0.043055555555555555 0.02109375
0 0.6319444444444444 0.59453125 0.03888888888888889 0.0109375
0 0.6576388888888889 0.615234375 0.02361111111111111 0.02109375
0 0.6986111111111111 0.669140625 0.022222222222222223 0.02109375
0 0.7534722222222222 0.72578125 0.03194444444444444 0.0234375
0 0.8194444444444444 0.78671875 0.06111111111111111 0.0296875
0 0.6 0.76171875 0.05 0.034375
0 0.6125 0.89375 0.06666666666666667 0.0359375
0 0.9611111111111111 0.701953125 0.041666666666666664 0.02421875
0 0.9090277777777778 0.769140625 0.034722222222222224 0.01953125
0 0.8381944444444445 0.7359375 0.02638888888888889 0.0203125
0 0.9472222222222222 0.7734375 0.044444444444444446 0.015625
0 0.38819444444444445 0.72578125 0.05416666666666667 0.0296875
0 0.35208333333333336 0.7296875 0.05138888888888889 0.021875
0 0.4111111111111111 0.746484375 0.05 0.02890625
0 0.3055555555555556 0.779296875 0.05555555555555555 0.03515625
0 0.3055555555555556 0.744921875 0.06111111111111111 0.02890625
0 0.7666666666666667 0.805078125 0.030555555555555555 0.01484375
0 0.2652777777777778 0.809765625 0.058333333333333334 0.02578125
0 0.18888888888888888 0.829296875 0.03333333333333333 0.02421875
0 0.23333333333333334 0.8359375 0.058333333333333334 0.0265625
0 0.29097222222222224 0.84921875 0.0625 0.03125
0 0.3284722222222222 0.841015625 0.034722222222222224 0.01171875
0 0.3784722222222222 0.939453125 0.043055555555555555 0.02421875
0 0.5319444444444444 0.921875 0.03611111111111111 0.01875
0 0.9541666666666667 0.98046875 0.058333333333333334 0.0296875
0 0.7368055555555556 0.9890625 0.05138888888888889 0.0203125
0 0.49722222222222223 0.59453125 0.04722222222222222 0.021875
0 0.22083333333333333 0.714453125 0.030555555555555555 0.01328125
0 0.1763888888888889 0.940625 0.025 0.0140625
0 0.7534722222222222 0.7671875 0.034722222222222224 0.025
0 0.4826388888888889 0.81328125 0.02638888888888889 0.0140625
0 0.6493055555555556 0.808984375 0.0375 0.02265625
0 0.79375 0.5171875 0.03194444444444444 0.009375
0 0.42569444444444443 0.471484375 0.0375 0.01484375
0 0.6527777777777778 0.498046875 0.025 0.01171875
