0 0.10972222222222222 0.012890625 0.05277777777777778 0.02578125
0 0.08819444444444445 0.10859375 0.04583333333333333 0.028125
0 0.24930555555555556 0.094140625 0.04861111111111111 0.02734375
0 0.41805555555555557 0.056640625 0.041666666666666664 0.03046875
0 0.3798611111111111 0.015625 0.05416666666666667 0.03125
0 0.32222222222222224 0.016796875 0.05277777777777778 0.02890625
0 0.2604166666666667 0.011328125 0.0375 0.02109375
0 0.2590277777777778 0.03203125 0.018055555555555554 0.01875
0 0.2826388888888889 0.115625 0.029166666666666667 0.0140625
0 0.23472222222222222 0.115625 0.05 0.025
0 0.18888888888888888 0.1 0.041666666666666664 0.025
0 0.17291666666666666 0.079296875 0.04583333333333333 0.01796875
0 0.34097222222222223 0.160546875 0.029166666666666667 0.01484375
0 0.4284722222222222 0.198046875 0.04861111111111111 0.02421875
0 0.13680555555555557 0.21171875 0.04027777777777778 0.0203125
0 0.1076388888888889 0.19765625 0.034722222222222224 0.0203125
0 0.03125 0.1625 0.034722222222222224 0.0203125
0 0.009027777777777777 0.194140625 0.018055555555555554 0.02421875
0 0.06111111111111111 0.216015625 0.05 0.02734375
0 0.1986111111111111 0.269921875 0.030555555555555555 0.01953125
0 0.24791666666666667 0.283984375 0.0375 0.01484375
0 0.20347222222222222 0.29375 0.02638888888888889 0.0140625
0 0.09236111111111112 0.31328125 0.034722222222222224 0.0171875
0 0.3625 0.287890625 0.03333333333333333 0.01953125
0 0.4270833333333333 0.26484375 0.029166666666666667 0.021875
0 0.7298611111111111 0.274609375 0.04861111111111111 0.03203125
0 0.7722222222222223 0.275 0.03611111111111111 0.0296875
0 0.7083333333333334 0.308203125 0.03333333333333333 0.02109375
0 0.7833333333333333 0.323828125 0.05277777777777778 0.02734375
0 0.6791666666666667 0.351171875 0.041666666666666664 0.02265625
0 0.8388888888888889 0.47265625 0.03611111111111111 0.025
0 0.2826388888888889 0.449609375 0.04583333333333333 0.02421875
0 0.014583333333333334 0.43125 0.029166666666666667 0.0203125
0 0.06597222222222222 0.359765625 0.0375 0.01171875
0 0.2798611111111111 0.391015625 0.04583333333333333 0.02109375
0 0.4354166666666667 0.3375 0.03194444444444444 0.0125
0 0.27291666666666664 0.591015625 0.059722222222222225 0.03828125
0 0.5493055555555556 0.5359375 0.043055555555555555 0.0203125
0 0.5458333333333333 0.564453125 0.03333333333333333 0.01328125
0 0.24305555555555555 0.659375 0.07222222222222222 0.0375
0 0.6666666666666666 0.5890625 0.03333333333333333 0.0171875
0 0.8055555555555556 0.675 0.030555555555555555 0.0234375
0 0.7027777777777777 0.642578125 0.027777777777777776 0.02578125
0 0.10138888888888889 0.444140625 0.025 0.01015625
0 0.07916666666666666 0.255078125 0.019444444444444445 0.00703125
0 0.014583333333333334 0.30625 0.029166666666666667 0.01875
0 0.4840277777777778 0.279296875 0.03194444444444444 0.01015625
0 0.15416666666666667 0.0078125 0.025 0.0140625
0 0.2638888888888889 0.05546875 0.03611111111111111 0.025
0 0.075 0.32890625 0.027777777777777776 0.0125
