0 0.46319444444444446 0.14375 0.02361111111111111 0.015625
0 0.4930555555555556 0.143359375 0.016666666666666666 0.01015625
0 0.38055555555555554 0.17109375 0.027777777777777776 0.015625
0 0.4527777777777778 0.166015625 0.03888888888888889 0.00859375
0 0.4895833333333333 0.16640625 0.02361111111111111 0.009375
0 0.3277777777777778 0.24296875 0.027777777777777776 0.0171875
0 0.3423611111111111 0.22734375 0.015277777777777777 0.0109375
0 0.4041666666666667 0.22265625 0.025 0.0140625
0 0.3576388888888889 0.246484375 0.03194444444444444 0.01953125
0 0.4263888888888889 0.232421875 0.025 0.02109375
0 0.40208333333333335 0.2390625 0.02638888888888889 0.015625
0 0.44583333333333336 0.187109375 0.022222222222222223 0.01640625
0 0.48680555555555555 0.206640625 0.029166666666666667 0.01640625
0 0.48194444444444445 0.246875 0.03888888888888889 0.0171875
0 0.5548611111111111 0.236328125 0.02638888888888889 0.01640625
0 0.49027777777777776 0.290234375 0.022222222222222223 0.01484375
0 0.5041666666666667 0.265625 0.027777777777777776 0.0171875
0 0.5354166666666667 0.2625 0.02638888888888889 0.0140625
0 0.08541666666666667 0.36953125 0.03194444444444444 0.0140625
0 0.05694444444444444 0.366796875 0.025 0.01484375
0 0.10138888888888889 0.353125 0.025 0.0171875
0 0.12916666666666668 0.340625 0.025 0.021875
0 0.2638888888888889 0.340234375 0.03333333333333333 0.01328125
0 0.1875 0.3828125 0.030555555555555555 0.0109375
0 0.3090277777777778 0.383203125 0.034722222222222224 0.01640625
0 0.49166666666666664 0.41953125 0.041666666666666664 0.0203125
0 0.4354166666666667 0.375 0.018055555555555554 0.01875
0 0.5916666666666667 0.340625 0.03333333333333333 0.015625
0 0.5708333333333333 0.31875 0.030555555555555555 0.0140625
0 0.5034722222222222 0.4390625 0.03194444444444444 0.015625
0 0.5979166666666667 0.43125 0.02361111111111111 0.0109375
0 0.625 0.426171875 0.030555555555555555 0.01328125
0 0.54375 0.436328125 0.03194444444444444 0.01328125
0 0.3090277777777778 0.4046875 0.009722222222222222 0.0125
0 0.3416666666666667 0.4875 0.027777777777777776 0.015625
0 0.5097222222222222 0.5375 0.03611111111111111 0.0171875
0 0.26319444444444445 0.5328125 0.05416666666666667 0.025
0 0.36180555555555555 0.5015625 0.015277777777777777 0.0125
0 0.5784722222222223 0.591015625 0.04027777777777778 0.02109375
0 0.5416666666666666 0.590234375 0.022222222222222223 0.01484375
0 0.35347222222222224 0.59140625 0.034722222222222224 0.021875
0 0.39166666666666666 0.600390625 0.025 0.02421875
0 0.41388888888888886 0.566796875 0.022222222222222223 0.01484375
0 0.10069444444444445 0.64296875 0.029166666666666667 0.0234375
0 0.14722222222222223 0.583203125 0.03333333333333333 0.02109375
0 0.16944444444444445 0.566015625 0.030555555555555555 0.01328125
0 0.26875 0.58203125 0.02361111111111111 0.0234375
0 0.4875 0.65078125 0.025 0.0078125
0 0.46458333333333335 0.689453125 0.04583333333333333 0.02265625
0 0.4909722222222222 0.66328125 0.03194444444444444 0.015625
0 0.5305555555555556 0.653515625 0.025 0.01171875
0 0.6618055555555555 0.73046875 0.02361111111111111 0.0203125
0 0.6180555555555556 0.732421875 0.03333333333333333 0.01796875
0 0.6208333333333333 0.699609375 0.025 0.01953125
0 0.6513888888888889 0.680078125 0.030555555555555555 0.02109375
0 0.8236111111111111 0.683203125 0.06111111111111111 0.03203125
0 0.09166666666666666 0.39609375 0.03333333333333333 0.015625
0 0.4583333333333333 0.4796875 0.019444444444444445 0.0140625
0 0.47291666666666665 0.60703125 0.02361111111111111 0.0109375
0 0.49375 0.622265625 0.03194444444444444 0.01796875
0 0.7256944444444444 0.771484375 0.018055555555555554 0.01953125
0 0.7652777777777777 0.76171875 0.03333333333333333 0.0171875
0 0.7208333333333333 0.7203125 0.03888888888888889 0.0171875
0 0.7069444444444445 0.732421875 0.044444444444444446 0.01484375
0 0.5277777777777778 0.69765625 0.030555555555555555 0.0140625
0 0.49930555555555556 0.682421875 0.015277777777777777 0.01640625
