0 0.8534722222222222 0.435546875 0.05694444444444444 0.03046875
0 0.8472222222222222 0.38125 0.05555555555555555 0.0296875
0 0.76875 0.508984375 0.04583333333333333 0.02109375
0 0.6611111111111111 0.56796875 0.044444444444444446 0.028125
0 0.5958333333333333 0.565234375 0.05 0.02578125
0 0.24791666666666667 0.48515625 0.0375 0.021875
0 0.29375 0.450390625 0.04027777777777778 0.01953125
0 0.18958333333333333 0.46484375 0.04027777777777778 0.021875
0 0.21875 0.412890625 0.04583333333333333 0.02734375
0 0.0798611111111111 0.43359375 0.03194444444444444 0.0171875
0 0.7340277777777777 0.30703125 0.043055555555555555 0.0296875
0 0.6506944444444445 0.3609375 0.03194444444444444 0.025
0 0.4041666666666667 0.44921875 0.03611111111111111 0.0203125
0 0.40208333333333335 0.30546875 0.04027777777777778 0.0203125
0 0.26875 0.1953125 0.034722222222222224 0.0171875
0 0.4527777777777778 0.1578125 0.03888888888888889 0.0234375
0 0.49236111111111114 0.114453125 0.0375 0.02109375
0 0.6222222222222222 0.1171875 0.03888888888888889 0.0234375
0 0.5076388888888889 0.151171875 0.0375 0.01796875
0 0.46875 0.213671875 0.02638888888888889 0.02421875
0 0.5131944444444444 0.215625 0.0375 0.01875
0 0.5354166666666667 0.1953125 0.0375 0.021875
0 0.6680555555555555 0.185546875 0.041666666666666664 0.02421875
0 0.6534722222222222 0.20625 0.04027777777777778 0.0171875
0 0.8590277777777777 0.1765625 0.0375 0.021875
0 0.9472222222222222 0.23046875 0.03888888888888889 0.01875
0 0.8847222222222222 0.21796875 0.030555555555555555 0.0125
0 0.8645833333333334 0.20546875 0.03194444444444444 0.015625
0 0.7326388888888888 0.170703125 0.04583333333333333 0.02265625
0 0.6659722222222222 0.262109375 0.02638888888888889 0.01953125
0 0.7381944444444445 0.402734375 0.0375 0.01796875
0 0.6361111111111111 0.25234375 0.025 0.0171875
0 0.5069444444444444 0.173828125 0.030555555555555555 0.02578125
0 0.5590277777777778 0.186328125 0.02361111111111111 0.01796875
0 0.5923611111111111 0.12578125 0.029166666666666667 0.015625
0 0.8194444444444444 0.148046875 0.03611111111111111 0.02265625
0 0.6902777777777778 0.4375 0.03333333333333333 0.0171875
0 0.49375 0.3109375 0.034722222222222224 0.0171875
0 0.4340277777777778 0.246875 0.02638888888888889 0.01875
0 0.4173611111111111 0.171484375 0.0375 0.02109375
0 0.6201388888888889 0.167578125 0.04027777777777778 0.02734375
0 0.6993055555555555 0.21171875 0.034722222222222224 0.01875
0 0.4840277777777778 0.480078125 0.03194444444444444 0.01796875
0 0.6854166666666667 0.5359375 0.05138888888888889 0.0234375
0 0.4861111111111111 0.19609375 0.030555555555555555 0.0140625
0 0.4534722222222222 0.1796875 0.02361111111111111 0.0125
0 0.6097222222222223 0.21171875 0.03888888888888889 0.0234375
0 0.5895833333333333 0.190234375 0.0375 0.01640625
0 0.3659722222222222 0.298828125 0.034722222222222224 0.01796875
0 0.37777777777777777 0.310546875 0.027777777777777776 0.01015625
0 0.0125 0.301171875 0.019444444444444445 0.01484375
0 0.23819444444444443 0.1953125 0.03194444444444444 0.0203125
0 0.29930555555555555 0.29765625 0.0375 0.0171875
0 0.325 0.2921875 0.025 0.0125
0 0.011111111111111112 0.456640625 0.019444444444444445 0.01640625
0 0.10555555555555556 0.41953125 0.025 0.0109375
0 0.22847222222222222 0.469921875 0.034722222222222224 0.02109375
0 0.4666666666666667 0.50703125 0.027777777777777776 0.01875
0 0.4979166666666667 0.525 0.02361111111111111 0.0125
0 0.4861111111111111 0.548828125 0.027777777777777776 0.01796875
0 0.6381944444444444 0.560546875 0.034722222222222224 0.02265625
0 0.6583333333333333 0.4640625 0.022222222222222223 0.015625
0 0.7520833333333333 0.41953125 0.034722222222222224 0.0140625
0 0.5645833333333333 0.39296875 0.02361111111111111 0.0203125
0 0.6361111111111111 0.271484375 0.03611111111111111 0.01796875
0 0.6881944444444444 0.231640625 0.0375 0.01953125
0 0.81875 0.319921875 0.04027777777777778 0.01328125
0 0.9236111111111112 0.350390625 0.03611111111111111 0.03515625
0 0.9847222222222223 0.28671875 0.027777777777777776 0.028125
0 0.9194444444444444 0.258203125 0.030555555555555555 0.02109375
0 0.9930555555555556 0.21953125 0.011111111111111112 0.0171875
0 0.7902777777777777 0.1546875 0.027777777777777776 0.01875
0 0.7013888888888888 0.1390625 0.03333333333333333 0.0203125
0 0.7395833333333334 0.132421875 0.034722222222222224 0.01328125
0 0.5430555555555555 0.173828125 0.041666666666666664 0.01953125
0 0.6756944444444445 0.348046875 0.034722222222222224 0.01953125
0 0.7673611111111112 0.315234375 0.02638888888888889 0.02578125
0 0.7680555555555556 0.331640625 0.022222222222222223 0.00703125
0 0.7875 0.451953125 0.030555555555555555 0.01328125
