0 0.9256944444444445 0.2953125 0.04027777777777778 0.021875
0 0.8756944444444444 0.2953125 0.05416666666666667 0.0234375
0 0.9722222222222222 0.33671875 0.044444444444444446 0.028125
0 0.9375 0.397265625 0.030555555555555555 0.01953125
0 0.9777777777777777 0.4140625 0.03888888888888889 0.0234375
0 0.14166666666666666 0.301953125 0.06111111111111111 0.02890625
0 0.01597222222222222 0.286328125 0.02638888888888889 0.01953125
0 0.17152777777777778 0.415234375 0.04027777777777778 0.01640625
0 0.2923611111111111 0.425390625 0.02361111111111111 0.01796875
0 0.3770833333333333 0.45 0.04027777777777778 0.0203125
0 0.425 0.4515625 0.027777777777777776 0.009375
0 0.4701388888888889 0.43359375 0.04027777777777778 0.0203125
0 0.7319444444444444 0.41953125 0.03333333333333333 0.0140625
0 0.8840277777777777 0.43203125 0.02638888888888889 0.0234375
0 0.89375 0.480859375 0.043055555555555555 0.02109375
0 0.9534722222222223 0.713671875 0.07083333333333333 0.03359375
0 0.9444444444444444 0.740625 0.07222222222222222 0.046875
0 0.9833333333333333 0.75 0.030555555555555555 0.0390625
0 0.20416666666666666 0.41875 0.03611111111111111 0.0171875
0 0.525 0.432421875 0.030555555555555555 0.01796875
