0 0.4284722222222222 0.14609375 0.059722222222222225 0.0296875
0 0.4756944444444444 0.361328125 0.05138888888888889 0.02734375
0 0.2375 0.384375 0.03611111111111111 0.025
0 0.22152777777777777 0.43203125 0.04583333333333333 0.0296875
0 0.8395833333333333 0.448046875 0.04583333333333333 0.02578125
0 0.9034722222222222 0.524609375 0.04027777777777778 0.02265625
0 0.8784722222222222 0.497265625 0.04027777777777778 0.01953125
0 0.6208333333333333 0.445703125 0.025 0.01953125
0 0.9118055555555555 0.5453125 0.0375 0.0171875
0 0.17847222222222223 0.552734375 0.029166666666666667 0.02109375
0 0.6666666666666666 0.443359375 0.03333333333333333 0.01640625
0 0.10972222222222222 0.56953125 0.041666666666666664 0.01875
0 0.4284722222222222 0.487890625 0.05138888888888889 0.02890625
0 0.45208333333333334 0.529296875 0.043055555555555555 0.01171875
0 0.5902777777777778 0.261328125 0.025 0.01484375
0 0.6333333333333333 0.3390625 0.027777777777777776 0.025
0 0.7875 0.45625 0.04722222222222222 0.021875
0 0.2222222222222222 0.551171875 0.030555555555555555 0.01484375
