0 0.4625 0.200390625 0.03888888888888889 0.02265625
0 0.3763888888888889 0.242578125 0.03888888888888889 0.02421875
0 0.47847222222222224 0.253515625 0.05138888888888889 0.02734375
0 0.4131944444444444 0.303515625 0.034722222222222224 0.02265625
0 0.4597222222222222 0.325 0.03611111111111111 0.0234375
0 0.4840277777777778 0.3203125 0.04027777777777778 0.025
0 0.5368055555555555 0.298828125 0.03194444444444444 0.01640625
0 0.46875 0.363671875 0.04583333333333333 0.02578125
0 0.5368055555555555 0.329296875 0.04027777777777778 0.02265625
0 0.5743055555555555 0.32578125 0.0375 0.0203125
0 0.5590277777777778 0.362890625 0.04861111111111111 0.02421875
0 0.6180555555555556 0.373828125 0.03888888888888889 0.01953125
0 0.6618055555555555 0.393359375 0.04583333333333333 0.02421875
0 0.78125 0.40859375 0.043055555555555555 0.021875
0 0.5944444444444444 0.412109375 0.03611111111111111 0.02421875
0 0.6326388888888889 0.426953125 0.034722222222222224 0.02109375
0 0.6951388888888889 0.43828125 0.029166666666666667 0.021875
0 0.6020833333333333 0.42734375 0.02638888888888889 0.01875
0 0.4166666666666667 0.428515625 0.03611111111111111 0.02109375
0 0.41180555555555554 0.453125 0.0375 0.0234375
0 0.41875 0.4984375 0.043055555555555555 0.0234375
0 0.6243055555555556 0.48046875 0.029166666666666667 0.0171875
0 0.5791666666666667 0.523046875 0.030555555555555555 0.02421875
0 0.6125 0.530078125 0.03611111111111111 0.02109375
0 0.6305555555555555 0.519921875 0.025 0.01484375
0 0.65625 0.540625 0.029166666666666667 0.0125
0 0.5729166666666666 0.550390625 0.03194444444444444 0.02109375
0 0.5486111111111112 0.563671875 0.04722222222222222 0.02578125
0 0.6590277777777778 0.58828125 0.04027777777777778 0.015625
0 0.6722222222222223 0.57109375 0.025 0.015625
0 0.7513888888888889 0.640625 0.05277777777777778 0.0296875
0 0.925 0.67890625 0.041666666666666664 0.028125
0 0.9631944444444445 0.6703125 0.020833333333333332 0.021875
0 0.8916666666666667 0.68515625 0.03888888888888889 0.0203125
0 0.8048611111111111 0.700390625 0.0375 0.03203125
0 0.38680555555555557 0.612890625 0.05416666666666667 0.02578125
0 0.32430555555555557 0.630078125 0.04583333333333333 0.02734375
0 0.26666666666666666 0.625 0.04722222222222222 0.025
0 0.24375 0.648828125 0.04583333333333333 0.02265625
0 0.2326388888888889 0.6609375 0.04027777777777778 0.025
0 0.4083333333333333 0.6671875 0.041666666666666664 0.0234375
0 0.37083333333333335 0.674609375 0.03888888888888889 0.02109375
0 0.3590277777777778 0.651953125 0.029166666666666667 0.01171875
0 0.3597222222222222 0.70703125 0.044444444444444446 0.0234375
0 0.35833333333333334 0.723046875 0.03333333333333333 0.01171875
0 0.25 0.763671875 0.041666666666666664 0.02578125
0 0.29097222222222224 0.73046875 0.020833333333333332 0.0078125
0 0.3173611111111111 0.801171875 0.02638888888888889 0.02109375
0 0.3729166666666667 0.81640625 0.05138888888888889 0.0265625
0 0.5076388888888889 0.80625 0.04027777777777778 0.028125
0 0.4597222222222222 0.809765625 0.022222222222222223 0.01171875
0 0.7833333333333333 0.803125 0.05277777777777778 0.025
0 0.63125 0.779296875 0.02638888888888889 0.02109375
0 0.6611111111111111 0.775390625 0.03333333333333333 0.01796875
0 0.27291666666666664 0.899609375 0.034722222222222224 0.01953125
0 0.3111111111111111 0.89375 0.03333333333333333 0.021875
0 0.3423611111111111 0.873828125 0.02638888888888889 0.02578125
0 0.39791666666666664 0.865234375 0.04027777777777778 0.02109375
0 0.7625 0.851171875 0.05555555555555555 0.03046875
0 0.7833333333333333 0.82578125 0.05 0.0203125
0 0.8465277777777778 0.884765625 0.05138888888888889 0.03359375
0 0.7979166666666667 0.8796875 0.04027777777777778 0.0171875
0 0.9041666666666667 0.9109375 0.03888888888888889 0.0265625
0 0.8743055555555556 0.89609375 0.03194444444444444 0.03125
0 0.15138888888888888 0.9296875 0.041666666666666664 0.021875
0 0.3333333333333333 0.654296875 0.03333333333333333 0.01953125
0 0.2361111111111111 0.809765625 0.027777777777777776 0.01640625
0 0.7375 0.743359375 0.03611111111111111 0.01640625
0 0.7229166666666667 0.726171875 0.020833333333333332 0.01171875
0 0.4979166666666667 0.62421875 0.03194444444444444 0.025
0 0.425 0.51875 0.03333333333333333 0.0203125
0 0.8361111111111111 0.969921875 0.022222222222222223 0.02734375
0 0.36041666666666666 0.63046875 0.02638888888888889 0.0140625
0 0.9055555555555556 0.875 0.019444444444444445 0.0171875
0 0.8736111111111111 0.813671875 0.016666666666666666 0.01328125
0 0.7770833333333333 0.778515625 0.034722222222222224 0.02421875
0 0.9770833333333333 0.723046875 0.043055555555555555 0.02890625
0 0.9854166666666667 0.694140625 0.02638888888888889 0.02421875
0 0.9875 0.514453125 0.022222222222222223 0.01328125
0 0.9840277777777777 0.808203125 0.029166666666666667 0.02109375
