0 0.022222222222222223 0.15390625 0.022222222222222223 0.01875
0 0.005555555555555556 0.171875 0.011111111111111112 0.0140625
0 0.022222222222222223 0.180078125 0.022222222222222223 0.01640625
0 0.03888888888888889 0.158984375 0.025 0.02109375
0 0.06875 0.160546875 0.029166666666666667 0.01640625
0 0.07152777777777777 0.176171875 0.02361111111111111 0.01328125
0 0.09097222222222222 0.182421875 0.02638888888888889 0.01328125
0 0.10347222222222222 0.1984375 0.034722222222222224 0.0171875
0 0.07361111111111111 0.21953125 0.030555555555555555 0.0171875
0 0.21944444444444444 0.092578125 0.025 0.01796875
0 0.22013888888888888 0.105859375 0.02638888888888889 0.01328125
0 0.2701388888888889 0.111328125 0.029166666666666667 0.01640625
0 0.24583333333333332 0.15625 0.030555555555555555 0.0140625
0 0.35625 0.13828125 0.029166666666666667 0.021875
0 0.37083333333333335 0.154296875 0.027777777777777776 0.01796875
0 0.29444444444444445 0.169140625 0.022222222222222223 0.01484375
0 0.14305555555555555 0.180078125 0.022222222222222223 0.01484375
0 0.15069444444444444 0.22890625 0.043055555555555555 0.025
0 0.19236111111111112 0.220703125 0.043055555555555555 0.02734375
0 0.26458333333333334 0.229296875 0.02638888888888889 0.02109375
0 0.18888888888888888 0.24609375 0.03888888888888889 0.021875
0 0.35138888888888886 0.120703125 0.027777777777777776 0.01640625
0 0.13055555555555556 0.248046875 0.016666666666666666 0.02734375
0 0.09791666666666667 0.2765625 0.04027777777777778 0.025
0 0.14166666666666666 0.28125 0.03888888888888889 0.028125
0 0.1986111111111111 0.283203125 0.044444444444444446 0.02265625
0 0.23958333333333334 0.29140625 0.034722222222222224 0.0234375
0 0.006944444444444444 0.294140625 0.013888888888888888 0.02421875
0 0.0125 0.3109375 0.025 0.015625
0 0.034027777777777775 0.31484375 0.03194444444444444 0.0171875
0 0.07222222222222222 0.299609375 0.03333333333333333 0.01796875
0 0.11944444444444445 0.328515625 0.03333333333333333 0.01640625
0 0.18819444444444444 0.306640625 0.0375 0.02109375
0 0.20277777777777778 0.3234375 0.044444444444444446 0.01875
0 0.24930555555555556 0.330078125 0.029166666666666667 0.01796875
0 0.2826388888888889 0.348828125 0.0375 0.01953125
0 0.06666666666666667 0.422265625 0.05 0.02265625
0 0.10833333333333334 0.45078125 0.05555555555555555 0.0265625
0 0.06875 0.517578125 0.043055555555555555 0.02109375
0 0.17569444444444443 0.534765625 0.04861111111111111 0.02578125
0 0.25555555555555554 0.53046875 0.044444444444444446 0.021875
0 0.30416666666666664 0.558984375 0.044444444444444446 0.01953125
0 0.20347222222222222 0.616015625 0.03194444444444444 0.01484375
0 0.2611111111111111 0.458203125 0.030555555555555555 0.02109375
0 0.3854166666666667 0.479296875 0.029166666666666667 0.01015625
0 0.3375 0.5890625 0.041666666666666664 0.01875
0 0.32569444444444445 0.6109375 0.015277777777777777 0.01875
0 0.22708333333333333 0.6359375 0.015277777777777777 0.0140625
0 0.32222222222222224 0.65859375 0.016666666666666666 0.0140625
0 0.38125 0.7328125 0.02361111111111111 0.0203125
0 0.43819444444444444 0.718359375 0.02638888888888889 0.01796875
0 0.47708333333333336 0.634765625 0.04027777777777778 0.01953125
0 0.39375 0.747265625 0.034722222222222224 0.01484375
0 0.4173611111111111 0.528125 0.04027777777777778 0.021875
0 0.3861111111111111 0.54765625 0.03888888888888889 0.0171875
0 0.4097222222222222 0.5609375 0.041666666666666664 0.0234375
0 0.5979166666666667 0.595703125 0.02638888888888889 0.01640625
0 0.6395833333333333 0.6125 0.009722222222222222 0.0171875
0 0.6847222222222222 0.620703125 0.030555555555555555 0.01953125
0 0.7527777777777778 0.641015625 0.044444444444444446 0.01171875
0 0.4840277777777778 0.1875 0.02638888888888889 0.0203125
0 0.35208333333333336 0.245703125 0.04861111111111111 0.03046875
0 0.46458333333333335 0.3109375 0.04583333333333333 0.028125
0 0.5326388888888889 0.3 0.04027777777777778 0.025
0 0.5708333333333333 0.272265625 0.03888888888888889 0.01640625
0 0.5347222222222222 0.275390625 0.03611111111111111 0.01953125
0 0.43819444444444444 0.349609375 0.04583333333333333 0.02421875
0 0.4423611111111111 0.36875 0.034722222222222224 0.015625
0 0.5326388888888889 0.373046875 0.04027777777777778 0.02421875
0 0.5576388888888889 0.373046875 0.015277777777777777 0.01796875
0 0.6111111111111112 0.387890625 0.027777777777777776 0.02265625
0 0.6423611111111112 0.2125 0.02638888888888889 0.0171875
0 0.7215277777777778 0.221484375 0.02638888888888889 0.01484375
0 0.8756944444444444 0.271875 0.03194444444444444 0.021875
0 0.8388888888888889 0.288671875 0.041666666666666664 0.02109375
0 0.8013888888888889 0.299609375 0.027777777777777776 0.01640625
0 0.9020833333333333 0.30546875 0.03194444444444444 0.01875
0 0.7625 0.508203125 0.044444444444444446 0.02265625
0 0.7770833333333333 0.52734375 0.04027777777777778 0.01875
0 0.6868055555555556 0.5375 0.034722222222222224 0.021875
0 0.8347222222222223 0.562109375 0.030555555555555555 0.01328125
0 0.7909722222222222 0.56953125 0.03194444444444444 0.0171875
0 0.7652777777777777 0.585546875 0.03333333333333333 0.01484375
0 0.2673611111111111 0.318359375 0.03194444444444444 0.02109375
0 0.24027777777777778 0.1859375 0.027777777777777776 0.0171875
0 0.1673611111111111 0.184765625 0.02361111111111111 0.01796875
0 0.06944444444444445 0.312109375 0.03611111111111111 0.01484375
0 0.28125 0.374609375 0.03194444444444444 0.01328125
0 0.6555555555555556 0.342578125 0.030555555555555555 0.01484375
0 0.8729166666666667 0.300390625 0.029166666666666667 0.01640625
0 0.8833333333333333 0.53203125 0.025 0.0078125
0 0.9416666666666667 0.621875 0.03888888888888889 0.0203125
0 0.18541666666666667 0.48984375 0.020833333333333332 0.0125
0 0.13055555555555556 0.51796875 0.030555555555555555 0.015625
0 0.018055555555555554 0.550390625 0.03611111111111111 0.02109375
0 0.5256944444444445 0.66328125 0.0375 0.0109375
0 0.5583333333333333 0.671484375 0.016666666666666666 0.01171875
0 0.9104166666666667 0.67734375 0.03194444444444444 0.01875
0 0.8923611111111112 0.6796875 0.015277777777777777 0.009375
