0 0.08888888888888889 0.2265625 0.022222222222222223 0.0140625
0 0.04722222222222222 0.339453125 0.04722222222222222 0.02421875
0 0.04097222222222222 0.439453125 0.05416666666666667 0.02890625
0 0.3090277777777778 0.603515625 0.0375 0.02265625
0 0.2833333333333333 0.609375 0.022222222222222223 0.0109375
0 0.2 0.580859375 0.05 0.02109375
0 0.13194444444444445 0.6328125 0.03888888888888889 0.015625
0 0.1701388888888889 0.689453125 0.02361111111111111 0.01640625
0 0.1284722222222222 0.70625 0.043055555555555555 0.0203125
0 0.4125 0.568359375 0.022222222222222223 0.01640625
0 0.03125 0.7296875 0.034722222222222224 0.015625
