0 0.3194444444444444 0.669921875 0.06111111111111111 0.02890625
0 0.28194444444444444 0.640625 0.058333333333333334 0.0328125
0 0.4125 0.602734375 0.044444444444444446 0.02265625
0 0.9833333333333333 0.691796875 0.030555555555555555 0.02421875
0 0.6006944444444444 0.540234375 0.0375 0.01796875
0 0.2923611111111111 0.505078125 0.04027777777777778 0.02578125
0 0.33541666666666664 0.51015625 0.043055555555555555 0.021875
0 0.5715277777777777 0.50078125 0.02638888888888889 0.0203125
0 0.6493055555555556 0.455859375 0.05138888888888889 0.02890625
0 0.6965277777777777 0.45859375 0.04861111111111111 0.028125
0 0.3972222222222222 0.43125 0.027777777777777776 0.0203125
0 0.43125 0.39921875 0.04027777777777778 0.025
0 0.5638888888888889 0.419921875 0.044444444444444446 0.02265625
0 0.7048611111111112 0.351953125 0.06527777777777778 0.02578125
0 0.47638888888888886 0.37265625 0.05 0.028125
0 0.41180555555555554 0.37265625 0.02638888888888889 0.0140625
0 0.5909722222222222 0.34609375 0.04583333333333333 0.021875
0 0.6659722222222222 0.33671875 0.0375 0.0140625
0 0.26180555555555557 0.33671875 0.04027777777777778 0.0203125
0 0.3972222222222222 0.26484375 0.03888888888888889 0.0203125
0 0.4701388888888889 0.2546875 0.0375 0.021875
0 0.5006944444444444 0.241796875 0.05138888888888889 0.02734375
0 0.4798611111111111 0.217578125 0.05416666666666667 0.01328125
0 0.7194444444444444 0.19765625 0.03333333333333333 0.025
0 0.3680555555555556 0.237890625 0.030555555555555555 0.01015625
0 0.4548611111111111 0.187109375 0.05138888888888889 0.03359375
0 0.4486111111111111 0.16015625 0.044444444444444446 0.0203125
0 0.4986111111111111 0.165625 0.044444444444444446 0.025
0 0.6402777777777777 0.14453125 0.030555555555555555 0.021875
0 0.5069444444444444 0.140625 0.04722222222222222 0.0265625
0 0.5423611111111111 0.02734375 0.04583333333333333 0.0296875
0 0.6097222222222223 0.111328125 0.03333333333333333 0.01640625
0 0.5847222222222223 0.318359375 0.019444444444444445 0.01015625
0 0.6159722222222223 0.35625 0.018055555555555554 0.0140625
0 0.8006944444444445 0.54921875 0.029166666666666667 0.0109375
0 0.6652777777777777 0.589453125 0.019444444444444445 0.01171875
0 0.5034722222222222 0.18515625 0.059722222222222225 0.0328125
0 0.6583333333333333 0.398828125 0.025 0.01328125
0 0.6930555555555555 0.396484375 0.044444444444444446 0.02265625
0 0.8548611111111111 0.736328125 0.029166666666666667 0.01640625
