0 0.3645833333333333 0.576953125 0.04583333333333333 0.02734375
0 0.36666666666666664 0.602734375 0.044444444444444446 0.02421875
0 0.32083333333333336 0.603125 0.044444444444444446 0.0203125
0 0.9604166666666667 0.05234375 0.05138888888888889 0.034375
0 0.9381944444444444 0.159765625 0.05694444444444444 0.03203125
0 0.9083333333333333 0.183203125 0.05277777777777778 0.02890625
0 0.85625 0.180078125 0.04861111111111111 0.02265625
0 0.8659722222222223 0.20625 0.05138888888888889 0.0328125
0 0.9395833333333333 0.203515625 0.043055555555555555 0.02734375
0 0.9034722222222222 0.20703125 0.029166666666666667 0.01875
0 0.9222222222222223 0.258203125 0.05555555555555555 0.03203125
0 0.8805555555555555 0.2703125 0.05 0.0265625
0 0.8354166666666667 0.25390625 0.04583333333333333 0.025
0 0.8902777777777777 0.2375 0.04722222222222222 0.025
0 0.8090277777777778 0.280859375 0.04583333333333333 0.02265625
0 0.8041666666666667 0.657421875 0.05 0.03359375
0 0.8444444444444444 0.685546875 0.06388888888888888 0.03359375
0 0.8284722222222223 0.6625 0.04027777777777778 0.0265625
0 0.9263888888888889 0.387109375 0.058333333333333334 0.02890625
0 0.8618055555555556 0.4140625 0.05138888888888889 0.021875
0 0.8444444444444444 0.3890625 0.03333333333333333 0.015625
0 0.7972222222222223 0.525390625 0.044444444444444446 0.02578125
0 0.7493055555555556 0.521484375 0.04027777777777778 0.03046875
0 0.6868055555555556 0.353125 0.04027777777777778 0.021875
0 0.8243055555555555 0.45 0.04027777777777778 0.0265625
0 0.8854166666666666 0.005859375 0.04861111111111111 0.01015625
0 0.7659722222222223 0.324609375 0.034722222222222224 0.01953125
0 0.6513888888888889 0.69375 0.04722222222222222 0.0203125
0 0.6784722222222223 0.688671875 0.02638888888888889 0.01953125
0 0.9875 0.434765625 0.022222222222222223 0.03515625
