0 0.8826388888888889 0.819921875 0.09305555555555556 0.04453125
0 0.5131944444444444 0.66328125 0.059722222222222225 0.0359375
0 0.5555555555555556 0.623046875 0.06666666666666667 0.02734375
0 0.56875 0.647265625 0.05694444444444444 0.02890625
0 0.4861111111111111 0.580859375 0.05555555555555555 0.03203125
0 0.6743055555555556 0.603125 0.0763888888888889 0.040625
0 0.7652777777777777 0.566015625 0.06388888888888888 0.03046875
0 0.5666666666666667 0.7 0.03611111111111111 0.0265625
0 0.15694444444444444 0.484765625 0.05277777777777778 0.03359375
0 0.12986111111111112 0.460546875 0.04583333333333333 0.01171875
0 0.31875 0.531640625 0.04861111111111111 0.02265625
0 0.7013888888888888 0.54921875 0.06666666666666667 0.0296875
0 0.8097222222222222 0.500390625 0.06111111111111111 0.01484375
0 0.09166666666666666 0.503125 0.027777777777777776 0.025
0 0.5604166666666667 0.38984375 0.04027777777777778 0.0171875
0 0.7340277777777777 0.45703125 0.034722222222222224 0.0328125
0 0.825 0.276171875 0.058333333333333334 0.02890625
0 0.8965277777777778 0.29453125 0.05694444444444444 0.0296875
0 0.3638888888888889 0.280859375 0.05555555555555555 0.03203125
0 0.4527777777777778 0.30859375 0.03333333333333333 0.0140625
0 0.5118055555555555 0.308984375 0.02638888888888889 0.02421875
0 0.5458333333333333 0.025390625 0.041666666666666664 0.02578125
0 0.6145833333333334 0.046875 0.05416666666666667 0.034375
0 0.5652777777777778 0.055859375 0.06111111111111111 0.03203125
0 0.525 0.080078125 0.058333333333333334 0.03046875
0 0.5527777777777778 0.1359375 0.06111111111111111 0.0375
0 0.6208333333333333 0.133984375 0.04722222222222222 0.01796875
0 0.6486111111111111 0.185546875 0.08055555555555556 0.03359375
0 0.61875 0.20625 0.02361111111111111 0.0296875
0 0.5895833333333333 0.180859375 0.05694444444444444 0.02734375
0 0.5631944444444444 0.008203125 0.05138888888888889 0.01484375
0 0.49930555555555556 0.148828125 0.05138888888888889 0.02890625
0 0.4673611111111111 0.154296875 0.0375 0.02265625
0 0.5354166666666667 0.192578125 0.059722222222222225 0.03671875
0 0.5618055555555556 0.20546875 0.05138888888888889 0.028125
0 0.03125 0.5171875 0.029166666666666667 0.0203125
0 0.14444444444444443 0.59296875 0.05555555555555555 0.0171875
0 0.013888888888888888 0.559765625 0.025 0.02265625
0 0.30972222222222223 0.5875 0.044444444444444446 0.0265625
0 0.3888888888888889 0.580078125 0.03888888888888889 0.02421875
0 0.6409722222222223 0.439453125 0.034722222222222224 0.01953125
0 0.08888888888888889 0.60625 0.022222222222222223 0.0234375
0 0.059027777777777776 0.70234375 0.0375 0.01875
0 0.14027777777777778 0.76484375 0.041666666666666664 0.0203125
0 0.38125 0.70703125 0.04583333333333333 0.01875
0 0.5472222222222223 0.72578125 0.030555555555555555 0.0109375
0 0.48333333333333334 0.65546875 0.03333333333333333 0.0203125
