0 0.1763888888888889 0.325 0.030555555555555555 0.0140625
0 0.14097222222222222 0.347265625 0.02361111111111111 0.01328125
0 0.19722222222222222 0.3453125 0.025 0.015625
0 0.2513888888888889 0.34609375 0.027777777777777776 0.0171875
0 0.20902777777777778 0.36171875 0.02361111111111111 0.0140625
0 0.2465277777777778 0.3671875 0.029166666666666667 0.01875
0 0.030555555555555555 0.525390625 0.027777777777777776 0.01328125
0 0.06111111111111111 0.481640625 0.03333333333333333 0.01953125
0 0.1388888888888889 0.24921875 0.030555555555555555 0.0171875
0 0.5020833333333333 0.39375 0.02361111111111111 0.0140625
0 0.47430555555555554 0.39296875 0.020833333333333332 0.0109375
0 0.3819444444444444 0.426953125 0.025 0.01484375
0 0.13333333333333333 0.39609375 0.019444444444444445 0.009375
0 0.11527777777777778 0.284375 0.019444444444444445 0.015625
0 0.043055555555555555 0.2375 0.03333333333333333 0.0203125
0 0.4618055555555556 0.425 0.0125 0.0078125
0 0.23055555555555557 0.31171875 0.025 0.021875
0 0.025694444444444443 0.513671875 0.034722222222222224 0.01328125
0 0.04236111111111111 0.528515625 0.02638888888888889 0.01796875
0 0.3763888888888889 0.451171875 0.016666666666666666 0.01328125
0 0.2263888888888889 0.458203125 0.025 0.00703125
0 0.3402777777777778 0.36796875 0.022222222222222223 0.0109375
0 0.06944444444444445 0.494140625 0.030555555555555555 0.01484375
0 0.3298611111111111 0.471875 0.029166666666666667 0.0171875
