0 0.34791666666666665 0.246484375 0.05138888888888889 0.02421875
0 0.4027777777777778 0.28125 0.05277777777777778 0.0234375
0 0.3423611111111111 0.277734375 0.04861111111111111 0.02734375
0 0.2361111111111111 0.3375 0.05555555555555555 0.0296875
0 0.25 0.412890625 0.013888888888888888 0.01484375
0 0.23819444444444443 0.453515625 0.04861111111111111 0.02421875
0 0.49444444444444446 0.5484375 0.058333333333333334 0.0328125
0 0.44722222222222224 0.62109375 0.06111111111111111 0.0328125
0 0.3375 0.634375 0.05555555555555555 0.0265625
0 0.5 0.67890625 0.044444444444444446 0.0296875
0 0.2388888888888889 0.715234375 0.06111111111111111 0.03671875
0 0.4201388888888889 0.733203125 0.05416666666666667 0.03203125
0 0.48125 0.7265625 0.015277777777777777 0.0109375
0 0.36875 0.74765625 0.043055555555555555 0.0234375
0 0.2791666666666667 0.780859375 0.030555555555555555 0.02265625
0 0.3958333333333333 0.77734375 0.044444444444444446 0.0203125
0 0.42569444444444443 0.795703125 0.020833333333333332 0.02109375
0 0.46319444444444446 0.741796875 0.034722222222222224 0.01796875
0 0.5597222222222222 0.63125 0.044444444444444446 0.025
0 0.5097222222222222 0.83515625 0.04722222222222222 0.0125
0 0.5701388888888889 0.94296875 0.043055555555555555 0.028125
0 0.4340277777777778 0.9296875 0.05138888888888889 0.028125
0 0.9548611111111112 0.9109375 0.043055555555555555 0.0203125
0 0.30694444444444446 0.262890625 0.016666666666666666 0.01328125
0 0.27708333333333335 0.45390625 0.029166666666666667 0.009375
0 0.4861111111111111 0.40234375 0.05 0.0234375
0 0.5333333333333333 0.442578125 0.019444444444444445 0.01328125
0 0.3638888888888889 0.550390625 0.027777777777777776 0.02421875
0 0.3715277777777778 0.589453125 0.034722222222222224 0.02265625
0 0.6305555555555555 0.554296875 0.04722222222222222 0.02109375
0 0.6895833333333333 0.5640625 0.034722222222222224 0.0171875
0 0.5659722222222222 0.5703125 0.02361111111111111 0.0234375
0 0.37222222222222223 0.659765625 0.04722222222222222 0.01796875
0 0.08194444444444444 0.7546875 0.058333333333333334 0.0375
0 0.43125 0.825 0.009722222222222222 0.00625
0 0.46111111111111114 0.823046875 0.011111111111111112 0.01328125
0 0.5861111111111111 0.854296875 0.03888888888888889 0.02109375
0 0.46875 0.78046875 0.0125 0.0125
0 0.5111111111111111 0.64375 0.041666666666666664 0.021875
0 0.5583333333333333 0.678125 0.03333333333333333 0.01875
0 0.6326388888888889 0.683203125 0.04583333333333333 0.03046875
0 0.38055555555555554 0.709375 0.016666666666666666 0.0125
0 0.38819444444444445 0.684375 0.029166666666666667 0.021875
0 0.47430555555555554 0.6671875 0.02361111111111111 0.0203125
0 0.6118055555555556 0.573828125 0.02361111111111111 0.01015625
0 0.03958333333333333 0.861328125 0.059722222222222225 0.03359375
0 0.47638888888888886 0.948828125 0.05 0.03671875
0 0.6180555555555556 0.951953125 0.027777777777777776 0.03203125
0 0.6055555555555555 0.990234375 0.022222222222222223 0.01796875
0 0.7520833333333333 0.983984375 0.04027777777777778 0.01953125
0 0.8375 0.910546875 0.07777777777777778 0.03515625
0 0.8631944444444445 0.9546875 0.043055555555555555 0.03125
