0 0.34097222222222223 0.713671875 0.05694444444444444 0.03359375
0 0.25555555555555554 0.659765625 0.05277777777777778 0.03046875
0 0.22013888888888888 0.69140625 0.05138888888888889 0.0296875
0 0.25972222222222224 0.681640625 0.03611111111111111 0.01640625
0 0.17916666666666667 0.7328125 0.044444444444444446 0.028125
0 0.13680555555555557 0.753125 0.059722222222222225 0.028125
0 0.4791666666666667 0.6296875 0.06111111111111111 0.034375
0 0.19236111111111112 0.5859375 0.05694444444444444 0.025
0 0.19166666666666668 0.606640625 0.05 0.01953125
0 0.3645833333333333 0.23984375 0.043055555555555555 0.025
0 0.3347222222222222 0.190234375 0.027777777777777776 0.01171875
0 0.3236111111111111 0.312109375 0.04722222222222222 0.03046875
0 0.2923611111111111 0.3140625 0.029166666666666667 0.021875
0 0.37222222222222223 0.353515625 0.05 0.02578125
0 0.2833333333333333 0.35390625 0.044444444444444446 0.028125
0 0.4215277777777778 0.362890625 0.034722222222222224 0.01796875
0 0.5340277777777778 0.452734375 0.04861111111111111 0.02890625
0 0.5756944444444444 0.5171875 0.059722222222222225 0.0328125
0 0.5201388888888889 0.505859375 0.043055555555555555 0.01953125
0 0.6493055555555556 0.55625 0.04583333333333333 0.0234375
0 0.7215277777777778 0.57890625 0.04861111111111111 0.028125
0 0.5826388888888889 0.6078125 0.0375 0.0203125
0 0.34097222222222223 0.480078125 0.04583333333333333 0.02734375
0 0.4201388888888889 0.50703125 0.04583333333333333 0.0203125
0 0.28888888888888886 0.558984375 0.022222222222222223 0.02265625
0 0.7215277777777778 0.815234375 0.04583333333333333 0.02734375
0 0.6708333333333333 0.810546875 0.044444444444444446 0.02734375
0 0.33125 0.800390625 0.04583333333333333 0.02421875
0 0.11041666666666666 0.894921875 0.07361111111111111 0.04140625
0 0.23541666666666666 0.815625 0.05138888888888889 0.0265625
0 0.5076388888888889 0.9140625 0.05416666666666667 0.034375
0 0.5194444444444445 0.88125 0.05555555555555555 0.034375
0 0.5055555555555555 0.521875 0.03888888888888889 0.021875
0 0.6111111111111112 0.537890625 0.05 0.01484375
0 0.42291666666666666 0.453125 0.034722222222222224 0.01875
0 0.6652777777777777 0.5859375 0.03611111111111111 0.0234375
0 0.6513888888888889 0.6125 0.025 0.0140625
0 0.7930555555555555 0.80859375 0.030555555555555555 0.0234375
0 0.6701388888888888 0.76875 0.06805555555555555 0.025
0 0.5319444444444444 0.776953125 0.06111111111111111 0.02890625
0 0.7395833333333334 0.838671875 0.05138888888888889 0.02578125
0 0.40069444444444446 0.27265625 0.029166666666666667 0.0234375
0 0.9729166666666667 0.7296875 0.034722222222222224 0.0171875
0 0.9666666666666667 0.97265625 0.05 0.025
