0 0.004861111111111111 0.183203125 0.006944444444444444 0.01015625
0 0.022916666666666665 0.186328125 0.03194444444444444 0.01640625
0 0.05277777777777778 0.19296875 0.022222222222222223 0.0140625
0 0.06597222222222222 0.175 0.029166666666666667 0.015625
0 0.12916666666666668 0.21171875 0.030555555555555555 0.015625
0 0.10208333333333333 0.228125 0.02361111111111111 0.0140625
0 0.1375 0.234765625 0.04722222222222222 0.02578125
0 0.17569444444444443 0.2265625 0.043055555555555555 0.025
0 0.16944444444444445 0.249609375 0.025 0.01796875
0 0.24444444444444444 0.233984375 0.030555555555555555 0.01796875
0 0.19375 0.160546875 0.02361111111111111 0.01171875
0 0.22708333333333333 0.100390625 0.02638888888888889 0.01640625
0 0.22916666666666666 0.115234375 0.027777777777777776 0.01328125
0 0.2743055555555556 0.117578125 0.02361111111111111 0.01328125
0 0.28125 0.12890625 0.018055555555555554 0.009375
0 0.2611111111111111 0.1625 0.027777777777777776 0.0140625
0 0.2951388888888889 0.17265625 0.02638888888888889 0.0140625
0 0.48541666666666666 0.17734375 0.02638888888888889 0.0171875
0 0.6375 0.198828125 0.027777777777777776 0.01953125
0 0.7208333333333333 0.2015625 0.025 0.0109375
0 0.5395833333333333 0.2609375 0.0375 0.015625
0 0.5055555555555555 0.26640625 0.03888888888888889 0.0203125
0 0.5041666666666667 0.290234375 0.044444444444444446 0.02265625
0 0.3638888888888889 0.205859375 0.022222222222222223 0.01484375
0 0.3298611111111111 0.244140625 0.04583333333333333 0.02890625
0 0.44027777777777777 0.303515625 0.041666666666666664 0.02578125
0 0.2659722222222222 0.31484375 0.029166666666666667 0.0203125
0 0.2826388888888889 0.34296875 0.034722222222222224 0.01875
0 0.24375 0.326953125 0.034722222222222224 0.02109375
0 0.22361111111111112 0.290625 0.041666666666666664 0.021875
0 0.17847222222222223 0.30625 0.02361111111111111 0.0203125
0 0.18958333333333333 0.284765625 0.0375 0.02109375
0 0.1361111111111111 0.285546875 0.04722222222222222 0.02578125
0 0.11875 0.25546875 0.029166666666666667 0.0296875
0 0.09375 0.282421875 0.04027777777777778 0.02265625
0 0.09861111111111111 0.305078125 0.03333333333333333 0.01953125
0 0.06527777777777778 0.319921875 0.030555555555555555 0.01796875
0 0.04236111111111111 0.31640625 0.018055555555555554 0.015625
0 0.029166666666666667 0.308984375 0.041666666666666664 0.01640625
0 0.011111111111111112 0.31484375 0.022222222222222223 0.0171875
0 0.14583333333333334 0.328515625 0.027777777777777776 0.01484375
0 0.24722222222222223 0.36328125 0.03333333333333333 0.015625
0 0.059722222222222225 0.417578125 0.044444444444444446 0.02109375
0 0.1 0.44375 0.04722222222222222 0.025
0 0.09027777777777778 0.465625 0.03333333333333333 0.015625
0 0.08333333333333333 0.50625 0.03888888888888889 0.0203125
0 0.2604166666666667 0.446484375 0.0375 0.01953125
0 0.18055555555555555 0.52109375 0.044444444444444446 0.025
0 0.2361111111111111 0.597265625 0.030555555555555555 0.01796875
0 0.26180555555555557 0.516796875 0.04583333333333333 0.01953125
0 0.3277777777777778 0.500390625 0.027777777777777776 0.01328125
0 0.42291666666666666 0.46484375 0.029166666666666667 0.0171875
0 0.41597222222222224 0.5078125 0.0375 0.021875
0 0.38680555555555557 0.528515625 0.034722222222222224 0.01796875
0 0.4111111111111111 0.540234375 0.03888888888888889 0.02265625
0 0.35833333333333334 0.57109375 0.03888888888888889 0.0203125
0 0.35694444444444445 0.593359375 0.019444444444444445 0.01640625
0 0.3770833333333333 0.637109375 0.015277777777777777 0.01484375
0 0.42569444444444443 0.706640625 0.02638888888888889 0.01796875
0 0.4423611111111111 0.720703125 0.02638888888888889 0.01328125
0 0.4215277777777778 0.692578125 0.02638888888888889 0.01328125
0 0.48194444444444445 0.691015625 0.027777777777777776 0.01484375
0 0.5347222222222222 0.615234375 0.016666666666666666 0.01484375
0 0.48819444444444443 0.60859375 0.04027777777777778 0.0203125
0 0.3 0.366796875 0.027777777777777776 0.01171875
0 0.6006944444444444 0.643359375 0.02361111111111111 0.00859375
0 0.5958333333333333 0.569140625 0.03333333333333333 0.01640625
0 0.6541666666666667 0.58671875 0.011111111111111112 0.0125
0 0.7027777777777777 0.59296875 0.03333333333333333 0.0171875
0 0.76875 0.61015625 0.03194444444444444 0.0125
0 0.8638888888888889 0.24765625 0.027777777777777776 0.0171875
0 0.7888888888888889 0.2765625 0.027777777777777776 0.0140625
0 0.8229166666666666 0.266015625 0.04027777777777778 0.01953125
0 0.8618055555555556 0.27734375 0.02361111111111111 0.0171875
0 0.8923611111111112 0.279296875 0.03194444444444444 0.01484375
0 0.6763888888888889 0.328125 0.025 0.0140625
0 0.4173611111111111 0.33984375 0.043055555555555555 0.021875
0 0.4354166666666667 0.35546875 0.034722222222222224 0.0171875
0 0.5145833333333333 0.356640625 0.0375 0.02109375
0 0.5486111111111112 0.35703125 0.019444444444444445 0.0171875
0 0.6097222222222223 0.370703125 0.027777777777777776 0.01953125
0 0.7506944444444444 0.4828125 0.04027777777777778 0.0265625
0 0.6819444444444445 0.51015625 0.03611111111111111 0.0171875
0 0.76875 0.500390625 0.043055555555555555 0.01953125
0 0.9361111111111111 0.502734375 0.016666666666666666 0.00859375
0 0.8361111111111111 0.527734375 0.030555555555555555 0.01328125
0 0.8659722222222223 0.5328125 0.029166666666666667 0.0140625
0 0.7888888888888889 0.540234375 0.027777777777777776 0.01328125
0 0.75625 0.557421875 0.03194444444444444 0.01953125
0 0.6166666666666667 0.53359375 0.019444444444444445 0.0125
0 0.9840277777777777 0.24140625 0.02638888888888889 0.015625
0 0.3451388888888889 0.11875 0.015277777777777777 0.009375
0 0.35347222222222224 0.1375 0.029166666666666667 0.021875
0 0.3715277777777778 0.151953125 0.034722222222222224 0.01328125
0 0.4361111111111111 0.20703125 0.027777777777777776 0.0125
0 0.8569444444444444 0.348046875 0.016666666666666666 0.01171875
0 0.9888888888888889 0.43203125 0.019444444444444445 0.015625
0 0.1875 0.480078125 0.027777777777777776 0.01328125
0 0.3055555555555556 0.541796875 0.041666666666666664 0.02109375
0 0.2763888888888889 0.6171875 0.011111111111111112 0.015625
0 0.4986111111111111 0.699609375 0.013888888888888888 0.01640625
0 0.94375 0.64765625 0.034722222222222224 0.0140625
0 0.9819444444444444 0.591015625 0.03333333333333333 0.01953125
0 0.6326388888888889 0.54453125 0.029166666666666667 0.0078125
0 0.9930555555555556 0.2265625 0.011111111111111112 0.015625
