0 0.1701388888888889 0.317578125 0.05416666666666667 0.03046875
0 0.1326388888888889 0.303125 0.05138888888888889 0.0296875
0 0.017361111111111112 0.303515625 0.034722222222222224 0.03046875
0 0.007638888888888889 0.461328125 0.015277777777777777 0.02890625
0 0.1361111111111111 0.598828125 0.05277777777777778 0.03203125
0 0.17430555555555555 0.594921875 0.020833333333333332 0.02421875
0 0.1673611111111111 0.635546875 0.0625 0.03515625
0 0.12638888888888888 0.6296875 0.05 0.0234375
0 0.04027777777777778 0.630859375 0.05277777777777778 0.02421875
0 0.00625 0.7390625 0.0125 0.015625
0 0.035416666666666666 0.739453125 0.0375 0.02265625
0 0.6423611111111112 0.715234375 0.05416666666666667 0.02734375
0 0.5083333333333333 0.7375 0.05 0.01875
0 0.5694444444444444 0.5515625 0.044444444444444446 0.025
0 0.5131944444444444 0.575 0.0375 0.021875
0 0.6583333333333333 0.541015625 0.05555555555555555 0.02421875
0 0.6034722222222222 0.522265625 0.03194444444444444 0.02109375
0 0.5972222222222222 0.500390625 0.03611111111111111 0.01328125
0 0.6326388888888889 0.50234375 0.03194444444444444 0.01875
0 0.7236111111111111 0.684765625 0.05555555555555555 0.03203125
0 0.6458333333333334 0.619140625 0.041666666666666664 0.02265625
0 0.65625 0.580078125 0.043055555555555555 0.02265625
0 0.6777777777777778 0.608203125 0.04722222222222222 0.02734375
0 0.5305555555555556 0.567578125 0.03888888888888889 0.01796875
0 0.5756944444444444 0.698046875 0.043055555555555555 0.01171875
0 0.058333333333333334 0.785546875 0.03333333333333333 0.02890625
0 0.10902777777777778 0.783203125 0.059722222222222225 0.03203125
0 0.10833333333333334 0.81953125 0.05 0.0328125
0 0.27569444444444446 0.783984375 0.04583333333333333 0.02734375
0 0.3368055555555556 0.7984375 0.05416666666666667 0.028125
0 0.07916666666666666 0.970703125 0.06111111111111111 0.03046875
0 0.69375 0.737109375 0.05138888888888889 0.02734375
0 0.7875 0.74609375 0.04722222222222222 0.03125
0 0.8388888888888889 0.725 0.05555555555555555 0.01875
0 0.8131944444444444 0.773046875 0.05416666666666667 0.02734375
0 0.5548611111111111 0.62890625 0.04583333333333333 0.0125
0 0.1 0.637109375 0.027777777777777776 0.02734375
0 0.12916666666666668 0.831640625 0.03333333333333333 0.02578125
0 0.5826388888888889 0.7578125 0.04583333333333333 0.021875
0 0.5145833333333333 0.816015625 0.04027777777777778 0.02578125
0 0.5618055555555556 0.81875 0.0375 0.0265625
0 0.6020833333333333 0.575 0.0375 0.0203125
0 0.6104166666666667 0.547265625 0.0125 0.01796875
