0 0.40069444444444446 0.11015625 0.059722222222222225 0.0375
0 0.33194444444444443 0.15859375 0.05 0.03125
0 0.3076388888888889 0.153125 0.02361111111111111 0.025
0 0.22430555555555556 0.18046875 0.04861111111111111 0.0328125
0 0.26180555555555557 0.178515625 0.0375 0.02578125
0 0.31527777777777777 0.201953125 0.05555555555555555 0.03515625
0 0.19583333333333333 0.204296875 0.03888888888888889 0.02734375
0 0.21180555555555555 0.22890625 0.034722222222222224 0.015625
0 0.4534722222222222 0.212109375 0.04583333333333333 0.01640625
0 0.4305555555555556 0.278125 0.05 0.028125
0 0.26319444444444445 0.262890625 0.043055555555555555 0.02265625
0 0.20277777777777778 0.27890625 0.030555555555555555 0.0203125
0 0.25555555555555554 0.281640625 0.03611111111111111 0.01640625
0 0.23333333333333334 0.30859375 0.05277777777777778 0.0265625
0 0.20555555555555555 0.3015625 0.030555555555555555 0.0171875
0 0.008333333333333333 0.3421875 0.013888888888888888 0.028125
0 0.24513888888888888 0.335546875 0.05416666666666667 0.02890625
0 0.4722222222222222 0.33984375 0.05277777777777778 0.025
0 0.5180555555555556 0.34296875 0.03888888888888889 0.021875
0 0.9791666666666666 0.412109375 0.03888888888888889 0.03203125
0 0.4409722222222222 0.421484375 0.05138888888888889 0.02421875
0 0.23125 0.409765625 0.04861111111111111 0.02734375
0 0.14652777777777778 0.440625 0.0375 0.0140625
0 0.19305555555555556 0.439453125 0.05 0.02109375
0 0.24722222222222223 0.44296875 0.04722222222222222 0.0265625
0 0.022222222222222223 0.468359375 0.03888888888888889 0.03359375
0 0.3625 0.44765625 0.03888888888888889 0.03125
0 0.42083333333333334 0.448046875 0.05 0.02421875
0 0.3590277777777778 0.50390625 0.03194444444444444 0.0203125
0 0.3486111111111111 0.609375 0.030555555555555555 0.015625
0 0.059722222222222225 0.655859375 0.03611111111111111 0.02734375
0 0.5729166666666666 0.63359375 0.043055555555555555 0.0265625
0 0.90625 0.63671875 0.05138888888888889 0.03125
0 0.9486111111111111 0.5421875 0.03333333333333333 0.0109375
0 0.36666666666666664 0.212109375 0.03888888888888889 0.02265625
0 0.44375 0.1875 0.04861111111111111 0.028125
0 0.29791666666666666 0.359375 0.029166666666666667 0.0203125
0 0.29930555555555555 0.3296875 0.04583333333333333 0.0171875
0 0.5430555555555555 0.52890625 0.044444444444444446 0.03125
0 0.5506944444444445 0.657421875 0.043055555555555555 0.02265625
0 0.7208333333333333 0.624609375 0.03333333333333333 0.01328125
0 0.9777777777777777 0.62265625 0.03888888888888889 0.0234375
