0 0.46805555555555556 0.203125 0.05277777777777778 0.028125
0 0.54375 0.18984375 0.020833333333333332 0.0203125
0 0.6222222222222222 0.2 0.05277777777777778 0.03125
0 0.6541666666666667 0.209375 0.05 0.0296875
0 0.4625 0.260546875 0.058333333333333334 0.02578125
0 0.5708333333333333 0.308203125 0.05 0.03515625
0 0.4548611111111111 0.31640625 0.034722222222222224 0.0140625
0 0.5236111111111111 0.344140625 0.03333333333333333 0.01640625
0 0.6402777777777777 0.3953125 0.03333333333333333 0.0171875
0 0.42916666666666664 0.400390625 0.044444444444444446 0.01640625
0 0.3923611111111111 0.425390625 0.05138888888888889 0.02578125
0 0.5805555555555556 0.43984375 0.03888888888888889 0.0234375
0 0.5979166666666667 0.49375 0.04583333333333333 0.0265625
0 0.3576388888888889 0.582421875 0.05138888888888889 0.02109375
0 0.5930555555555556 0.544921875 0.030555555555555555 0.01328125
0 0.7256944444444444 0.434375 0.02361111111111111 0.0171875
0 0.7270833333333333 0.500390625 0.034722222222222224 0.02109375
0 0.75 0.548046875 0.025 0.02265625
0 0.6423611111111112 0.672265625 0.029166666666666667 0.04609375
0 0.58125 0.708984375 0.04027777777777778 0.01796875
0 0.6104166666666667 0.752734375 0.034722222222222224 0.01484375
0 0.3298611111111111 0.68515625 0.029166666666666667 0.0140625
0 0.3819444444444444 0.713671875 0.027777777777777776 0.01484375
0 0.06736111111111111 0.308203125 0.043055555555555555 0.02578125
0 0.10625 0.3203125 0.043055555555555555 0.021875
0 0.7006944444444444 0.40859375 0.04861111111111111 0.01875
0 0.5256944444444445 0.37265625 0.03194444444444444 0.0171875
0 0.17708333333333334 0.48984375 0.03194444444444444 0.0140625
0 0.7798611111111111 0.4953125 0.0375 0.0296875
0 0.8173611111111111 0.547265625 0.02638888888888889 0.01953125
0 0.4409722222222222 0.683984375 0.0375 0.01640625
0 0.1284722222222222 0.775 0.043055555555555555 0.03125
0 0.4791666666666667 0.715625 0.03888888888888889 0.0265625
0 0.08958333333333333 0.729296875 0.05416666666666667 0.02578125
0 0.5708333333333333 0.608984375 0.025 0.01796875
