0 0.7222222222222222 0.611328125 0.03888888888888889 0.02734375
0 0.6423611111111112 0.280078125 0.043055555555555555 0.02734375
0 0.7118055555555556 0.271875 0.04027777777777778 0.0203125
0 0.6048611111111111 0.159765625 0.03194444444444444 0.02265625
0 0.6638888888888889 0.30078125 0.041666666666666664 0.0234375
0 0.6243055555555556 0.2984375 0.0375 0.0234375
0 0.7083333333333334 0.353125 0.030555555555555555 0.01875
0 0.68125 0.35703125 0.02361111111111111 0.01875
0 0.7916666666666666 0.33828125 0.03611111111111111 0.0234375
0 0.9201388888888888 0.331640625 0.04583333333333333 0.02109375
0 0.9222222222222223 0.355078125 0.03611111111111111 0.01796875
0 0.8694444444444445 0.37890625 0.03888888888888889 0.01875
0 0.6090277777777777 0.380078125 0.020833333333333332 0.01640625
0 0.22013888888888888 0.33671875 0.03194444444444444 0.0171875
0 0.07222222222222222 0.317578125 0.027777777777777776 0.01328125
0 0.04722222222222222 0.36015625 0.025 0.015625
0 0.2972222222222222 0.41015625 0.03888888888888889 0.0171875
0 0.7395833333333334 0.19453125 0.02361111111111111 0.015625
0 0.6513888888888889 0.1625 0.03611111111111111 0.0171875
0 0.4888888888888889 0.342578125 0.025 0.01953125
0 0.7902777777777777 0.527734375 0.04722222222222222 0.02265625
0 0.6902777777777778 0.58984375 0.027777777777777776 0.021875
0 0.6784722222222223 0.5375 0.034722222222222224 0.0203125
0 0.8180555555555555 0.35546875 0.03333333333333333 0.01875
0 0.3194444444444444 0.3578125 0.041666666666666664 0.015625
0 0.8736111111111111 0.431640625 0.044444444444444446 0.01796875
0 0.41805555555555557 0.396484375 0.03611111111111111 0.01796875
0 0.13194444444444445 0.35546875 0.019444444444444445 0.0140625
0 0.12916666666666668 0.33671875 0.030555555555555555 0.0140625
0 0.05347222222222222 0.375390625 0.009722222222222222 0.01328125
0 0.16666666666666666 0.413671875 0.027777777777777776 0.01484375
0 0.28680555555555554 0.37890625 0.0375 0.0125
0 0.3333333333333333 0.4015625 0.030555555555555555 0.0109375
0 0.38055555555555554 0.38203125 0.022222222222222223 0.009375
0 0.8486111111111111 0.30703125 0.03611111111111111 0.015625
0 0.7972222222222223 0.374609375 0.030555555555555555 0.01640625
0 0.8701388888888889 0.3578125 0.04027777777777778 0.0125
0 0.9763888888888889 0.362890625 0.030555555555555555 0.01953125
0 0.9951388888888889 0.3640625 0.006944444444444444 0.025
0 0.9826388888888888 0.315234375 0.03194444444444444 0.01953125
0 0.9215277777777777 0.3734375 0.02638888888888889 0.0171875
0 0.9770833333333333 0.39140625 0.043055555555555555 0.025
0 0.5861111111111111 0.443359375 0.025 0.01015625
0 0.6847222222222222 0.54765625 0.03611111111111111 0.01875
0 0.4736111111111111 0.559765625 0.030555555555555555 0.02734375
0 0.42291666666666666 0.55546875 0.02638888888888889 0.0265625
0 0.36875 0.46875 0.02638888888888889 0.0140625
