0 0.22777777777777777 0.0171875 0.05277777777777778 0.0265625
0 0.31319444444444444 0.0421875 0.059722222222222225 0.0421875
0 0.225 0.115625 0.05277777777777778 0.0359375
0 0.10138888888888889 0.1203125 0.05277777777777778 0.034375
0 0.11319444444444444 0.151171875 0.034722222222222224 0.01640625
0 0.07152777777777777 0.176171875 0.020833333333333332 0.01953125
0 0.16805555555555557 0.16015625 0.022222222222222223 0.0125
0 0.2125 0.172265625 0.03333333333333333 0.01171875
0 0.12361111111111112 0.191796875 0.019444444444444445 0.01171875
0 0.07708333333333334 0.20703125 0.05416666666666667 0.0328125
0 0.2625 0.247265625 0.030555555555555555 0.02734375
0 0.06041666666666667 0.238671875 0.04861111111111111 0.03046875
0 0.09027777777777778 0.287109375 0.041666666666666664 0.02109375
0 0.11666666666666667 0.304296875 0.03333333333333333 0.01953125
0 0.04236111111111111 0.33515625 0.029166666666666667 0.0171875
0 0.10347222222222222 0.403125 0.02361111111111111 0.0109375
0 0.05555555555555555 0.455078125 0.03611111111111111 0.02421875
0 0.13333333333333333 0.440625 0.04722222222222222 0.0265625
0 0.2708333333333333 0.419140625 0.05277777777777778 0.03203125
0 0.25972222222222224 0.364453125 0.05 0.03203125
0 0.28680555555555554 0.33828125 0.029166666666666667 0.0109375
0 0.3451388888888889 0.4265625 0.04861111111111111 0.028125
0 0.28125 0.438671875 0.059722222222222225 0.01953125
0 0.3229166666666667 0.476171875 0.0625 0.02890625
0 0.24444444444444444 0.4703125 0.041666666666666664 0.0203125
0 0.0798611111111111 0.493359375 0.034722222222222224 0.02109375
0 0.9298611111111111 0.478125 0.034722222222222224 0.0171875
0 0.99375 0.553515625 0.009722222222222222 0.01953125
0 0.9354166666666667 0.614453125 0.02638888888888889 0.01484375
0 0.3347222222222222 0.561328125 0.04722222222222222 0.03046875
0 0.37777777777777777 0.560546875 0.041666666666666664 0.02890625
0 0.025 0.525390625 0.027777777777777776 0.03203125
0 0.11944444444444445 0.548828125 0.05 0.02890625
0 0.17291666666666666 0.54140625 0.029166666666666667 0.0234375
0 0.1388888888888889 0.593359375 0.03333333333333333 0.01484375
0 0.14375 0.612109375 0.043055555555555555 0.02109375
0 0.2902777777777778 0.582421875 0.041666666666666664 0.01640625
0 0.42291666666666666 0.55625 0.04027777777777778 0.0171875
0 0.5048611111111111 0.523828125 0.034722222222222224 0.02265625
0 0.4722222222222222 0.51015625 0.05277777777777778 0.0265625
0 0.3597222222222222 0.6078125 0.03611111111111111 0.0296875
0 0.22152777777777777 0.70078125 0.043055555555555555 0.028125
0 0.3888888888888889 0.709375 0.05555555555555555 0.0296875
0 0.39166666666666666 0.626171875 0.05277777777777778 0.02265625
0 0.5333333333333333 0.54453125 0.03888888888888889 0.0171875
0 0.5659722222222222 0.546875 0.03194444444444444 0.0171875
0 0.36736111111111114 0.778515625 0.04027777777777778 0.03203125
0 0.4736111111111111 0.810546875 0.041666666666666664 0.02265625
0 0.5333333333333333 0.77890625 0.03888888888888889 0.0203125
0 0.5631944444444444 0.77421875 0.020833333333333332 0.0109375
0 0.5305555555555556 0.73515625 0.03333333333333333 0.0171875
0 0.8555555555555555 0.764453125 0.05 0.02734375
0 0.9409722222222222 0.695703125 0.04861111111111111 0.02265625
0 0.9875 0.689453125 0.019444444444444445 0.01953125
