0 0.2875 0.3984375 0.019444444444444445 0.0078125
0 0.31527777777777777 0.4046875 0.030555555555555555 0.0125
0 0.32916666666666666 0.390625 0.022222222222222223 0.01875
0 0.4166666666666667 0.419921875 0.025 0.01640625
0 0.4486111111111111 0.376171875 0.025 0.01328125
0 0.5194444444444445 0.37578125 0.022222222222222223 0.0125
0 0.36736111111111114 0.3359375 0.006944444444444444 0.003125
0 0.5347222222222222 0.4171875 0.016666666666666666 0.0125
0 0.5986111111111111 0.422265625 0.03333333333333333 0.01953125
0 0.4888888888888889 0.441015625 0.016666666666666666 0.00703125
0 0.5263888888888889 0.519921875 0.019444444444444445 0.00546875
0 0.5222222222222223 0.48046875 0.030555555555555555 0.0125
0 0.39305555555555555 0.57265625 0.025 0.0140625
0 0.3541666666666667 0.61015625 0.011111111111111112 0.009375
0 0.15486111111111112 0.619921875 0.0125 0.00703125
0 0.09930555555555555 0.6359375 0.02638888888888889 0.0125
0 0.1986111111111111 0.67265625 0.013888888888888888 0.0171875
0 0.2513888888888889 0.69609375 0.022222222222222223 0.015625
0 0.2326388888888889 0.72890625 0.02638888888888889 0.021875
0 0.1763888888888889 0.7375 0.022222222222222223 0.009375
0 0.027083333333333334 0.7203125 0.015277777777777777 0.0109375
0 0.39652777777777776 0.5984375 0.0125 0.009375
0 0.6979166666666666 0.553125 0.009722222222222222 0.0109375
0 0.7736111111111111 0.526171875 0.013888888888888888 0.00859375
0 0.6881944444444444 0.625390625 0.015277777777777777 0.01328125
0 0.7333333333333333 0.67578125 0.019444444444444445 0.00625
0 0.75 0.686328125 0.027777777777777776 0.01484375
0 0.7659722222222223 0.703125 0.015277777777777777 0.009375
0 0.7041666666666667 0.711328125 0.019444444444444445 0.01171875
0 0.8465277777777778 0.726171875 0.018055555555555554 0.00859375
0 0.9479166666666666 0.676953125 0.02361111111111111 0.01015625
0 0.8986111111111111 0.751171875 0.013888888888888888 0.01171875
0 0.7118055555555556 0.679296875 0.015277777777777777 0.00546875
0 0.8125 0.6171875 0.011111111111111112 0.0046875
0 0.7083333333333334 0.594140625 0.022222222222222223 0.01484375
0 0.80625 0.455859375 0.018055555555555554 0.01171875
0 0.7666666666666667 0.40390625 0.013888888888888888 0.00625
0 0.6479166666666667 0.411328125 0.015277777777777777 0.00859375
0 0.6493055555555556 0.314453125 0.0125 0.01015625
0 0.7111111111111111 0.30390625 0.022222222222222223 0.015625
0 0.7395833333333334 0.301171875 0.018055555555555554 0.01171875
0 0.7305555555555555 0.277734375 0.022222222222222223 0.01953125
0 0.7034722222222223 0.25 0.02361111111111111 0.0140625
0 0.6875 0.285546875 0.025 0.01328125
0 0.6298611111111111 0.273046875 0.02638888888888889 0.01484375
0 0.6 0.27734375 0.008333333333333333 0.009375
0 0.5923611111111111 0.263671875 0.018055555555555554 0.01171875
0 0.5819444444444445 0.2125 0.022222222222222223 0.0125
0 0.5430555555555555 0.284765625 0.019444444444444445 0.01640625
0 0.51875 0.2828125 0.02638888888888889 0.015625
0 0.5291666666666667 0.2671875 0.016666666666666666 0.009375
0 0.5041666666666667 0.57890625 0.016666666666666666 0.009375
0 0.2986111111111111 0.37734375 0.030555555555555555 0.0234375
0 0.6145833333333334 0.23515625 0.02361111111111111 0.021875
0 0.3993055555555556 0.540625 0.0375 0.0234375
0 0.3625 0.63515625 0.019444444444444445 0.0234375
0 0.4152777777777778 0.657421875 0.03333333333333333 0.01484375
0 0.4777777777777778 0.65390625 0.022222222222222223 0.0125
0 0.6166666666666667 0.60546875 0.025 0.0234375
0 0.725 0.718359375 0.025 0.01484375
0 0.7631944444444444 0.756640625 0.02361111111111111 0.01640625
0 0.7722222222222223 0.77109375 0.025 0.015625
0 0.8180555555555555 0.759765625 0.019444444444444445 0.02421875
0 0.8506944444444444 0.75078125 0.03194444444444444 0.0171875
0 0.9361111111111111 0.74375 0.027777777777777776 0.0140625
0 0.8354166666666667 0.78359375 0.02361111111111111 0.0125
0 0.8854166666666666 0.775 0.029166666666666667 0.0109375
0 0.7881944444444444 0.3609375 0.034722222222222224 0.0171875
0 0.8194444444444444 0.372265625 0.019444444444444445 0.01171875
0 0.7708333333333334 0.281640625 0.030555555555555555 0.01796875
