0 0.8305555555555556 0.615234375 0.03333333333333333 0.01796875
0 0.7611111111111111 0.48125 0.022222222222222223 0.0140625
0 0.8284722222222223 0.423046875 0.0375 0.01953125
0 0.2361111111111111 0.46015625 0.027777777777777776 0.025
0 0.2361111111111111 0.480859375 0.027777777777777776 0.01328125
0 0.17083333333333334 0.63359375 0.044444444444444446 0.0296875
0 0.2076388888888889 0.60859375 0.04861111111111111 0.021875
0 0.21805555555555556 0.651953125 0.030555555555555555 0.01171875
0 0.19375 0.66796875 0.04583333333333333 0.0234375
0 0.20555555555555555 0.722265625 0.016666666666666666 0.01796875
