0 0.027777777777777776 0.0578125 0.030555555555555555 0.0171875
0 0.11666666666666667 0.0578125 0.05 0.028125
0 0.1326388888888889 0.096484375 0.04861111111111111 0.03203125
0 0.10486111111111111 0.0953125 0.02361111111111111 0.0234375
0 0.09097222222222222 0.087890625 0.034722222222222224 0.01796875
0 0.07847222222222222 0.10703125 0.034722222222222224 0.0203125
0 0.04722222222222222 0.113671875 0.03611111111111111 0.01640625
0 0.02847222222222222 0.142578125 0.029166666666666667 0.01796875
0 0.013194444444444444 0.181640625 0.02638888888888889 0.01328125
0 0.07083333333333333 0.16015625 0.025 0.0140625
0 0.05347222222222222 0.20078125 0.018055555555555554 0.0125
0 0.08680555555555555 0.217578125 0.029166666666666667 0.01640625
0 0.11736111111111111 0.19375 0.034722222222222224 0.01875
0 0.18541666666666667 0.062109375 0.02361111111111111 0.01640625
0 0.20069444444444445 0.074609375 0.020833333333333332 0.01484375
0 0.24722222222222223 0.098046875 0.03333333333333333 0.02265625
0 0.2708333333333333 0.10546875 0.022222222222222223 0.021875
0 0.2875 0.126171875 0.041666666666666664 0.02578125
0 0.28402777777777777 0.203515625 0.04583333333333333 0.03046875
0 0.3020833333333333 0.2609375 0.05416666666666667 0.025
0 0.2465277777777778 0.300390625 0.04583333333333333 0.01171875
0 0.19236111111111112 0.343359375 0.03194444444444444 0.01796875
0 0.16041666666666668 0.34453125 0.043055555555555555 0.0234375
0 0.13402777777777777 0.378515625 0.05138888888888889 0.03046875
0 0.03819444444444445 0.530078125 0.034722222222222224 0.01953125
0 0.13194444444444445 0.537109375 0.03333333333333333 0.02578125
0 0.2263888888888889 0.39921875 0.03333333333333333 0.025
0 0.25625 0.38671875 0.04583333333333333 0.028125
0 0.31180555555555556 0.602734375 0.02638888888888889 0.01640625
0 0.35208333333333336 0.6296875 0.02638888888888889 0.0171875
0 0.42777777777777776 0.6046875 0.013888888888888888 0.0109375
0 0.4486111111111111 0.607421875 0.025 0.01640625
0 0.5208333333333334 0.67578125 0.025 0.0140625
0 0.5805555555555556 0.634765625 0.03611111111111111 0.01640625
0 0.5736111111111111 0.61953125 0.03611111111111111 0.0140625
0 0.5041666666666667 0.5125 0.025 0.0203125
0 0.5305555555555556 0.51953125 0.04722222222222222 0.0234375
0 0.41597222222222224 0.548046875 0.018055555555555554 0.01796875
0 0.5055555555555555 0.566796875 0.03888888888888889 0.02421875
0 0.5180555555555556 0.58984375 0.030555555555555555 0.0171875
0 0.5236111111111111 0.603515625 0.027777777777777776 0.00859375
0 0.5854166666666667 0.5828125 0.04583333333333333 0.025
0 0.6875 0.578515625 0.05555555555555555 0.02734375
0 0.3888888888888889 0.21796875 0.027777777777777776 0.0140625
0 0.4215277777777778 0.227734375 0.034722222222222224 0.01953125
0 0.3125 0.362109375 0.044444444444444446 0.01953125
0 0.40625 0.32265625 0.05416666666666667 0.028125
0 0.4409722222222222 0.337890625 0.029166666666666667 0.01015625
0 0.4465277777777778 0.253515625 0.02361111111111111 0.01484375
0 0.45208333333333334 0.26953125 0.020833333333333332 0.01875
0 0.55 0.353125 0.016666666666666666 0.0125
0 0.5173611111111112 0.37265625 0.029166666666666667 0.0171875
0 0.5423611111111111 0.416015625 0.02361111111111111 0.01484375
0 0.7770833333333333 0.5515625 0.04027777777777778 0.0265625
0 0.7694444444444445 0.5921875 0.030555555555555555 0.0140625
0 0.8715277777777778 0.608984375 0.043055555555555555 0.02421875
0 0.8611111111111112 0.640625 0.05555555555555555 0.03125
0 0.9027777777777778 0.698046875 0.05555555555555555 0.02578125
0 0.9673611111111111 0.652734375 0.020833333333333332 0.02265625
0 0.9277777777777778 0.566796875 0.058333333333333334 0.03359375
0 0.9784722222222222 0.540625 0.04027777777777778 0.0203125
0 0.7097222222222223 0.487109375 0.022222222222222223 0.00859375
0 0.7895833333333333 0.480078125 0.04583333333333333 0.02265625
0 0.4722222222222222 0.221875 0.03611111111111111 0.0234375
0 0.5097222222222222 0.2234375 0.03333333333333333 0.021875
0 0.5020833333333333 0.24765625 0.03194444444444444 0.021875
0 0.5368055555555555 0.23515625 0.020833333333333332 0.0171875
0 0.5659722222222222 0.30546875 0.03194444444444444 0.0203125
0 0.5333333333333333 0.181640625 0.027777777777777776 0.01484375
0 0.6319444444444444 0.233203125 0.03888888888888889 0.02265625
0 0.6486111111111111 0.247265625 0.022222222222222223 0.01640625
0 0.6402777777777777 0.156640625 0.03888888888888889 0.01796875
0 0.6666666666666666 0.184375 0.027777777777777776 0.015625
0 0.7263888888888889 0.22734375 0.030555555555555555 0.0140625
0 0.7402777777777778 0.141015625 0.044444444444444446 0.02421875
0 0.7479166666666667 0.178515625 0.04583333333333333 0.02421875
0 0.78125 0.198828125 0.03194444444444444 0.01953125
0 0.8083333333333333 0.233203125 0.03333333333333333 0.01484375
0 0.8451388888888889 0.18203125 0.034722222222222224 0.0265625
0 0.8333333333333334 0.1984375 0.030555555555555555 0.0203125
0 0.85625 0.21640625 0.03194444444444444 0.01875
0 0.8729166666666667 0.1890625 0.029166666666666667 0.01875
0 0.9125 0.207421875 0.03333333333333333 0.02109375
0 0.9368055555555556 0.182421875 0.04861111111111111 0.02578125
0 0.9819444444444444 0.158203125 0.027777777777777776 0.02109375
0 0.9090277777777778 0.30234375 0.02638888888888889 0.0171875
0 0.9284722222222223 0.311328125 0.02638888888888889 0.01328125
0 0.9527777777777777 0.342578125 0.025 0.01328125
0 0.5819444444444445 0.357421875 0.025 0.01171875
0 0.6361111111111111 0.391015625 0.022222222222222223 0.01328125
0 0.6493055555555556 0.41875 0.029166666666666667 0.0140625
0 0.6520833333333333 0.4 0.015277777777777777 0.0125
0 0.6847222222222222 0.4171875 0.030555555555555555 0.0140625
0 0.7076388888888889 0.40859375 0.02361111111111111 0.0171875
0 0.7215277777777778 0.436328125 0.03194444444444444 0.01484375
0 0.85625 0.4890625 0.04583333333333333 0.0203125
0 0.9131944444444444 0.480078125 0.02638888888888889 0.01171875
0 0.9319444444444445 0.49453125 0.022222222222222223 0.0109375
0 0.7888888888888889 0.3921875 0.027777777777777776 0.0109375
0 0.7277777777777777 0.373828125 0.016666666666666666 0.00859375
0 0.7243055555555555 0.383984375 0.02361111111111111 0.00859375
0 0.06666666666666667 0.38828125 0.022222222222222223 0.01875
0 0.11319444444444444 0.122265625 0.03194444444444444 0.02421875
0 0.26666666666666666 0.080859375 0.022222222222222223 0.01796875
0 0.2375 0.0828125 0.03333333333333333 0.0140625
0 0.3736111111111111 0.21015625 0.027777777777777776 0.009375
0 0.14930555555555555 0.166015625 0.02361111111111111 0.01796875
0 0.9791666666666666 0.180859375 0.030555555555555555 0.02109375
0 0.8770833333333333 0.221875 0.02361111111111111 0.0140625
0 0.9819444444444444 0.28828125 0.025 0.0171875
0 0.10694444444444444 0.54296875 0.019444444444444445 0.015625
0 0.55 0.555078125 0.03611111111111111 0.01328125
0 0.8277777777777777 0.59140625 0.027777777777777776 0.0140625
0 0.9375 0.615625 0.03888888888888889 0.0234375
0 0.8972222222222223 0.410546875 0.025 0.01328125
0 0.9270833333333334 0.426953125 0.034722222222222224 0.00703125
0 0.9673611111111111 0.40859375 0.0125 0.009375
0 0.8972222222222223 0.328125 0.025 0.015625
