0 0.21388888888888888 0.313671875 0.04722222222222222 0.02890625
0 0.25277777777777777 0.322265625 0.04722222222222222 0.02890625
0 0.27708333333333335 0.371484375 0.0375 0.02265625
0 0.11597222222222223 0.538671875 0.05694444444444444 0.03203125
0 0.15 0.5203125 0.06111111111111111 0.0265625
0 0.20833333333333334 0.4921875 0.05 0.0296875
0 0.3333333333333333 0.447265625 0.05 0.02421875
0 0.37222222222222223 0.43984375 0.05277777777777778 0.0296875
0 0.38680555555555557 0.514453125 0.034722222222222224 0.01953125
0 0.40694444444444444 0.506640625 0.04722222222222222 0.02109375
0 0.6611111111111111 0.56015625 0.041666666666666664 0.025
0 0.9423611111111111 0.6109375 0.05138888888888889 0.028125
0 0.9513888888888888 0.668359375 0.044444444444444446 0.02734375
0 0.9743055555555555 0.7578125 0.04861111111111111 0.0296875
0 0.2986111111111111 0.28359375 0.041666666666666664 0.025
0 0.2298611111111111 0.529296875 0.043055555555555555 0.02109375
0 0.4979166666666667 0.6484375 0.04583333333333333 0.028125
0 0.30694444444444446 0.57890625 0.022222222222222223 0.0171875
0 0.3159722222222222 0.6734375 0.020833333333333332 0.0125
0 0.48055555555555557 0.522265625 0.027777777777777776 0.01796875
0 0.6048611111111111 0.725 0.03194444444444444 0.01875
0 0.9152777777777777 0.65390625 0.05 0.028125
0 0.3236111111111111 0.305078125 0.03333333333333333 0.01953125
0 0.5145833333333333 0.3203125 0.029166666666666667 0.0203125
0 0.15138888888888888 0.42109375 0.022222222222222223 0.0078125
0 0.18194444444444444 0.43671875 0.019444444444444445 0.0171875
0 0.2722222222222222 0.437109375 0.022222222222222223 0.02109375
0 0.04097222222222222 0.583984375 0.018055555555555554 0.02265625
0 0.15138888888888888 0.548046875 0.03611111111111111 0.02109375
0 0.20069444444444445 0.551171875 0.04861111111111111 0.02421875
0 0.19166666666666668 0.566015625 0.03611111111111111 0.01484375
0 0.36319444444444443 0.697265625 0.020833333333333332 0.02421875
0 0.7722222222222223 0.62890625 0.03333333333333333 0.01875
0 0.90625 0.60625 0.029166666666666667 0.015625
0 0.9451388888888889 0.63359375 0.020833333333333332 0.0171875
0 0.8791666666666667 0.744140625 0.03611111111111111 0.02890625
