0 0.5256944444444445 0.136328125 0.06527777777777778 0.03671875
0 0.45694444444444443 0.183984375 0.058333333333333334 0.03359375
0 0.425 0.182421875 0.027777777777777776 0.02578125
0 0.33541666666666664 0.20703125 0.05416666666666667 0.03125
0 0.38333333333333336 0.2046875 0.041666666666666664 0.0296875
0 0.43472222222222223 0.22734375 0.058333333333333334 0.0359375
0 0.5715277777777777 0.2359375 0.04583333333333333 0.0234375
0 0.3125 0.23046875 0.04722222222222222 0.0265625
0 0.32430555555555557 0.2546875 0.04861111111111111 0.0203125
0 0.38055555555555554 0.2859375 0.05555555555555555 0.021875
0 0.5451388888888888 0.301953125 0.05138888888888889 0.02890625
0 0.32916666666666666 0.301171875 0.03888888888888889 0.02734375
0 0.3770833333333333 0.30859375 0.043055555555555555 0.021875
0 0.5875 0.3640625 0.058333333333333334 0.0296875
0 0.6354166666666666 0.365234375 0.043055555555555555 0.02578125
0 0.3527777777777778 0.334375 0.06111111111111111 0.0296875
0 0.3104166666666667 0.328515625 0.029166666666666667 0.02109375
0 0.12361111111111112 0.36484375 0.06944444444444445 0.0390625
0 0.08958333333333333 0.375390625 0.05694444444444444 0.02421875
0 0.35625 0.36875 0.04861111111111111 0.01875
0 0.37430555555555556 0.35390625 0.034722222222222224 0.015625
0 0.40555555555555556 0.35390625 0.022222222222222223 0.0140625
0 0.40694444444444444 0.382421875 0.06111111111111111 0.02734375
0 0.37569444444444444 0.38671875 0.02638888888888889 0.0265625
0 0.46111111111111114 0.41328125 0.03611111111111111 0.0234375
0 0.3472222222222222 0.4328125 0.06111111111111111 0.0328125
0 0.5597222222222222 0.44453125 0.06388888888888888 0.0265625
0 0.4826388888888889 0.46796875 0.04027777777777778 0.034375
0 0.5368055555555555 0.4703125 0.04861111111111111 0.0265625
0 0.2569444444444444 0.46953125 0.04722222222222222 0.0296875
0 0.3194444444444444 0.458984375 0.05 0.01953125
0 0.3680555555555556 0.46328125 0.05555555555555555 0.021875
0 0.1527777777777778 0.48671875 0.044444444444444446 0.0390625
0 0.10138888888888889 0.49296875 0.07222222222222222 0.0421875
0 0.025 0.44140625 0.04722222222222222 0.034375
0 0.021527777777777778 0.461328125 0.04027777777777778 0.01484375
0 0.63125 0.4890625 0.0625 0.0328125
0 0.48055555555555557 0.524609375 0.05277777777777778 0.02734375
0 0.6375 0.54765625 0.06111111111111111 0.03125
0 0.6819444444444445 0.653515625 0.06111111111111111 0.03671875
0 0.8368055555555556 0.648828125 0.05138888888888889 0.02265625
0 0.18125 0.6828125 0.043055555555555555 0.028125
0 0.4583333333333333 0.637109375 0.04722222222222222 0.02578125
0 0.6479166666666667 0.680078125 0.05416666666666667 0.03203125
0 0.4895833333333333 0.2390625 0.043055555555555555 0.025
0 0.5486111111111112 0.21484375 0.025 0.0296875
