0 0.9166666666666666 0.033203125 0.08055555555555556 0.05078125
0 0.8631944444444445 0.01484375 0.05416666666666667 0.0265625
0 0.7736111111111111 0.030859375 0.05555555555555555 0.02890625
0 0.60625 0.21796875 0.0625 0.03125
0 0.625 0.252734375 0.075 0.04609375
0 0.6097222222222223 0.344140625 0.06944444444444445 0.03984375
0 0.6402777777777777 0.42265625 0.058333333333333334 0.0328125
0 0.7541666666666667 0.45546875 0.06388888888888888 0.03125
0 0.6638888888888889 0.46640625 0.08055555555555556 0.046875
0 0.5784722222222223 0.441796875 0.07083333333333333 0.03828125
0 0.59375 0.489453125 0.059722222222222225 0.04609375
0 0.5743055555555555 0.52578125 0.04027777777777778 0.0234375
0 0.8368055555555556 0.551171875 0.05694444444444444 0.02421875
0 0.8263888888888888 0.64921875 0.03611111111111111 0.028125
0 0.6791666666666667 0.659375 0.05277777777777778 0.0328125
0 0.6798611111111111 0.555859375 0.06805555555555555 0.03046875
0 0.5916666666666667 0.56484375 0.07222222222222222 0.0234375
0 0.675 0.530859375 0.06388888888888888 0.02421875
0 0.5513888888888889 0.48984375 0.04722222222222222 0.0328125
0 0.58125 0.2484375 0.029166666666666667 0.0125
0 0.9916666666666667 0.5546875 0.013888888888888888 0.0265625
