0 0.07152777777777777 0.2609375 0.05138888888888889 0.0265625
0 0.09722222222222222 0.28046875 0.05 0.028125
0 0.07708333333333334 0.34140625 0.04861111111111111 0.028125
0 0.09722222222222222 0.474609375 0.05277777777777778 0.03203125
0 0.02847222222222222 0.529296875 0.043055555555555555 0.02734375
0 0.12013888888888889 0.561328125 0.05416666666666667 0.02890625
0 0.021527777777777778 0.662109375 0.043055555555555555 0.02421875
0 0.12777777777777777 0.421875 0.022222222222222223 0.01875
0 0.7965277777777777 0.526953125 0.04027777777777778 0.02890625
0 0.8083333333333333 0.550390625 0.03333333333333333 0.01796875
0 0.05555555555555555 0.274609375 0.027777777777777776 0.01484375
0 0.1423611111111111 0.472265625 0.0375 0.01640625
0 0.12291666666666666 0.5109375 0.04583333333333333 0.025
