0 0.019444444444444445 0.626953125 0.03888888888888889 0.02578125
0 0.1423611111111111 0.6640625 0.05416666666666667 0.01875
0 0.06736111111111111 0.6859375 0.05416666666666667 0.028125
0 0.10555555555555556 0.7140625 0.06944444444444445 0.021875
0 0.00625 0.678125 0.0125 0.0171875
0 0.4486111111111111 0.65234375 0.041666666666666664 0.025
0 0.45416666666666666 0.63125 0.025 0.015625
0 0.4777777777777778 0.632421875 0.022222222222222223 0.01484375
0 0.4895833333333333 0.616796875 0.04027777777777778 0.01796875
0 0.5708333333333333 0.64296875 0.041666666666666664 0.01875
0 0.5659722222222222 0.581640625 0.043055555555555555 0.01640625
0 0.6416666666666667 0.56796875 0.03888888888888889 0.025
0 0.6368055555555555 0.4453125 0.043055555555555555 0.0265625
0 0.6125 0.455859375 0.044444444444444446 0.02109375
0 0.6916666666666667 0.430078125 0.019444444444444445 0.01171875
0 0.7388888888888889 0.43359375 0.019444444444444445 0.015625
0 0.6708333333333333 0.497265625 0.019444444444444445 0.01796875
0 0.7416666666666667 0.533984375 0.030555555555555555 0.02265625
0 0.7895833333333333 0.51796875 0.029166666666666667 0.015625
0 0.8048611111111111 0.51796875 0.015277777777777777 0.0125
0 0.7756944444444445 0.553515625 0.04583333333333333 0.02109375
0 0.6784722222222223 0.571875 0.02361111111111111 0.0125
0 0.6520833333333333 0.59453125 0.04027777777777778 0.021875
0 0.6583333333333333 0.612890625 0.03333333333333333 0.01484375
0 0.7333333333333333 0.61796875 0.03888888888888889 0.0234375
0 0.7673611111111112 0.61015625 0.04861111111111111 0.0265625
0 0.8520833333333333 0.64296875 0.04583333333333333 0.0125
0 0.7638888888888888 0.637109375 0.03611111111111111 0.02109375
