0 0.32569444444444445 0.452734375 0.034722222222222224 0.01953125
0 0.55625 0.2953125 0.029166666666666667 0.0171875
0 0.53125 0.31171875 0.020833333333333332 0.0125
0 0.5444444444444444 0.319921875 0.030555555555555555 0.01015625
0 0.9875 0.346875 0.019444444444444445 0.0125
0 0.27569444444444446 0.305859375 0.015277777777777777 0.01328125
0 0.3104166666666667 0.440234375 0.04027777777777778 0.01640625
0 0.34930555555555554 0.447265625 0.029166666666666667 0.01640625
0 0.40694444444444444 0.378515625 0.019444444444444445 0.01953125
0 0.42569444444444443 0.378515625 0.03194444444444444 0.01953125
