0 0.5986111111111111 0.056640625 0.04722222222222222 0.02890625
0 0.6486111111111111 0.0859375 0.05555555555555555 0.0328125
0 0.6423611111111112 0.11328125 0.05416666666666667 0.021875
0 0.7 0.131640625 0.044444444444444446 0.03046875
0 0.65625 0.140625 0.04861111111111111 0.0328125
0 0.6270833333333333 0.165625 0.04027777777777778 0.0296875
0 0.6451388888888889 0.2171875 0.05416666666666667 0.0328125
0 0.7006944444444444 0.221484375 0.05138888888888889 0.02109375
0 0.7506944444444444 0.211328125 0.02361111111111111 0.01953125
0 0.5951388888888889 0.226171875 0.04027777777777778 0.01640625
0 0.5590277777777778 0.23359375 0.015277777777777777 0.0125
0 0.5722222222222222 0.24140625 0.022222222222222223 0.0109375
0 0.7381944444444445 0.262109375 0.05694444444444444 0.02890625
0 0.9173611111111111 0.342578125 0.05694444444444444 0.02890625
0 0.9770833333333333 0.359375 0.043055555555555555 0.0265625
0 0.6847222222222222 0.26328125 0.03611111111111111 0.0328125
0 0.6541666666666667 0.2796875 0.041666666666666664 0.0234375
0 0.7138888888888889 0.27421875 0.025 0.034375
0 0.6131944444444445 0.30703125 0.034722222222222224 0.028125
0 0.63125 0.259375 0.04027777777777778 0.009375
0 0.4708333333333333 0.34765625 0.041666666666666664 0.01875
0 0.5145833333333333 0.35390625 0.034722222222222224 0.015625
0 0.5048611111111111 0.3203125 0.043055555555555555 0.009375
0 0.5576388888888889 0.630859375 0.05416666666666667 0.03046875
0 0.7291666666666666 0.651171875 0.06111111111111111 0.03203125
0 0.6104166666666667 0.669921875 0.06527777777777778 0.03203125
0 0.5708333333333333 0.71015625 0.06111111111111111 0.0375
0 0.625 0.698828125 0.044444444444444446 0.03203125
0 0.6319444444444444 0.7390625 0.027777777777777776 0.0234375
0 0.8215277777777777 0.62421875 0.06527777777777778 0.0390625
0 0.7708333333333334 0.6015625 0.08055555555555556 0.0265625
0 0.4131944444444444 0.58359375 0.05694444444444444 0.0296875
0 0.475 0.75390625 0.044444444444444446 0.01875
0 0.44375 0.69453125 0.04583333333333333 0.021875
0 0.45902777777777776 0.676171875 0.04861111111111111 0.02734375
0 0.3875 0.63671875 0.027777777777777776 0.0234375
0 0.2763888888888889 0.634375 0.044444444444444446 0.028125
0 0.16597222222222222 0.7390625 0.04027777777777778 0.0234375
0 0.24305555555555555 0.801953125 0.05277777777777778 0.02109375
0 0.10347222222222222 0.796875 0.020833333333333332 0.0140625
0 0.26875 0.538671875 0.04861111111111111 0.03046875
0 0.24513888888888888 0.51484375 0.05138888888888889 0.015625
0 0.07847222222222222 0.4671875 0.04583333333333333 0.0265625
0 0.10902777777777778 0.47109375 0.0375 0.0265625
0 0.11527777777777778 0.582421875 0.03333333333333333 0.01953125
0 0.17222222222222222 0.5609375 0.05277777777777778 0.028125
0 0.20833333333333334 0.551171875 0.019444444444444445 0.02734375
0 0.13402777777777777 0.605859375 0.03194444444444444 0.01640625
0 0.035416666666666666 0.525 0.05694444444444444 0.034375
0 0.9548611111111112 0.890234375 0.06527777777777778 0.02890625
0 0.93125 0.871484375 0.05694444444444444 0.02421875
0 0.8722222222222222 0.68515625 0.027777777777777776 0.0140625
0 0.80625 0.5140625 0.034722222222222224 0.028125
0 0.6402777777777777 0.45 0.03611111111111111 0.021875
0 0.018055555555555554 0.315625 0.03611111111111111 0.0171875
0 0.6194444444444445 0.391796875 0.030555555555555555 0.02578125
0 0.5604166666666667 0.3828125 0.043055555555555555 0.028125
0 0.4173611111111111 0.44375 0.02638888888888889 0.0140625
0 0.46319444444444446 0.58515625 0.05416666666666667 0.0296875
0 0.4340277777777778 0.50625 0.02638888888888889 0.0125
0 0.10416666666666667 0.67578125 0.044444444444444446 0.0171875
0 0.017361111111111112 0.68203125 0.03194444444444444 0.015625
0 0.9013888888888889 0.5609375 0.03611111111111111 0.0140625
