0 0.5840277777777778 0.05625 0.0375 0.028125
0 0.6319444444444444 0.0859375 0.027777777777777776 0.021875
0 0.6625 0.084375 0.03333333333333333 0.0265625
0 0.7006944444444444 0.079296875 0.034722222222222224 0.02578125
0 0.7673611111111112 0.07109375 0.0375 0.021875
0 0.775 0.0890625 0.05 0.021875
0 0.34375 0.141015625 0.043055555555555555 0.02578125
0 0.42291666666666666 0.132421875 0.034722222222222224 0.02421875
0 0.3958333333333333 0.15078125 0.05277777777777778 0.0296875
0 0.45555555555555555 0.17265625 0.05 0.025
0 0.5236111111111111 0.168359375 0.03611111111111111 0.02421875
0 0.55625 0.16640625 0.029166666666666667 0.025
0 0.6243055555555556 0.154296875 0.043055555555555555 0.02734375
0 0.4909722222222222 0.14296875 0.04583333333333333 0.0140625
0 0.6951388888888889 0.134375 0.029166666666666667 0.0296875
0 0.7402777777777778 0.094921875 0.025 0.01953125
0 0.5583333333333333 0.222265625 0.04722222222222222 0.02578125
0 0.5625 0.25703125 0.03611111111111111 0.0296875
0 0.7381944444444445 0.292578125 0.04583333333333333 0.02421875
0 0.83125 0.310546875 0.04583333333333333 0.02578125
0 0.8763888888888889 0.251171875 0.03888888888888889 0.02265625
0 0.875 0.108203125 0.030555555555555555 0.01953125
0 0.6631944444444444 0.14140625 0.05694444444444444 0.0296875
0 0.5034722222222222 0.31015625 0.04027777777777778 0.021875
0 0.5569444444444445 0.3109375 0.027777777777777776 0.0234375
0 0.6326388888888889 0.296875 0.02638888888888889 0.01875
0 0.6652777777777777 0.312109375 0.03333333333333333 0.01484375
0 0.6881944444444444 0.22578125 0.029166666666666667 0.021875
0 0.825 0.35859375 0.03888888888888889 0.025
0 0.53125 0.369140625 0.04027777777777778 0.02578125
0 0.37222222222222223 0.418359375 0.041666666666666664 0.02734375
0 0.3284722222222222 0.525390625 0.04583333333333333 0.02578125
0 0.8256944444444444 0.53125 0.05138888888888889 0.0296875
0 0.7520833333333333 0.55 0.05138888888888889 0.0203125
0 0.1798611111111111 0.36328125 0.034722222222222224 0.0234375
0 0.3861111111111111 0.4515625 0.03611111111111111 0.021875
0 0.4708333333333333 0.38828125 0.041666666666666664 0.0234375
0 0.7138888888888889 0.27109375 0.025 0.0109375
0 0.775 0.26953125 0.03333333333333333 0.0125
0 0.36527777777777776 0.191796875 0.03611111111111111 0.02109375
0 0.3951388888888889 0.207421875 0.034722222222222224 0.02265625
0 0.4305555555555556 0.200390625 0.03611111111111111 0.02109375
0 0.35208333333333336 0.352734375 0.029166666666666667 0.01953125
0 0.30486111111111114 0.31171875 0.02638888888888889 0.0140625
0 0.1388888888888889 0.319921875 0.030555555555555555 0.01484375
0 0.18888888888888888 0.337890625 0.027777777777777776 0.01640625
0 0.27361111111111114 0.319921875 0.03333333333333333 0.01328125
0 0.020833333333333332 0.39453125 0.030555555555555555 0.0203125
0 0.007638888888888889 0.405078125 0.0125 0.01953125
0 0.24861111111111112 0.406640625 0.03611111111111111 0.01328125
0 0.19166666666666668 0.5328125 0.030555555555555555 0.021875
0 0.24722222222222223 0.530859375 0.03611111111111111 0.01953125
0 0.20625 0.493359375 0.034722222222222224 0.01171875
0 0.015277777777777777 0.4546875 0.022222222222222223 0.0109375
0 0.05763888888888889 0.493359375 0.034722222222222224 0.01796875
0 0.34375 0.4875 0.02638888888888889 0.0140625
0 0.5472222222222223 0.50078125 0.03888888888888889 0.0203125
0 0.9090277777777778 0.53359375 0.0375 0.0171875
0 0.96875 0.586328125 0.059722222222222225 0.02734375
0 0.64375 0.45234375 0.034722222222222224 0.015625
0 0.4583333333333333 0.437109375 0.03611111111111111 0.01796875
0 0.8590277777777777 0.29140625 0.034722222222222224 0.0203125
0 0.6631944444444444 0.2890625 0.034722222222222224 0.021875
0 0.6625 0.2578125 0.027777777777777776 0.0234375
0 0.5972222222222222 0.296484375 0.044444444444444446 0.02109375
0 0.8847222222222222 0.355859375 0.041666666666666664 0.01640625
0 0.8819444444444444 0.32265625 0.03888888888888889 0.01875
0 0.6270833333333333 0.316015625 0.02638888888888889 0.01328125
0 0.63125 0.267578125 0.03194444444444444 0.02421875
0 0.9736111111111111 0.26015625 0.03888888888888889 0.021875
0 0.9826388888888888 0.21953125 0.03194444444444444 0.021875
0 0.9611111111111111 0.23828125 0.03333333333333333 0.0140625
0 0.9020833333333333 0.204296875 0.04861111111111111 0.02109375
0 0.7319444444444444 0.202734375 0.025 0.02421875
0 0.44166666666666665 0.154296875 0.044444444444444446 0.01953125
0 0.8034722222222223 0.1625 0.018055555555555554 0.0125
0 0.6548611111111111 0.2375 0.0375 0.028125
0 0.28055555555555556 0.48359375 0.03333333333333333 0.0140625
0 0.7930555555555555 0.301171875 0.030555555555555555 0.01640625
0 0.7888888888888889 0.318359375 0.041666666666666664 0.01953125
0 0.7319444444444444 0.345703125 0.016666666666666666 0.00859375
0 0.7861111111111111 0.13203125 0.025 0.0125
