0 0.5875 0.29375 0.05 0.03125
0 0.6291666666666667 0.29609375 0.03333333333333333 0.0203125
0 0.6416666666666667 0.4125 0.030555555555555555 0.0265625
0 0.7708333333333334 0.46953125 0.041666666666666664 0.0265625
0 0.8590277777777777 0.49921875 0.04861111111111111 0.0265625
0 0.7916666666666666 0.507421875 0.05 0.02421875
0 0.7680555555555556 0.513671875 0.044444444444444446 0.01640625
0 0.8215277777777777 0.523046875 0.034722222222222224 0.02109375
0 0.8701388888888889 0.53203125 0.034722222222222224 0.025
0 0.8875 0.519140625 0.03333333333333333 0.01640625
0 0.9604166666666667 0.5671875 0.043055555555555555 0.021875
