0 0.17152777777777778 0.223046875 0.03194444444444444 0.01796875
0 0.044444444444444446 0.20390625 0.041666666666666664 0.01875
0 0.10069444444444445 0.29765625 0.03194444444444444 0.0171875
0 0.07847222222222222 0.283203125 0.03194444444444444 0.01328125
0 0.07291666666666667 0.29609375 0.018055555555555554 0.0125
0 0.025694444444444443 0.33359375 0.02361111111111111 0.0140625
0 0.15 0.52265625 0.025 0.015625
0 0.38680555555555557 0.341796875 0.03194444444444444 0.02109375
0 0.26180555555555557 0.33984375 0.02361111111111111 0.0125
0 0.2590277777777778 0.3921875 0.02361111111111111 0.009375
0 0.5229166666666667 0.45390625 0.020833333333333332 0.015625
0 0.33541666666666664 0.358984375 0.02638888888888889 0.01328125
0 0.37777777777777777 0.364453125 0.030555555555555555 0.01640625
0 0.3326388888888889 0.341015625 0.02638888888888889 0.01171875
0 0.3104166666666667 0.318359375 0.034722222222222224 0.01328125
0 0.23819444444444443 0.27578125 0.02361111111111111 0.0125
0 0.18333333333333332 0.48203125 0.03333333333333333 0.0140625
0 0.1701388888888889 0.47578125 0.018055555555555554 0.009375
0 0.27708333333333335 0.239453125 0.02361111111111111 0.01171875
0 0.5944444444444444 0.426953125 0.019444444444444445 0.00703125
0 0.5152777777777777 0.426171875 0.019444444444444445 0.01015625
0 0.42083333333333334 0.421484375 0.025 0.00703125
0 0.6291666666666667 0.393359375 0.027777777777777776 0.01640625
0 0.4722222222222222 0.366796875 0.022222222222222223 0.01171875
0 0.10069444444444445 0.369140625 0.02361111111111111 0.01171875
0 0.14305555555555555 0.51171875 0.022222222222222223 0.0140625
0 0.18819444444444444 0.4921875 0.029166666666666667 0.0140625
0 0.16319444444444445 0.528125 0.029166666666666667 0.01875
0 0.4625 0.471875 0.016666666666666666 0.0109375
0 0.3645833333333333 0.304296875 0.029166666666666667 0.01328125
0 0.6013888888888889 0.391015625 0.022222222222222223 0.01015625
0 0.06597222222222222 0.478515625 0.029166666666666667 0.02109375
