0 0.3680555555555556 0.19140625 0.041666666666666664 0.021875
0 0.3958333333333333 0.225 0.03888888888888889 0.021875
0 0.3388888888888889 0.13828125 0.030555555555555555 0.0140625
0 0.3229166666666667 0.258984375 0.04583333333333333 0.03046875
0 0.2902777777777778 0.26015625 0.03333333333333333 0.021875
0 0.36527777777777776 0.3015625 0.05 0.025
0 0.27708333333333335 0.299609375 0.04583333333333333 0.02421875
0 0.5006944444444444 0.401171875 0.04583333333333333 0.02734375
0 0.5076388888888889 0.465625 0.0375 0.03125
0 0.41180555555555554 0.4515625 0.043055555555555555 0.021875
0 0.28958333333333336 0.501953125 0.043055555555555555 0.02265625
0 0.6222222222222222 0.50078125 0.044444444444444446 0.025
0 0.6777777777777778 0.5234375 0.041666666666666664 0.025
0 0.5763888888888888 0.43671875 0.03611111111111111 0.015625
0 0.32222222222222224 0.42578125 0.05277777777777778 0.0265625
0 0.20416666666666666 0.525390625 0.058333333333333334 0.02578125
0 0.17777777777777778 0.540625 0.04722222222222222 0.03125
0 0.2513888888888889 0.596875 0.06666666666666667 0.034375
0 0.4111111111111111 0.401953125 0.027777777777777776 0.01953125
0 0.41458333333333336 0.365234375 0.029166666666666667 0.01953125
0 0.41180555555555554 0.312109375 0.03194444444444444 0.01796875
0 0.21736111111111112 0.62578125 0.04583333333333333 0.028125
0 0.48541666666666666 0.56640625 0.04583333333333333 0.0328125
0 0.32916666666666666 0.55546875 0.022222222222222223 0.028125
0 0.5527777777777778 0.553515625 0.044444444444444446 0.02578125
0 0.3645833333333333 0.64375 0.05138888888888889 0.0296875
0 0.1736111111111111 0.663671875 0.05555555555555555 0.02109375
0 0.1361111111111111 0.68125 0.058333333333333334 0.0296875
0 0.24027777777777778 0.7390625 0.044444444444444446 0.0234375
0 0.14791666666666667 0.809765625 0.07361111111111111 0.03828125
0 0.525 0.79609375 0.05277777777777778 0.03125
0 0.5180555555555556 0.828125 0.041666666666666664 0.0296875
0 0.6951388888888889 0.73984375 0.043055555555555555 0.0203125
0 0.65 0.734765625 0.03888888888888889 0.02109375
0 0.6444444444444445 0.696484375 0.05 0.02421875
0 0.5229166666666667 0.70390625 0.05416666666666667 0.0265625
0 0.36180555555555555 0.723828125 0.04861111111111111 0.02890625
0 0.9208333333333333 0.880078125 0.06111111111111111 0.03359375
0 0.6208333333333333 0.526953125 0.041666666666666664 0.02578125
0 0.6166666666666667 0.56015625 0.030555555555555555 0.0234375
0 0.5375 0.514453125 0.019444444444444445 0.02109375
0 0.9868055555555556 0.821484375 0.020833333333333332 0.01640625
0 0.2611111111111111 0.346875 0.025 0.015625
0 0.47847222222222224 0.3828125 0.02361111111111111 0.0171875
0 0.4618055555555556 0.424609375 0.018055555555555554 0.01328125
0 0.4222222222222222 0.42109375 0.030555555555555555 0.01875
0 0.2902777777777778 0.456640625 0.025 0.01640625
0 0.10833333333333334 0.606640625 0.022222222222222223 0.02265625
0 0.7868055555555555 0.948828125 0.03194444444444444 0.03046875
0 0.7243055555555555 0.94453125 0.03194444444444444 0.028125
0 0.7555555555555555 0.73359375 0.027777777777777776 0.0203125
0 0.8979166666666667 0.56328125 0.029166666666666667 0.015625
0 0.9881944444444445 0.589453125 0.018055555555555554 0.01484375
0 0.9409722222222222 0.574609375 0.029166666666666667 0.01015625
0 0.8784722222222222 0.62578125 0.02638888888888889 0.0140625
0 0.9111111111111111 0.642578125 0.03611111111111111 0.01640625
0 0.8618055555555556 0.661328125 0.029166666666666667 0.01484375
