0 0.5652777777777778 0.110546875 0.05555555555555555 0.02578125
0 0.6180555555555556 0.139453125 0.06388888888888888 0.03203125
0 0.6013888888888889 0.16953125 0.044444444444444446 0.0234375
0 0.6673611111111111 0.187109375 0.043055555555555555 0.03046875
0 0.61875 0.198828125 0.05416666666666667 0.02734375
0 0.5729166666666666 0.219140625 0.059722222222222225 0.02734375
0 0.6104166666666667 0.268359375 0.06527777777777778 0.03515625
0 0.6645833333333333 0.272265625 0.05416666666666667 0.02109375
0 0.5493055555555556 0.2828125 0.043055555555555555 0.025
0 0.7013888888888888 0.316015625 0.04722222222222222 0.02734375
0 0.59375 0.323046875 0.05138888888888889 0.03203125
0 0.6284722222222222 0.333203125 0.034722222222222224 0.02421875
0 0.8798611111111111 0.394921875 0.05694444444444444 0.02734375
0 0.5201388888888889 0.430859375 0.04583333333333333 0.02890625
0 0.5819444444444445 0.361328125 0.022222222222222223 0.02890625
0 0.9465277777777777 0.406640625 0.059722222222222225 0.02734375
0 0.6097222222222223 0.500390625 0.044444444444444446 0.02578125
0 0.23472222222222222 0.59453125 0.05 0.0296875
0 0.21180555555555555 0.574609375 0.04583333333333333 0.01640625
0 0.3909722222222222 0.64375 0.04027777777777778 0.021875
0 0.825 0.6734375 0.06944444444444445 0.034375
0 0.7597222222222222 0.65390625 0.058333333333333334 0.028125
0 0.5597222222222222 0.6921875 0.05555555555555555 0.034375
0 0.7409722222222223 0.709375 0.06527777777777778 0.0375
0 0.6277777777777778 0.730859375 0.06666666666666667 0.02890625
0 0.65 0.760546875 0.044444444444444446 0.03203125
0 0.5895833333333333 0.777734375 0.07083333333333333 0.03359375
0 0.4666666666666667 0.81953125 0.03888888888888889 0.0171875
0 0.4701388888888889 0.692578125 0.04861111111111111 0.03046875
0 0.37569444444444444 0.6984375 0.0375 0.0234375
0 0.8756944444444444 0.608203125 0.04861111111111111 0.01953125
0 0.43680555555555556 0.39765625 0.04861111111111111 0.0140625
0 0.5631944444444444 0.617578125 0.034722222222222224 0.01640625
0 0.6625 0.385546875 0.044444444444444446 0.01171875
0 0.6430555555555556 0.308984375 0.05277777777777778 0.02421875
0 0.6506944444444445 0.320703125 0.05694444444444444 0.02578125
0 0.6770833333333334 0.329296875 0.02361111111111111 0.02421875
0 0.5013888888888889 0.44140625 0.025 0.009375
0 0.5895833333333333 0.440625 0.020833333333333332 0.0140625
0 0.19027777777777777 0.6109375 0.044444444444444446 0.034375
0 0.015277777777777777 0.529296875 0.025 0.03046875
0 0.059722222222222225 0.53203125 0.05555555555555555 0.0171875
0 0.7916666666666666 0.571875 0.030555555555555555 0.01875
0 0.425 0.7546875 0.041666666666666664 0.01875
0 0.6451388888888889 0.808984375 0.04583333333333333 0.03515625
0 0.6361111111111111 0.853515625 0.058333333333333334 0.03671875
0 0.12777777777777777 0.816796875 0.022222222222222223 0.01953125
0 0.1451388888888889 0.80703125 0.03194444444444444 0.0171875
0 0.21388888888888888 0.87734375 0.03888888888888889 0.025
0 0.08125 0.8734375 0.02638888888888889 0.015625
0 0.075 0.647265625 0.03333333333333333 0.02109375
0 0.1284722222222222 0.625390625 0.043055555555555555 0.03046875
0 0.10277777777777777 0.673828125 0.03333333333333333 0.01953125
0 0.0125 0.583984375 0.025 0.01953125
0 0.6986111111111111 0.54765625 0.027777777777777776 0.025
0 0.24722222222222223 0.70234375 0.03611111111111111 0.0140625
0 0.9375 0.931640625 0.041666666666666664 0.02421875
0 0.9645833333333333 0.9484375 0.0625 0.0328125
