0 0.5555555555555556 0.106640625 0.05277777777777778 0.04296875
0 0.40902777777777777 0.18828125 0.04027777777777778 0.025
0 0.42777777777777776 0.191796875 0.03611111111111111 0.02421875
0 0.6069444444444444 0.215625 0.05 0.0296875
0 0.6361111111111111 0.24921875 0.03888888888888889 0.0203125
0 0.6569444444444444 0.281640625 0.05 0.02265625
0 0.46805555555555556 0.309765625 0.03888888888888889 0.01953125
0 0.7569444444444444 0.25 0.03888888888888889 0.0234375
0 0.7270833333333333 0.251953125 0.02638888888888889 0.02109375
0 0.6861111111111111 0.246875 0.027777777777777776 0.015625
0 0.5194444444444445 0.2640625 0.03333333333333333 0.0234375
0 0.4909722222222222 0.283984375 0.02638888888888889 0.01796875
0 0.44722222222222224 0.319921875 0.030555555555555555 0.01640625
0 0.23333333333333334 0.3203125 0.03333333333333333 0.01875
0 0.22916666666666666 0.336328125 0.041666666666666664 0.01953125
0 0.4395833333333333 0.305078125 0.02361111111111111 0.01328125
0 0.48194444444444445 0.2609375 0.022222222222222223 0.0125
0 0.6854166666666667 0.417578125 0.03194444444444444 0.01640625
0 0.41388888888888886 0.4015625 0.030555555555555555 0.0234375
0 0.8875 0.47578125 0.03888888888888889 0.01875
0 0.5708333333333333 0.529296875 0.03888888888888889 0.01953125
0 0.5006944444444444 0.57109375 0.059722222222222225 0.0265625
0 0.44722222222222224 0.584375 0.041666666666666664 0.0390625
0 0.5298611111111111 0.59375 0.059722222222222225 0.034375
0 0.7319444444444444 0.614453125 0.05555555555555555 0.03203125
0 0.8902777777777777 0.49296875 0.03611111111111111 0.015625
0 0.4527777777777778 0.2875 0.027777777777777776 0.015625
0 0.9694444444444444 0.330859375 0.044444444444444446 0.01640625
0 0.575 0.219921875 0.025 0.02109375
0 0.47152777777777777 0.269140625 0.029166666666666667 0.01171875
0 0.6243055555555556 0.401171875 0.001388888888888889 0.00078125
0 0.6770833333333334 0.398828125 0.029166666666666667 0.00859375
0 0.5756944444444444 0.5125 0.043055555555555555 0.0234375
0 0.9868055555555556 0.52734375 0.02361111111111111 0.0265625
0 0.9326388888888889 0.696875 0.04027777777777778 0.0140625
0 0.9208333333333333 0.719140625 0.03333333333333333 0.01640625
