0 0.18055555555555555 0.223046875 0.04722222222222222 0.02734375
0 0.20347222222222222 0.241796875 0.05138888888888889 0.02890625
0 0.15763888888888888 0.245703125 0.043055555555555555 0.02421875
0 0.1840277777777778 0.303125 0.04861111111111111 0.021875
0 0.08194444444444444 0.403515625 0.05 0.03203125
0 0.05555555555555555 0.409765625 0.022222222222222223 0.02109375
0 0.1451388888888889 0.4171875 0.04583333333333333 0.01875
0 0.23680555555555555 0.441015625 0.05694444444444444 0.03046875
0 0.027777777777777776 0.493359375 0.05555555555555555 0.03046875
0 0.01597222222222222 0.498828125 0.03194444444444444 0.02578125
0 0.15486111111111112 0.494921875 0.05138888888888889 0.02734375
0 0.14027777777777778 0.51015625 0.04722222222222222 0.0171875
0 0.23541666666666666 0.52890625 0.04861111111111111 0.028125
0 0.2361111111111111 0.4765625 0.025 0.0234375
0 0.8979166666666667 0.490234375 0.0375 0.02109375
0 0.15347222222222223 0.623046875 0.05138888888888889 0.02265625
0 0.0625 0.069140625 0.03333333333333333 0.02265625
0 0.8569444444444444 0.51015625 0.04722222222222222 0.01875
0 0.20625 0.418359375 0.015277777777777777 0.01171875
0 0.005555555555555556 0.621875 0.011111111111111112 0.01875
