0 0.014583333333333334 0.038671875 0.029166666666666667 0.01953125
0 0.04375 0.045703125 0.05138888888888889 0.02265625
0 0.16666666666666666 0.023828125 0.025 0.02109375
0 0.18263888888888888 0.0734375 0.05138888888888889 0.0359375
0 0.059027777777777776 0.15078125 0.029166666666666667 0.0171875
0 0.18194444444444444 0.147265625 0.05277777777777778 0.02890625
0 0.013194444444444444 0.2015625 0.020833333333333332 0.015625
0 0.030555555555555555 0.26796875 0.03611111111111111 0.0234375
0 0.06388888888888888 0.26484375 0.044444444444444446 0.0328125
0 0.09305555555555556 0.21015625 0.04722222222222222 0.0265625
0 0.12777777777777777 0.219140625 0.016666666666666666 0.01953125
0 0.26319444444444445 0.2234375 0.05694444444444444 0.028125
0 0.2125 0.265625 0.06111111111111111 0.0296875
0 0.34375 0.269140625 0.043055555555555555 0.02421875
0 0.3923611111111111 0.281640625 0.03194444444444444 0.01171875
0 0.2611111111111111 0.323828125 0.027777777777777776 0.01171875
0 0.24097222222222223 0.341796875 0.029166666666666667 0.01171875
0 0.12152777777777778 0.603515625 0.02638888888888889 0.01484375
0 0.09097222222222222 0.540625 0.02638888888888889 0.01875
0 0.011111111111111112 0.641796875 0.022222222222222223 0.01640625
0 0.12986111111111112 0.684765625 0.05416666666666667 0.02265625
0 0.3236111111111111 0.596484375 0.044444444444444446 0.02109375
0 0.32916666666666666 0.638671875 0.058333333333333334 0.03046875
0 0.27847222222222223 0.74296875 0.04861111111111111 0.0328125
0 0.3472222222222222 0.751953125 0.05555555555555555 0.03359375
0 0.39791666666666664 0.6640625 0.05138888888888889 0.03125
0 0.38680555555555557 0.686328125 0.043055555555555555 0.01796875
0 0.4486111111111111 0.6828125 0.058333333333333334 0.0265625
0 0.41458333333333336 0.704296875 0.04027777777777778 0.03203125
0 0.5902777777777778 0.703125 0.041666666666666664 0.0234375
0 0.6152777777777778 0.663671875 0.05277777777777778 0.03046875
0 0.7506944444444444 0.580859375 0.04027777777777778 0.02109375
0 0.8270833333333333 0.476953125 0.015277777777777777 0.02734375
0 0.9625 0.5234375 0.06388888888888888 0.028125
0 0.9118055555555555 0.552734375 0.043055555555555555 0.02890625
0 0.3020833333333333 0.137890625 0.04861111111111111 0.02890625
0 0.2791666666666667 0.17734375 0.03611111111111111 0.015625
0 0.34930555555555554 0.147265625 0.05416666666666667 0.03359375
0 0.34375 0.096875 0.059722222222222225 0.034375
0 0.38472222222222224 0.081640625 0.041666666666666664 0.01640625
0 0.45 0.15 0.03611111111111111 0.021875
0 0.39375 0.190234375 0.02638888888888889 0.01171875
0 0.40902777777777777 0.205859375 0.03194444444444444 0.01484375
0 0.41944444444444445 0.01171875 0.03333333333333333 0.015625
0 0.4652777777777778 0.025 0.041666666666666664 0.028125
0 0.44166666666666665 0.0375 0.025 0.0171875
0 0.49930555555555556 0.03125 0.018055555555555554 0.01875
0 0.5666666666666667 0.076171875 0.03333333333333333 0.01953125
0 0.5923611111111111 0.008203125 0.0375 0.01484375
0 0.5743055555555555 0.0390625 0.04583333333333333 0.03125
0 0.61875 0.047265625 0.04861111111111111 0.02734375
0 0.5909722222222222 0.063671875 0.04027777777777778 0.01796875
0 0.6548611111111111 0.0703125 0.034722222222222224 0.01875
0 0.6166666666666667 0.089453125 0.030555555555555555 0.01953125
0 0.6041666666666666 0.12734375 0.030555555555555555 0.0171875
0 0.51875 0.14140625 0.03194444444444444 0.015625
0 0.5236111111111111 0.16171875 0.027777777777777776 0.0171875
0 0.5486111111111112 0.166015625 0.03333333333333333 0.01953125
0 0.5888888888888889 0.1515625 0.03611111111111111 0.0203125
0 0.6722222222222223 0.173828125 0.03888888888888889 0.01484375
0 0.6055555555555555 0.24765625 0.027777777777777776 0.0203125
0 0.7534722222222222 0.009765625 0.0375 0.01953125
0 0.8131944444444444 0.04296875 0.03194444444444444 0.0265625
0 0.8451388888888889 0.05546875 0.02361111111111111 0.01875
0 0.8548611111111111 0.030859375 0.020833333333333332 0.01484375
0 0.9902777777777778 0.042578125 0.016666666666666666 0.02109375
0 0.7868055555555555 0.073828125 0.034722222222222224 0.02109375
0 0.7798611111111111 0.105078125 0.03194444444444444 0.01953125
0 0.9666666666666667 0.125390625 0.03888888888888889 0.02421875
0 0.7965277777777777 0.175390625 0.05694444444444444 0.03046875
0 0.9506944444444444 0.16953125 0.05138888888888889 0.0328125
0 0.8805555555555555 0.178125 0.03888888888888889 0.0203125
0 0.9375 0.19765625 0.058333333333333334 0.0296875
0 0.9041666666666667 0.21015625 0.019444444444444445 0.0234375
0 0.8770833333333333 0.206640625 0.029166666666666667 0.01015625
0 0.8444444444444444 0.241015625 0.041666666666666664 0.02421875
0 0.8944444444444445 0.24765625 0.030555555555555555 0.0140625
0 0.75625 0.418359375 0.03194444444444444 0.01484375
0 0.64375 0.337109375 0.04027777777777778 0.01796875
0 0.6701388888888888 0.311328125 0.043055555555555555 0.02890625
0 0.7284722222222222 0.29140625 0.05694444444444444 0.03125
0 0.7548611111111111 0.31484375 0.05138888888888889 0.028125
0 0.7986111111111112 0.33671875 0.027777777777777776 0.0265625
0 0.8305555555555556 0.370703125 0.03333333333333333 0.01484375
0 0.9854166666666667 0.222265625 0.02361111111111111 0.01953125
0 0.2875 0.710546875 0.05277777777777778 0.02734375
0 0.9902777777777778 0.544921875 0.016666666666666666 0.00859375
0 0.025694444444444443 0.0984375 0.02361111111111111 0.0140625
0 0.5083333333333333 0.068359375 0.03333333333333333 0.01484375
0 0.6263888888888889 0.019140625 0.025 0.02109375
0 0.8333333333333334 0.1234375 0.025 0.01875
0 0.5555555555555556 0.185546875 0.03333333333333333 0.01640625
0 0.6256944444444444 0.153125 0.034722222222222224 0.01875
0 0.011805555555555555 0.242578125 0.020833333333333332 0.01015625
