0 0.12013888888888889 0.473046875 0.04027777777777778 0.02265625
0 0.24097222222222223 0.400390625 0.04027777777777778 0.01484375
0 0.3625 0.31953125 0.027777777777777776 0.0140625
0 0.3423611111111111 0.336328125 0.02361111111111111 0.01640625
0 0.7756944444444445 0.377734375 0.034722222222222224 0.01796875
0 0.36527777777777776 0.3421875 0.019444444444444445 0.009375
0 0.08402777777777778 0.3328125 0.02638888888888889 0.015625
0 0.10486111111111111 0.4625 0.03194444444444444 0.0140625
0 0.14722222222222223 0.467578125 0.025 0.01484375
0 0.8541666666666666 0.462109375 0.025 0.01640625
0 0.8868055555555555 0.45 0.020833333333333332 0.015625
0 0.7305555555555555 0.361328125 0.044444444444444446 0.02421875
