0 0.2423611111111111 0.05234375 0.02638888888888889 0.0140625
0 0.29097222222222224 0.09765625 0.04861111111111111 0.0328125
0 0.24375 0.11640625 0.02361111111111111 0.025
0 0.19375 0.084765625 0.034722222222222224 0.02421875
0 0.39791666666666664 0.106640625 0.03194444444444444 0.01953125
0 0.41944444444444445 0.104296875 0.022222222222222223 0.02265625
0 0.36319444444444443 0.08515625 0.018055555555555554 0.0109375
0 0.15416666666666667 0.1328125 0.03611111111111111 0.025
0 0.17569444444444443 0.231640625 0.043055555555555555 0.02265625
0 0.12638888888888888 0.20625 0.025 0.0140625
0 0.2513888888888889 0.207421875 0.030555555555555555 0.02421875
0 0.17152777777777778 0.294921875 0.04861111111111111 0.02109375
0 0.10069444444444445 0.35859375 0.05694444444444444 0.034375
0 0.09583333333333334 0.328125 0.030555555555555555 0.025
0 0.08402777777777778 0.388671875 0.04861111111111111 0.02578125
0 0.044444444444444446 0.385546875 0.027777777777777776 0.01640625
0 0.32708333333333334 0.19296875 0.034722222222222224 0.021875
0 0.4236111111111111 0.198046875 0.03888888888888889 0.02421875
0 0.4013888888888889 0.28671875 0.03611111111111111 0.0203125
0 0.5166666666666667 0.22734375 0.03888888888888889 0.0234375
0 0.5034722222222222 0.340625 0.04583333333333333 0.028125
0 0.5569444444444445 0.308984375 0.03333333333333333 0.02265625
0 0.5888888888888889 0.377734375 0.03888888888888889 0.02734375
0 0.6076388888888888 0.33125 0.043055555555555555 0.0171875
0 0.5895833333333333 0.32578125 0.02638888888888889 0.0109375
0 0.6847222222222222 0.29609375 0.03333333333333333 0.0125
0 0.55625 0.473046875 0.0375 0.02109375
0 0.5277777777777778 0.438671875 0.04722222222222222 0.02109375
0 0.5729166666666666 0.427734375 0.04027777777777778 0.01953125
0 0.21319444444444444 0.31875 0.02638888888888889 0.01875
0 0.15416666666666667 0.280078125 0.025 0.01640625
0 0.20208333333333334 0.24140625 0.02638888888888889 0.0140625
0 0.1284722222222222 0.220703125 0.03194444444444444 0.01640625
0 0.12222222222222222 0.4640625 0.030555555555555555 0.0125
0 0.43194444444444446 0.63203125 0.03611111111111111 0.0171875
0 0.43125 0.645703125 0.0375 0.01640625
0 0.5430555555555555 0.492578125 0.03888888888888889 0.01640625
0 0.5770833333333333 0.571484375 0.034722222222222224 0.01640625
0 0.21041666666666667 0.580078125 0.029166666666666667 0.01953125
0 0.3729166666666667 0.584375 0.04027777777777778 0.0125
0 0.29097222222222224 0.5921875 0.018055555555555554 0.015625
0 0.043055555555555555 0.416796875 0.03333333333333333 0.00703125
0 0.7284722222222222 0.588671875 0.043055555555555555 0.02265625
0 0.6777777777777778 0.484765625 0.05 0.02578125
0 0.8798611111111111 0.52734375 0.05138888888888889 0.025
0 0.8965277777777778 0.54453125 0.04583333333333333 0.01875
0 0.8131944444444444 0.550390625 0.034722222222222224 0.01796875
0 0.7763888888888889 0.551953125 0.03333333333333333 0.01484375
0 0.7534722222222222 0.355859375 0.04861111111111111 0.02421875
0 0.7145833333333333 0.332421875 0.02361111111111111 0.01171875
0 0.36527777777777776 0.617578125 0.019444444444444445 0.01015625
0 0.3701388888888889 0.605078125 0.018055555555555554 0.00703125
0 0.8854166666666666 0.0203125 0.05138888888888889 0.0328125
0 0.9055555555555556 0.013671875 0.041666666666666664 0.02578125
0 0.9902777777777778 0.024609375 0.016666666666666666 0.02734375
0 0.98125 0.05 0.034722222222222224 0.028125
0 0.9409722222222222 0.540234375 0.018055555555555554 0.01640625
0 0.9104166666666667 0.440625 0.018055555555555554 0.009375
0 0.7006944444444444 0.52265625 0.029166666666666667 0.0140625
0 0.5819444444444445 0.7734375 0.027777777777777776 0.025
0 0.5680555555555555 0.706640625 0.030555555555555555 0.02421875
0 0.18263888888888888 0.00703125 0.02638888888888889 0.0125
0 0.44722222222222224 0.30078125 0.030555555555555555 0.0140625
0 0.3888888888888889 0.3796875 0.030555555555555555 0.0140625
0 0.9854166666666667 0.45 0.02638888888888889 0.015625
