0 0.35833333333333334 0.071484375 0.044444444444444446 0.01953125
0 0.4125 0.0734375 0.03333333333333333 0.0296875
0 0.3402777777777778 0.10234375 0.05555555555555555 0.0328125
0 0.41041666666666665 0.10546875 0.04027777777777778 0.0296875
0 0.21875 0.134375 0.05416666666666667 0.021875
0 0.23472222222222222 0.1734375 0.05 0.0359375
0 0.2548611111111111 0.214453125 0.05416666666666667 0.03046875
0 0.25416666666666665 0.235546875 0.03333333333333333 0.01640625
0 0.21319444444444444 0.240625 0.05694444444444444 0.025
0 0.42916666666666664 0.180859375 0.03888888888888889 0.02890625
0 0.33541666666666664 0.265234375 0.04583333333333333 0.02109375
0 0.4534722222222222 0.2875 0.043055555555555555 0.03125
0 0.49236111111111114 0.295703125 0.05138888888888889 0.02890625
0 0.8611111111111112 0.25 0.044444444444444446 0.0234375
0 0.8701388888888889 0.271484375 0.04583333333333333 0.02265625
0 0.9111111111111111 0.28046875 0.041666666666666664 0.0171875
0 0.05416666666666667 0.39921875 0.06388888888888888 0.0296875
0 0.11180555555555556 0.44921875 0.05416666666666667 0.03125
0 0.20416666666666666 0.46015625 0.05 0.0265625
0 0.1701388888888889 0.480859375 0.0375 0.02109375
0 0.20833333333333334 0.486328125 0.041666666666666664 0.01953125
0 0.3173611111111111 0.3953125 0.043055555555555555 0.028125
0 0.3590277777777778 0.402734375 0.04583333333333333 0.02109375
0 0.3111111111111111 0.4578125 0.05 0.0234375
0 0.34444444444444444 0.476171875 0.05555555555555555 0.03046875
0 0.3875 0.483203125 0.05 0.02265625
0 0.42291666666666666 0.488671875 0.05138888888888889 0.02890625
0 0.3770833333333333 0.498828125 0.0375 0.01328125
0 0.25555555555555554 0.536328125 0.05555555555555555 0.02734375
0 0.5027777777777778 0.494921875 0.03611111111111111 0.02265625
0 0.5270833333333333 0.48828125 0.0375 0.0234375
0 0.8763888888888889 0.39921875 0.05277777777777778 0.0296875
0 0.9180555555555555 0.418359375 0.05277777777777778 0.02890625
0 0.9673611111111111 0.41640625 0.043055555555555555 0.01875
0 0.975 0.5359375 0.04722222222222222 0.028125
0 0.5993055555555555 0.540234375 0.03194444444444444 0.01171875
0 0.34444444444444444 0.60625 0.05555555555555555 0.03125
0 0.1986111111111111 0.5734375 0.05 0.028125
0 0.11319444444444444 0.64921875 0.04583333333333333 0.0234375
0 0.30416666666666664 0.6171875 0.06944444444444445 0.028125
0 0.19305555555555556 0.590625 0.04722222222222222 0.021875
0 0.23958333333333334 0.581640625 0.02638888888888889 0.01953125
0 0.4 0.734375 0.058333333333333334 0.0359375
0 0.43194444444444446 0.791015625 0.06111111111111111 0.02734375
0 0.3909722222222222 0.134375 0.02361111111111111 0.015625
0 0.06805555555555555 0.423828125 0.044444444444444446 0.01328125
0 0.8583333333333333 0.289453125 0.027777777777777776 0.01328125
