0 0.46805555555555556 0.85859375 0.06111111111111111 0.0375
0 0.8659722222222223 0.71640625 0.06805555555555555 0.0375
0 0.18194444444444444 0.98671875 0.03611111111111111 0.0203125
0 0.07361111111111111 0.902734375 0.06388888888888888 0.03359375
0 0.10625 0.975390625 0.05138888888888889 0.03203125
0 0.3347222222222222 0.862109375 0.03333333333333333 0.03359375
0 0.02638888888888889 0.851171875 0.05 0.03671875
0 0.10902777777777778 0.838671875 0.03194444444444444 0.02890625
0 0.5541666666666667 0.806640625 0.058333333333333334 0.03046875
0 0.08819444444444445 0.73046875 0.05694444444444444 0.0375
0 0.39375 0.666015625 0.06527777777777778 0.03984375
0 0.575 0.6765625 0.03888888888888889 0.0265625
0 0.09027777777777778 0.63203125 0.03611111111111111 0.0296875
0 0.029166666666666667 0.698828125 0.022222222222222223 0.02890625
0 0.5715277777777777 0.6078125 0.07083333333333333 0.028125
0 0.5284722222222222 0.588671875 0.04861111111111111 0.03046875
0 0.5569444444444445 0.55546875 0.058333333333333334 0.0328125
0 0.6638888888888889 0.54609375 0.058333333333333334 0.0359375
0 0.6597222222222222 0.58046875 0.05 0.021875
0 0.79375 0.625 0.043055555555555555 0.021875
0 0.9243055555555556 0.50859375 0.05416666666666667 0.0234375
0 0.9625 0.515625 0.058333333333333334 0.034375
0 0.9048611111111111 0.519921875 0.0625 0.02265625
0 0.3784722222222222 0.520703125 0.04861111111111111 0.02578125
0 0.33402777777777776 0.519921875 0.05138888888888889 0.02734375
0 0.425 0.51796875 0.05 0.0265625
0 0.15833333333333333 0.52421875 0.05 0.0359375
0 0.1423611111111111 0.4859375 0.04861111111111111 0.025
0 0.8652777777777778 0.624609375 0.058333333333333334 0.03046875
0 0.5875 0.484375 0.05 0.0234375
0 0.5263888888888889 0.46640625 0.04722222222222222 0.0125
0 0.48194444444444445 0.48984375 0.030555555555555555 0.0140625
0 0.38333333333333336 0.41796875 0.06111111111111111 0.0328125
0 0.3951388888888889 0.446484375 0.04583333333333333 0.03203125
0 0.2881944444444444 0.421484375 0.05694444444444444 0.02890625
0 0.3423611111111111 0.438671875 0.04027777777777778 0.01171875
0 0.45208333333333334 0.423046875 0.04861111111111111 0.02734375
0 0.5958333333333333 0.413671875 0.041666666666666664 0.02265625
0 0.6527777777777778 0.374609375 0.05555555555555555 0.03359375
0 0.6291666666666667 0.3671875 0.058333333333333334 0.0390625
0 0.4840277777777778 0.394140625 0.059722222222222225 0.03359375
0 0.8909722222222223 0.346484375 0.05694444444444444 0.03359375
0 0.8145833333333333 0.36640625 0.04861111111111111 0.028125
0 0.7923611111111111 0.40625 0.059722222222222225 0.0296875
0 0.6048611111111111 0.31953125 0.07361111111111111 0.0265625
0 0.5944444444444444 0.278125 0.044444444444444446 0.0296875
0 0.7979166666666667 0.312109375 0.059722222222222225 0.02421875
0 0.7125 0.290234375 0.058333333333333334 0.03671875
0 0.7409722222222223 0.324609375 0.04861111111111111 0.01796875
0 0.75 0.218359375 0.058333333333333334 0.02890625
0 0.6604166666666667 0.273828125 0.02361111111111111 0.01953125
0 0.7284722222222222 0.24140625 0.04027777777777778 0.01875
0 0.8305555555555556 0.188671875 0.04722222222222222 0.02734375
0 0.7972222222222223 0.227734375 0.041666666666666664 0.02421875
0 0.4076388888888889 0.231640625 0.05416666666666667 0.01640625
0 0.48333333333333334 0.1921875 0.03888888888888889 0.0328125
0 0.7729166666666667 0.15 0.05694444444444444 0.0328125
0 0.5618055555555556 0.128515625 0.04861111111111111 0.02578125
0 0.5888888888888889 0.069921875 0.05 0.03203125
0 0.6229166666666667 0.03515625 0.0375 0.0296875
0 0.5159722222222223 0.023828125 0.06527777777777778 0.03984375
0 0.5618055555555556 0.049609375 0.043055555555555555 0.03203125
0 0.6493055555555556 0.0734375 0.034722222222222224 0.0359375
0 0.9194444444444444 0.5765625 0.05277777777777778 0.028125
0 0.04236111111111111 0.0078125 0.05138888888888889 0.0140625
0 0.024305555555555556 0.00859375 0.034722222222222224 0.015625
0 0.5381944444444444 0.408203125 0.043055555555555555 0.01640625
0 0.06041666666666667 0.303515625 0.0625 0.01953125
0 0.08194444444444444 0.279296875 0.027777777777777776 0.02109375
0 0.14097222222222222 0.303125 0.04861111111111111 0.021875
0 0.27361111111111114 0.75546875 0.03888888888888889 0.021875
0 0.7680555555555556 0.744140625 0.05277777777777778 0.01640625
0 0.9791666666666666 0.689453125 0.03888888888888889 0.02109375
0 0.5979166666666667 0.151171875 0.02361111111111111 0.02890625
0 0.6236111111111111 0.15703125 0.03888888888888889 0.0265625
0 0.06041666666666667 0.968359375 0.043055555555555555 0.03046875
0 0.08402777777777778 0.95703125 0.04027777777777778 0.021875
0 0.03125 0.96484375 0.043055555555555555 0.0296875
0 0.8548611111111111 0.85390625 0.03194444444444444 0.0125
0 0.09305555555555556 0.416796875 0.03888888888888889 0.01484375
0 0.05277777777777778 0.487109375 0.08333333333333333 0.02890625
0 0.33402777777777776 0.5453125 0.03194444444444444 0.0171875
