0 0.33125 0.225390625 0.05694444444444444 0.02734375
0 0.4479166666666667 0.286328125 0.04583333333333333 0.02890625
0 0.5145833333333333 0.2734375 0.043055555555555555 0.0234375
0 0.5125 0.24921875 0.03611111111111111 0.021875
0 0.5486111111111112 0.247265625 0.041666666666666664 0.02109375
0 0.3645833333333333 0.1890625 0.03194444444444444 0.015625
0 0.4861111111111111 0.16328125 0.03888888888888889 0.021875
0 0.3680555555555556 0.13203125 0.03888888888888889 0.0203125
0 0.35208333333333336 0.119921875 0.0375 0.02421875
0 0.2673611111111111 0.094921875 0.029166666666666667 0.01484375
0 0.21805555555555556 0.0765625 0.03333333333333333 0.0203125
0 0.22013888888888888 0.091796875 0.034722222222222224 0.01640625
0 0.2875 0.151953125 0.03333333333333333 0.01640625
0 0.6409722222222223 0.184375 0.029166666666666667 0.0203125
0 0.7215277777777778 0.18828125 0.034722222222222224 0.0109375
0 0.8694444444444445 0.237109375 0.041666666666666664 0.02265625
0 0.8965277777777778 0.2703125 0.04027777777777778 0.021875
0 0.17569444444444443 0.20078125 0.04861111111111111 0.028125
0 0.16527777777777777 0.226953125 0.030555555555555555 0.02421875
0 0.13402777777777777 0.2125 0.05416666666666667 0.0296875
0 0.10972222222222222 0.23203125 0.03888888888888889 0.028125
0 0.08194444444444444 0.20546875 0.027777777777777776 0.0234375
0 0.11388888888888889 0.186328125 0.04722222222222222 0.02421875
0 0.22430555555555556 0.27109375 0.05138888888888889 0.0234375
0 0.18541666666666667 0.262109375 0.043055555555555555 0.02578125
0 0.175 0.2859375 0.030555555555555555 0.028125
0 0.13055555555555556 0.2625 0.04722222222222222 0.0296875
0 0.08611111111111111 0.26015625 0.04722222222222222 0.028125
0 0.24791666666666667 0.21171875 0.04583333333333333 0.0234375
0 0.04513888888888889 0.149609375 0.03194444444444444 0.01953125
0 0.42291666666666666 0.32578125 0.05416666666666667 0.028125
0 0.5201388888888889 0.344921875 0.04027777777777778 0.02734375
0 0.4361111111111111 0.34296875 0.044444444444444446 0.015625
0 0.27708333333333335 0.327734375 0.04583333333333333 0.02109375
0 0.7916666666666666 0.265625 0.03611111111111111 0.0203125
0 0.8298611111111112 0.25625 0.04583333333333333 0.028125
0 0.03263888888888889 0.169140625 0.02638888888888889 0.01796875
0 0.2361111111111111 0.308984375 0.044444444444444446 0.02265625
0 0.2604166666666667 0.297265625 0.03194444444444444 0.02109375
0 0.6708333333333333 0.3140625 0.030555555555555555 0.0171875
0 0.07777777777777778 0.284375 0.03888888888888889 0.01875
0 0.12916666666666668 0.309375 0.03888888888888889 0.021875
0 0.04236111111111111 0.29921875 0.03194444444444444 0.0203125
0 0.07430555555555556 0.295703125 0.03194444444444444 0.01484375
0 0.021527777777777778 0.296875 0.02361111111111111 0.0171875
0 0.015277777777777777 0.28203125 0.030555555555555555 0.0359375
0 0.010416666666666666 0.16171875 0.018055555555555554 0.0171875
0 0.5493055555555556 0.34453125 0.03194444444444444 0.0203125
0 0.25555555555555554 0.430859375 0.03611111111111111 0.02265625
0 0.18680555555555556 0.13984375 0.018055555555555554 0.0171875
0 0.09236111111111112 0.428125 0.05416666666666667 0.03125
0 0.05277777777777778 0.398046875 0.05277777777777778 0.02734375
0 0.4013888888888889 0.45234375 0.03888888888888889 0.0203125
0 0.41388888888888886 0.49765625 0.04722222222222222 0.0234375
0 0.38263888888888886 0.51875 0.0375 0.0203125
0 0.4076388888888889 0.530859375 0.04583333333333333 0.02890625
0 0.7541666666666667 0.471875 0.04722222222222222 0.0234375
0 0.6104166666666667 0.36171875 0.034722222222222224 0.0234375
0 0.17083333333333334 0.5078125 0.05 0.025
0 0.06458333333333334 0.491796875 0.04861111111111111 0.02421875
0 0.2548611111111111 0.5046875 0.05138888888888889 0.0234375
0 0.3055555555555556 0.48828125 0.03333333333333333 0.0140625
0 0.2951388888888889 0.53125 0.04027777777777778 0.0265625
0 0.3423611111111111 0.560546875 0.04027777777777778 0.01953125
0 0.33402777777777776 0.584375 0.034722222222222224 0.0171875
0 0.4798611111111111 0.600390625 0.04861111111111111 0.02734375
0 0.5944444444444444 0.562109375 0.03611111111111111 0.01953125
0 0.21388888888888888 0.587890625 0.030555555555555555 0.01796875
0 0.3472222222222222 0.62890625 0.027777777777777776 0.015625
0 0.7680555555555556 0.493359375 0.05277777777777778 0.02109375
0 0.6819444444444445 0.503515625 0.044444444444444446 0.02421875
0 0.6951388888888889 0.58671875 0.0375 0.0234375
0 0.6666666666666666 0.5875 0.019444444444444445 0.0125
0 0.825 0.52109375 0.03333333333333333 0.0171875
0 0.8534722222222222 0.5265625 0.03194444444444444 0.0171875
0 0.9666666666666667 0.58515625 0.03611111111111111 0.0203125
0 0.9305555555555556 0.637890625 0.03333333333333333 0.02578125
0 0.94375 0.646875 0.020833333333333332 0.0140625
0 0.5854166666666667 0.6359375 0.02638888888888889 0.01875
0 0.40069444444444446 0.70078125 0.029166666666666667 0.021875
0 0.46041666666666664 0.687109375 0.0375 0.02109375
0 0.4173611111111111 0.712890625 0.0375 0.01796875
0 0.7666666666666667 0.60390625 0.030555555555555555 0.0140625
0 0.7861111111111111 0.53203125 0.03333333333333333 0.0171875
0 0.9111111111111111 0.396484375 0.022222222222222223 0.01328125
0 0.9833333333333333 0.428125 0.022222222222222223 0.0109375
0 0.9881944444444445 0.437890625 0.015277777777777777 0.01484375
0 0.9756944444444444 0.4703125 0.02638888888888889 0.0109375
0 0.2861111111111111 0.353515625 0.03888888888888889 0.01484375
0 0.075 0.16328125 0.03611111111111111 0.0140625
0 0.3541666666666667 0.099609375 0.030555555555555555 0.01953125
0 0.23194444444444445 0.34609375 0.044444444444444446 0.021875
0 0.07916666666666666 0.449609375 0.027777777777777776 0.01953125
0 0.12152777777777778 0.489453125 0.04583333333333333 0.01640625
0 0.17569444444444443 0.46484375 0.029166666666666667 0.0140625
0 0.25416666666666665 0.60859375 0.022222222222222223 0.0171875
0 0.7604166666666666 0.548046875 0.043055555555555555 0.01953125
0 0.6472222222222223 0.580859375 0.022222222222222223 0.01640625
0 0.6236111111111111 0.53671875 0.03611111111111111 0.0109375
0 0.9868055555555556 0.23203125 0.02361111111111111 0.0140625
