0 0.02638888888888889 0.29375 0.04722222222222222 0.0265625
0 0.029166666666666667 0.323046875 0.05277777777777778 0.03046875
0 0.03888888888888889 0.34609375 0.04722222222222222 0.015625
0 0.04513888888888889 0.41015625 0.04861111111111111 0.028125
0 0.37569444444444444 0.53125 0.0375 0.0234375
0 0.39861111111111114 0.528125 0.022222222222222223 0.0171875
0 0.15902777777777777 0.50234375 0.04583333333333333 0.01875
0 0.24861111111111112 0.4625 0.04722222222222222 0.0234375
0 0.20972222222222223 0.3953125 0.019444444444444445 0.009375
0 0.15625 0.55859375 0.02638888888888889 0.0203125
0 0.425 0.696875 0.05277777777777778 0.028125
0 0.34444444444444444 0.523828125 0.03888888888888889 0.02265625
