0 0.3625 0.164453125 0.044444444444444446 0.02265625
0 0.1527777777777778 0.32734375 0.03333333333333333 0.0203125
0 0.19027777777777777 0.330078125 0.03611111111111111 0.01640625
0 0.18541666666666667 0.403125 0.04583333333333333 0.0265625
0 0.2 0.434375 0.04722222222222222 0.01875
0 0.14652777777777778 0.51953125 0.0375 0.0171875
0 0.18611111111111112 0.52109375 0.05 0.015625
0 0.18194444444444444 0.577734375 0.044444444444444446 0.01953125
0 0.16041666666666668 0.63125 0.04027777777777778 0.0234375
0 0.37777777777777777 0.4234375 0.041666666666666664 0.021875
0 0.4201388888888889 0.4046875 0.02361111111111111 0.0125
0 0.5784722222222223 0.3953125 0.04027777777777778 0.0234375
0 0.525 0.361328125 0.030555555555555555 0.01640625
0 0.5090277777777777 0.377734375 0.020833333333333332 0.01171875
0 0.4791666666666667 0.36796875 0.022222222222222223 0.0203125
0 0.45694444444444443 0.312890625 0.016666666666666666 0.00703125
0 0.4736111111111111 0.31796875 0.013888888888888888 0.0078125
0 0.7708333333333334 0.521875 0.016666666666666666 0.0109375
0 0.8291666666666667 0.5078125 0.008333333333333333 0.00625
0 0.9194444444444444 0.4953125 0.013888888888888888 0.0125
0 0.9819444444444444 0.5578125 0.025 0.021875
0 0.8159722222222222 0.61640625 0.02361111111111111 0.0125
0 0.9916666666666667 0.259765625 0.013888888888888888 0.02109375
0 0.03333333333333333 0.421875 0.022222222222222223 0.0140625
0 0.1 0.421484375 0.03333333333333333 0.02265625
0 0.13819444444444445 0.594921875 0.05416666666666667 0.02578125
0 0.3840277777777778 0.70546875 0.0375 0.0125
0 0.5055555555555555 0.64375 0.011111111111111112 0.01875
0 0.6756944444444445 0.628125 0.029166666666666667 0.01875
0 0.7388888888888889 0.594140625 0.030555555555555555 0.01171875
