0 0.04236111111111111 0.05859375 0.029166666666666667 0.0171875
0 0.1076388888888889 0.058984375 0.04861111111111111 0.02265625
0 0.11527777777777778 0.07578125 0.027777777777777776 0.009375
0 0.12152777777777778 0.095703125 0.04583333333333333 0.02890625
0 0.09027777777777778 0.093359375 0.013888888888888888 0.01953125
0 0.0763888888888889 0.10625 0.03611111111111111 0.0203125
0 0.10277777777777777 0.124609375 0.025 0.01640625
0 0.03819444444444445 0.143359375 0.03194444444444444 0.01484375
0 0.0763888888888889 0.159765625 0.027777777777777776 0.01328125
0 0.019444444444444445 0.18046875 0.03333333333333333 0.0125
0 0.05277777777777778 0.197265625 0.022222222222222223 0.01640625
0 0.11527777777777778 0.19296875 0.03333333333333333 0.015625
0 0.09027777777777778 0.2171875 0.030555555555555555 0.0140625
0 0.2638888888888889 0.2015625 0.04722222222222222 0.0296875
0 0.17777777777777778 0.06171875 0.030555555555555555 0.0203125
0 0.19583333333333333 0.075390625 0.025 0.01640625
0 0.1951388888888889 0.130078125 0.043055555555555555 0.02109375
0 0.24097222222222223 0.0953125 0.0375 0.028125
0 0.26319444444444445 0.10703125 0.034722222222222224 0.0203125
0 0.2791666666666667 0.126953125 0.041666666666666664 0.02734375
0 0.26180555555555557 0.081640625 0.029166666666666667 0.02421875
0 0.09583333333333334 0.371875 0.05277777777777778 0.03125
0 0.12430555555555556 0.34453125 0.04861111111111111 0.0296875
0 0.15763888888888888 0.33828125 0.02361111111111111 0.0171875
0 0.0798611111111111 0.393359375 0.0375 0.01328125
0 0.2 0.39921875 0.03888888888888889 0.0234375
0 0.23055555555555557 0.387109375 0.03888888888888889 0.02265625
0 0.006944444444444444 0.5234375 0.013888888888888888 0.0171875
0 0.07916666666666666 0.534765625 0.05277777777777778 0.02265625
0 0.29444444444444445 0.60546875 0.027777777777777776 0.015625
0 0.3326388888888889 0.63515625 0.029166666666666667 0.0171875
0 0.43194444444444446 0.612109375 0.025 0.01171875
0 0.49722222222222223 0.683984375 0.016666666666666666 0.01328125
0 0.2222222222222222 0.305859375 0.04722222222222222 0.02734375
0 0.3104166666666667 0.360546875 0.043055555555555555 0.01328125
0 0.28125 0.258203125 0.04583333333333333 0.02578125
0 0.3854166666666667 0.32265625 0.04861111111111111 0.0265625
0 0.41805555555555557 0.337890625 0.027777777777777776 0.01328125
0 0.4326388888888889 0.3640625 0.02361111111111111 0.015625
0 0.47847222222222224 0.593359375 0.04027777777777778 0.01953125
0 0.475 0.56875 0.030555555555555555 0.0203125
0 0.47152777777777777 0.515234375 0.020833333333333332 0.01640625
0 0.49722222222222223 0.52265625 0.05277777777777778 0.0234375
0 0.5472222222222223 0.587109375 0.05 0.02734375
0 0.5083333333333333 0.60859375 0.030555555555555555 0.0125
0 0.5541666666666667 0.62421875 0.03888888888888889 0.0125
0 0.5611111111111111 0.640625 0.03888888888888889 0.015625
0 0.6479166666666667 0.58359375 0.05138888888888889 0.0265625
0 0.7368055555555556 0.556640625 0.04861111111111111 0.02734375
0 0.7194444444444444 0.596875 0.019444444444444445 0.0125
0 0.7354166666666667 0.643359375 0.020833333333333332 0.01328125
0 0.3854166666666667 0.219140625 0.020833333333333332 0.01484375
0 0.41875 0.230078125 0.03194444444444444 0.01953125
0 0.4375 0.25546875 0.030555555555555555 0.015625
0 0.44027777777777777 0.273046875 0.022222222222222223 0.00859375
0 0.46944444444444444 0.22421875 0.03333333333333333 0.021875
0 0.4979166666666667 0.2515625 0.03194444444444444 0.0203125
0 0.5055555555555555 0.22578125 0.027777777777777776 0.0203125
0 0.5326388888888889 0.23984375 0.020833333333333332 0.015625
0 0.5277777777777778 0.18671875 0.022222222222222223 0.0140625
0 0.6194444444444445 0.23828125 0.03333333333333333 0.0171875
0 0.6451388888888889 0.25078125 0.02638888888888889 0.0171875
0 0.55625 0.308203125 0.029166666666666667 0.01640625
0 0.5104166666666666 0.377734375 0.029166666666666667 0.01484375
0 0.5451388888888888 0.358203125 0.018055555555555554 0.01328125
0 0.5805555555555556 0.36640625 0.022222222222222223 0.015625
0 0.5368055555555555 0.41953125 0.02361111111111111 0.0125
0 0.8208333333333333 0.6140625 0.04722222222222222 0.025
0 0.8069444444444445 0.644140625 0.05555555555555555 0.03203125
0 0.8451388888888889 0.70390625 0.05694444444444444 0.025
0 0.9159722222222222 0.65703125 0.020833333333333332 0.0171875
0 0.8798611111111111 0.573828125 0.06527777777777778 0.03359375
0 0.9381944444444444 0.5484375 0.04027777777777778 0.021875
0 0.7597222222222222 0.4859375 0.041666666666666664 0.01875
0 0.825 0.49375 0.044444444444444446 0.021875
0 0.8993055555555556 0.4890625 0.02638888888888889 0.0125
0 0.9868055555555556 0.466796875 0.02361111111111111 0.02734375
0 0.9916666666666667 0.49296875 0.011111111111111112 0.021875
0 0.6354166666666666 0.1625 0.043055555555555555 0.01875
0 0.6631944444444444 0.189453125 0.020833333333333332 0.01953125
0 0.7270833333333333 0.233203125 0.03194444444444444 0.01484375
0 0.7291666666666666 0.145703125 0.041666666666666664 0.02578125
0 0.7451388888888889 0.183203125 0.020833333333333332 0.02421875
0 0.7756944444444445 0.204296875 0.03194444444444444 0.02109375
0 0.8034722222222223 0.2390625 0.03194444444444444 0.01875
0 0.8020833333333334 0.2140625 0.02638888888888889 0.015625
0 0.8402777777777778 0.185546875 0.041666666666666664 0.02578125
0 0.8270833333333333 0.20234375 0.03194444444444444 0.0171875
0 0.8458333333333333 0.221484375 0.03611111111111111 0.01640625
0 0.8638888888888889 0.194921875 0.027777777777777776 0.01796875
0 0.9034722222222222 0.211328125 0.03194444444444444 0.01953125
0 0.9263888888888889 0.1875 0.03611111111111111 0.01875
0 0.9743055555555555 0.164453125 0.03194444444444444 0.02421875
0 0.9916666666666667 0.17890625 0.011111111111111112 0.0203125
0 0.9131944444444444 0.3078125 0.020833333333333332 0.0125
0 0.9340277777777778 0.319921875 0.020833333333333332 0.01015625
0 0.9513888888888888 0.350390625 0.027777777777777776 0.00859375
0 0.9944444444444445 0.282421875 0.008333333333333333 0.01640625
0 0.6381944444444444 0.397265625 0.018055555555555554 0.01484375
0 0.6541666666666667 0.408203125 0.019444444444444445 0.01171875
0 0.6493055555555556 0.424609375 0.02638888888888889 0.01484375
0 0.68125 0.425 0.029166666666666667 0.01875
0 0.7090277777777778 0.41640625 0.02361111111111111 0.0140625
0 0.6375 0.4640625 0.025 0.0109375
0 0.7194444444444444 0.443359375 0.025 0.01328125
0 0.8895833333333333 0.421875 0.02361111111111111 0.015625
0 0.7916666666666666 0.437890625 0.022222222222222223 0.01171875
0 0.7319444444444444 0.393359375 0.025 0.01328125
0 0.7354166666666667 0.38203125 0.02638888888888889 0.0109375
0 0.9013888888888889 0.353515625 0.03333333333333333 0.01484375
0 0.96875 0.185546875 0.034722222222222224 0.01640625
0 0.7743055555555556 0.596875 0.020833333333333332 0.0109375
0 0.5180555555555556 0.558984375 0.027777777777777776 0.01640625
