0 0.4826388888888889 0.09453125 0.04861111111111111 0.025
0 0.5923611111111111 0.12734375 0.0625 0.034375
0 0.38333333333333336 0.18515625 0.05 0.0328125
0 0.5472222222222223 0.191015625 0.05555555555555555 0.03203125
0 0.35208333333333336 0.234375 0.04861111111111111 0.028125
0 0.3590277777777778 0.264453125 0.05416666666666667 0.03203125
0 0.3423611111111111 0.212890625 0.02638888888888889 0.01796875
0 0.38333333333333336 0.212109375 0.025 0.01640625
0 0.2611111111111111 0.33359375 0.04722222222222222 0.025
0 0.3347222222222222 0.28984375 0.05277777777777778 0.0296875
0 0.44583333333333336 0.240234375 0.03888888888888889 0.01953125
0 0.48680555555555555 0.237109375 0.04027777777777778 0.01484375
0 0.2548611111111111 0.36328125 0.04861111111111111 0.0265625
0 0.3236111111111111 0.346875 0.05 0.0203125
0 0.31527777777777777 0.378515625 0.03888888888888889 0.01953125
0 0.23125 0.4390625 0.029166666666666667 0.021875
0 0.3194444444444444 0.448046875 0.03888888888888889 0.01796875
0 0.5569444444444445 0.46328125 0.05555555555555555 0.028125
0 0.5965277777777778 0.51484375 0.04861111111111111 0.0296875
0 0.33055555555555555 0.49140625 0.05 0.025
0 0.2048611111111111 0.496875 0.02638888888888889 0.0234375
0 0.30069444444444443 0.56015625 0.04861111111111111 0.0296875
0 0.3715277777777778 0.532421875 0.05138888888888889 0.02421875
0 0.32916666666666666 0.5171875 0.03333333333333333 0.0265625
0 0.18541666666666667 0.5453125 0.04583333333333333 0.0234375
0 0.16805555555555557 0.640234375 0.03611111111111111 0.01953125
0 0.22291666666666668 0.656640625 0.0375 0.03203125
0 0.5270833333333333 0.5921875 0.05138888888888889 0.021875
0 0.5861111111111111 0.5921875 0.027777777777777776 0.021875
0 0.6465277777777778 0.591796875 0.043055555555555555 0.02578125
0 0.5854166666666667 0.634765625 0.04027777777777778 0.01953125
0 0.5548611111111111 0.7234375 0.05416666666666667 0.028125
0 0.49930555555555556 0.75859375 0.043055555555555555 0.0265625
0 0.425 0.737109375 0.03333333333333333 0.02421875
0 0.07569444444444444 0.84921875 0.04027777777777778 0.0234375
0 0.5465277777777777 0.783984375 0.043055555555555555 0.01796875
0 0.6923611111111111 0.819921875 0.04583333333333333 0.02265625
0 0.9611111111111111 0.769921875 0.041666666666666664 0.02265625
0 0.6277777777777778 0.7984375 0.03333333333333333 0.0203125
0 0.6215277777777778 0.652734375 0.04027777777777778 0.01640625
0 0.1840277777777778 0.454296875 0.034722222222222224 0.01171875
0 0.625 0.780859375 0.03333333333333333 0.01328125
0 0.625 0.468359375 0.04722222222222222 0.02734375
0 0.4666666666666667 0.303515625 0.041666666666666664 0.02734375
0 0.15416666666666667 0.5859375 0.041666666666666664 0.01875
0 0.16597222222222222 0.377734375 0.029166666666666667 0.02265625
0 0.25069444444444444 0.487890625 0.04027777777777778 0.02265625
0 0.28402777777777777 0.48671875 0.02361111111111111 0.0234375
0 0.5048611111111111 0.466015625 0.04583333333333333 0.01015625
0 0.33055555555555555 0.560546875 0.027777777777777776 0.02890625
0 0.23819444444444443 0.56875 0.05138888888888889 0.028125
0 0.15069444444444444 0.865625 0.05138888888888889 0.025
0 0.7083333333333334 0.751171875 0.04722222222222222 0.02578125
0 0.5979166666666667 0.5515625 0.05694444444444444 0.0203125
