0 0.8375 0.096875 0.058333333333333334 0.03125
0 0.8916666666666667 0.1359375 0.05277777777777778 0.028125
0 0.8104166666666667 0.169921875 0.05694444444444444 0.03203125
0 0.6569444444444444 0.0171875 0.05555555555555555 0.034375
0 0.7118055555555556 0.019140625 0.0375 0.03046875
0 0.6729166666666667 0.10078125 0.05138888888888889 0.0265625
0 0.6583333333333333 0.23046875 0.041666666666666664 0.03125
0 0.7229166666666667 0.223828125 0.018055555555555554 0.02578125
0 0.7888888888888889 0.189453125 0.03333333333333333 0.01796875
0 0.8597222222222223 0.172265625 0.03888888888888889 0.01796875
0 0.6652777777777777 0.271484375 0.058333333333333334 0.02890625
0 0.95 0.293359375 0.058333333333333334 0.02890625
0 0.8548611111111111 0.265625 0.05138888888888889 0.0234375
0 0.7729166666666667 0.241796875 0.05138888888888889 0.03046875
0 0.6944444444444444 0.318359375 0.05555555555555555 0.03515625
0 0.6854166666666667 0.29140625 0.0375 0.0171875
0 0.5402777777777777 0.19453125 0.041666666666666664 0.0125
0 0.7875 0.26796875 0.027777777777777776 0.0171875
0 0.8131944444444444 0.280859375 0.02361111111111111 0.00859375
0 0.7208333333333333 0.330078125 0.05277777777777778 0.03203125
0 0.6444444444444445 0.36796875 0.044444444444444446 0.0203125
0 0.6708333333333333 0.355859375 0.041666666666666664 0.01640625
0 0.4423611111111111 0.374609375 0.05416666666666667 0.03046875
0 0.4534722222222222 0.404296875 0.05138888888888889 0.02734375
0 0.3958333333333333 0.396484375 0.03333333333333333 0.01015625
0 0.54375 0.34921875 0.05416666666666667 0.0296875
0 0.5847222222222223 0.422265625 0.044444444444444446 0.01796875
0 0.6402777777777777 0.4390625 0.044444444444444446 0.025
0 0.8743055555555556 0.316015625 0.04861111111111111 0.03203125
0 0.8625 0.353515625 0.05555555555555555 0.03359375
0 0.38263888888888886 0.47734375 0.04027777777777778 0.028125
0 0.425 0.48203125 0.04722222222222222 0.028125
0 0.4701388888888889 0.475 0.05138888888888889 0.0265625
0 0.6180555555555556 0.50625 0.058333333333333334 0.0296875
0 0.7159722222222222 0.498828125 0.0625 0.03671875
0 0.4652777777777778 0.610546875 0.03888888888888889 0.02421875
0 0.44027777777777777 0.626171875 0.041666666666666664 0.01796875
0 0.9173611111111111 0.6640625 0.06527777777777778 0.0375
0 0.84375 0.573046875 0.05138888888888889 0.02421875
0 0.6347222222222222 0.561328125 0.06111111111111111 0.02578125
0 0.5861111111111111 0.541796875 0.058333333333333334 0.02265625
0 0.6013888888888889 0.558203125 0.030555555555555555 0.01484375
0 0.15625 0.689453125 0.059722222222222225 0.03515625
0 0.09236111111111112 0.6578125 0.02638888888888889 0.0265625
0 0.035416666666666666 0.605859375 0.05694444444444444 0.03828125
0 0.009722222222222222 0.609765625 0.016666666666666666 0.03515625
0 0.15902777777777777 0.59296875 0.04583333333333333 0.0296875
0 0.32708333333333334 0.709765625 0.043055555555555555 0.01953125
0 0.5194444444444445 0.648046875 0.022222222222222223 0.01328125
0 0.6319444444444444 0.62265625 0.027777777777777776 0.015625
0 0.5347222222222222 0.8046875 0.06944444444444445 0.0421875
0 0.14583333333333334 0.854296875 0.06111111111111111 0.02578125
0 0.13194444444444445 0.921875 0.04722222222222222 0.0296875
0 0.10208333333333333 0.916796875 0.043055555555555555 0.03046875
0 0.4048611111111111 0.811328125 0.04027777777777778 0.02734375
0 0.6201388888888889 0.751171875 0.05138888888888889 0.03046875
0 0.09513888888888888 0.802734375 0.04861111111111111 0.03203125
0 0.1638888888888889 0.793359375 0.044444444444444446 0.02421875
0 0.9006944444444445 0.796875 0.043055555555555555 0.0171875
0 0.9777777777777777 0.46171875 0.041666666666666664 0.0328125
0 0.9604166666666667 0.4671875 0.04861111111111111 0.0265625
0 0.5076388888888889 0.38359375 0.0375 0.021875
0 0.35 0.38359375 0.044444444444444446 0.021875
0 0.10277777777777777 0.447265625 0.044444444444444446 0.02890625
0 0.2 0.43984375 0.044444444444444446 0.03125
0 0.21597222222222223 0.48203125 0.04583333333333333 0.034375
0 0.013888888888888888 0.55703125 0.027777777777777776 0.0203125
0 0.014583333333333334 0.496875 0.029166666666666667 0.0203125
0 0.11944444444444445 0.262890625 0.04722222222222222 0.02109375
0 0.12986111111111112 0.2390625 0.0375 0.0234375
0 0.19375 0.2625 0.04583333333333333 0.0234375
0 0.01597222222222222 0.315625 0.03194444444444444 0.0140625
0 0.4409722222222222 0.180859375 0.029166666666666667 0.01484375
0 0.12916666666666668 0.408984375 0.027777777777777776 0.01484375
0 0.7076388888888889 0.528515625 0.029166666666666667 0.01640625
0 0.5361111111111111 0.451171875 0.027777777777777776 0.02421875
0 0.4888888888888889 0.443359375 0.025 0.01015625
0 0.6201388888888889 0.003125 0.029166666666666667 0.00625
0 0.53125 0.740625 0.043055555555555555 0.0296875
0 0.8111111111111111 0.68515625 0.041666666666666664 0.0140625
0 0.9194444444444444 0.566796875 0.030555555555555555 0.02109375
0 0.8229166666666666 0.478125 0.043055555555555555 0.015625
0 0.6590277777777778 0.746484375 0.03194444444444444 0.01953125
0 0.9027777777777778 0.336328125 0.05 0.02578125
0 0.8541666666666666 0.443359375 0.03611111111111111 0.01796875
0 0.1625 0.98359375 0.05277777777777778 0.03125
0 0.009722222222222222 0.9671875 0.016666666666666666 0.0234375
0 0.16527777777777777 0.926953125 0.05 0.02734375
0 0.25 0.93203125 0.05 0.0234375
0 0.47847222222222224 0.930078125 0.059722222222222225 0.03515625
0 0.3715277777777778 0.50625 0.015277777777777777 0.015625
0 0.15625 0.90625 0.04027777777777778 0.0140625
0 0.8680555555555556 0.766796875 0.027777777777777776 0.02109375
