0 0.5131944444444444 0.305078125 0.05138888888888889 0.02734375
0 0.6513888888888889 0.2703125 0.04722222222222222 0.034375
0 0.6534722222222222 0.239453125 0.04583333333333333 0.01953125
0 0.7013888888888888 0.240234375 0.058333333333333334 0.02734375
0 0.7125 0.2703125 0.03888888888888889 0.0265625
0 0.7243055555555555 0.255078125 0.020833333333333332 0.01328125
0 0.5354166666666667 0.337109375 0.05138888888888889 0.03515625
0 0.69375 0.338671875 0.04861111111111111 0.02578125
0 0.5486111111111112 0.37265625 0.03611111111111111 0.03125
0 0.45625 0.363671875 0.05694444444444444 0.02421875
0 0.5041666666666667 0.398046875 0.058333333333333334 0.02734375
0 0.6076388888888888 0.417578125 0.05416666666666667 0.02421875
0 0.7368055555555556 0.4390625 0.05138888888888889 0.0296875
0 0.7756944444444445 0.446875 0.05416666666666667 0.028125
0 0.5972222222222222 0.55078125 0.05277777777777778 0.025
0 0.6402777777777777 0.55390625 0.044444444444444446 0.025
0 0.4 0.5609375 0.06111111111111111 0.028125
0 0.3729166666666667 0.57734375 0.0375 0.021875
0 0.42986111111111114 0.603125 0.034722222222222224 0.0265625
0 0.4756944444444444 0.609375 0.015277777777777777 0.021875
0 0.4125 0.634765625 0.04722222222222222 0.02265625
0 0.45625 0.64296875 0.04861111111111111 0.021875
0 0.29444444444444445 0.639453125 0.05555555555555555 0.01796875
0 0.3472222222222222 0.605859375 0.03888888888888889 0.01484375
0 0.5861111111111111 0.6109375 0.041666666666666664 0.021875
0 0.6069444444444444 0.627734375 0.06111111111111111 0.03359375
0 0.6208333333333333 0.64765625 0.041666666666666664 0.01875
0 0.6979166666666666 0.6375 0.043055555555555555 0.0265625
0 0.7472222222222222 0.64765625 0.05 0.0296875
0 0.7097222222222223 0.659375 0.03888888888888889 0.01875
0 0.6784722222222223 0.689453125 0.04027777777777778 0.02265625
0 0.7347222222222223 0.692578125 0.019444444444444445 0.01640625
0 0.5368055555555555 0.696875 0.05416666666666667 0.0296875
0 0.6493055555555556 0.713671875 0.034722222222222224 0.01015625
0 0.4909722222222222 0.73515625 0.04861111111111111 0.028125
0 0.4722222222222222 0.7546875 0.025 0.021875
0 0.49583333333333335 0.753125 0.030555555555555555 0.01875
0 0.40069444444444446 0.822265625 0.05416666666666667 0.02734375
0 0.13402777777777777 0.935546875 0.0375 0.02734375
0 0.6125 0.783984375 0.06944444444444445 0.02890625
0 0.6701388888888888 0.773828125 0.05694444444444444 0.03359375
0 0.6673611111111111 0.8 0.043055555555555555 0.021875
0 0.7465277777777778 0.9140625 0.05694444444444444 0.0359375
0 0.15347222222222223 0.79921875 0.03194444444444444 0.0203125
0 0.79375 0.97734375 0.0625 0.0375
0 0.04375 0.82890625 0.0375 0.0265625
0 0.12777777777777777 0.8328125 0.016666666666666666 0.0140625
0 0.04791666666666667 0.88203125 0.034722222222222224 0.028125
0 0.05486111111111111 0.90546875 0.04583333333333333 0.0203125
0 0.13194444444444445 0.982421875 0.03888888888888889 0.02265625
0 0.014583333333333334 0.76484375 0.029166666666666667 0.025
0 0.015277777777777777 0.71171875 0.027777777777777776 0.025
0 0.5020833333333333 0.639453125 0.015277777777777777 0.01484375
