0 0.5486111111111112 0.315234375 0.03888888888888889 0.02265625
0 0.525 0.294140625 0.05 0.02734375
0 0.5104166666666666 0.31328125 0.03194444444444444 0.0171875
0 0.3819444444444444 0.355078125 0.03611111111111111 0.02265625
0 0.2638888888888889 0.3703125 0.022222222222222223 0.0125
0 0.15555555555555556 0.351171875 0.03333333333333333 0.01953125
0 0.2222222222222222 0.421484375 0.025 0.01328125
0 0.6166666666666667 0.36328125 0.03333333333333333 0.0171875
0 0.6930555555555555 0.346484375 0.03888888888888889 0.01953125
0 0.7986111111111112 0.339453125 0.04722222222222222 0.02265625
0 0.8611111111111112 0.397265625 0.03888888888888889 0.02421875
0 0.8875 0.36875 0.03611111111111111 0.0265625
0 0.8506944444444444 0.36953125 0.03194444444444444 0.01875
0 0.71875 0.365234375 0.03194444444444444 0.02109375
0 0.6097222222222223 0.286328125 0.03888888888888889 0.01953125
0 0.6118055555555556 0.216796875 0.034722222222222224 0.01484375
0 0.475 0.184765625 0.03888888888888889 0.02265625
0 0.6138888888888889 0.60625 0.03611111111111111 0.0265625
0 0.36736111111111114 0.559375 0.02361111111111111 0.025
0 0.8131944444444444 0.363671875 0.02361111111111111 0.01484375
0 0.21944444444444444 0.3921875 0.030555555555555555 0.0140625
0 0.7631944444444444 0.387109375 0.034722222222222224 0.01796875
0 0.7597222222222222 0.366015625 0.03611111111111111 0.01015625
0 0.8576388888888888 0.32421875 0.034722222222222224 0.0125
0 0.07083333333333333 0.36796875 0.030555555555555555 0.015625
0 0.07013888888888889 0.353515625 0.034722222222222224 0.01328125
0 0.022916666666666665 0.333203125 0.02638888888888889 0.01171875
0 0.005555555555555556 0.389453125 0.008333333333333333 0.01640625
0 0.23194444444444445 0.373828125 0.027777777777777776 0.01171875
0 0.26666666666666666 0.414453125 0.025 0.01171875
0 0.34444444444444444 0.40703125 0.022222222222222223 0.0125
0 0.5173611111111112 0.3890625 0.02361111111111111 0.0140625
0 0.5409722222222222 0.3890625 0.020833333333333332 0.0171875
0 0.08125 0.44609375 0.015277777777777777 0.0140625
0 0.3284722222222222 0.47734375 0.020833333333333332 0.0140625
0 0.5159722222222223 0.450390625 0.029166666666666667 0.01015625
0 0.49166666666666664 0.47734375 0.022222222222222223 0.0140625
0 0.5784722222222223 0.5359375 0.034722222222222224 0.0171875
0 0.6034722222222222 0.546484375 0.02638888888888889 0.01328125
0 0.5881944444444445 0.588671875 0.03194444444444444 0.02109375
0 0.6666666666666666 0.526171875 0.041666666666666664 0.01953125
0 0.7520833333333333 0.3171875 0.0375 0.009375
0 0.7368055555555556 0.32734375 0.015277777777777777 0.0140625
0 0.8284722222222223 0.380078125 0.020833333333333332 0.01484375
0 0.9868055555555556 0.4234375 0.02361111111111111 0.0203125
0 0.7506944444444444 0.437109375 0.04027777777777778 0.01484375
0 0.6048611111111111 0.34765625 0.034722222222222224 0.0140625
0 0.7680555555555556 0.235546875 0.022222222222222223 0.01796875
