0 0.39166666666666666 0.37890625 0.025 0.0171875
0 0.425 0.3765625 0.03611111111111111 0.01875
0 0.41180555555555554 0.403125 0.02361111111111111 0.0203125
0 0.36875 0.43515625 0.05138888888888889 0.0265625
0 0.46875 0.423828125 0.04861111111111111 0.02421875
0 0.4652777777777778 0.466015625 0.041666666666666664 0.02421875
0 0.40347222222222223 0.45625 0.04027777777777778 0.0171875
0 0.33541666666666664 0.451953125 0.02638888888888889 0.02109375
0 0.3638888888888889 0.515625 0.019444444444444445 0.0125
0 0.45555555555555555 0.503515625 0.044444444444444446 0.02734375
0 0.48541666666666666 0.494140625 0.04583333333333333 0.02421875
0 0.5298611111111111 0.57265625 0.05416666666666667 0.0265625
0 0.38055555555555554 0.576953125 0.06111111111111111 0.02421875
0 0.4444444444444444 0.6015625 0.05277777777777778 0.025
0 0.058333333333333334 0.66796875 0.044444444444444446 0.0296875
0 0.11805555555555555 0.6859375 0.044444444444444446 0.0265625
0 0.3111111111111111 0.624609375 0.041666666666666664 0.01796875
0 0.3972222222222222 0.646875 0.025 0.0140625
0 0.36736111111111114 0.703125 0.034722222222222224 0.025
0 0.5055555555555555 0.623828125 0.044444444444444446 0.02265625
0 0.5847222222222223 0.633984375 0.044444444444444446 0.03359375
0 0.6125 0.657421875 0.05 0.02265625
0 0.6409722222222223 0.614453125 0.04861111111111111 0.01796875
0 0.9013888888888889 0.601953125 0.04722222222222222 0.01953125
0 0.9548611111111112 0.587890625 0.04027777777777778 0.02265625
0 0.8930555555555556 0.618359375 0.044444444444444446 0.02109375
0 0.8805555555555555 0.63125 0.027777777777777776 0.0109375
