0 0.3541666666666667 0.067578125 0.04722222222222222 0.03046875
0 0.4236111111111111 0.076171875 0.05 0.02578125
0 0.41944444444444445 0.098828125 0.044444444444444446 0.02109375
0 0.48541666666666666 0.119921875 0.04583333333333333 0.01484375
0 0.4965277777777778 0.21484375 0.043055555555555555 0.0234375
0 0.49444444444444446 0.237890625 0.044444444444444446 0.02109375
0 0.9472222222222222 0.23515625 0.03611111111111111 0.021875
0 0.9756944444444444 0.237890625 0.04027777777777778 0.02578125
0 0.9881944444444445 0.340234375 0.020833333333333332 0.02578125
0 0.625 0.43046875 0.03888888888888889 0.028125
0 0.6638888888888889 0.430859375 0.041666666666666664 0.02109375
0 0.7236111111111111 0.49453125 0.044444444444444446 0.0234375
0 0.8597222222222223 0.430078125 0.03333333333333333 0.02109375
0 0.8993055555555556 0.43984375 0.0375 0.0203125
0 0.8909722222222223 0.48671875 0.04861111111111111 0.021875
0 0.83125 0.479296875 0.05416666666666667 0.02890625
0 0.875 0.46796875 0.041666666666666664 0.021875
0 0.7826388888888889 0.5484375 0.020833333333333332 0.015625
0 0.7576388888888889 0.496484375 0.02638888888888889 0.01953125
0 0.6618055555555555 0.5953125 0.029166666666666667 0.0203125
0 0.6833333333333333 0.5953125 0.03333333333333333 0.021875
0 0.6326388888888889 0.6171875 0.03194444444444444 0.0234375
0 0.5423611111111111 0.545703125 0.0375 0.02578125
0 0.4048611111111111 0.519921875 0.034722222222222224 0.01484375
0 0.3819444444444444 0.508984375 0.03888888888888889 0.01484375
0 0.6131944444444445 0.37421875 0.034722222222222224 0.0234375
0 0.42777777777777776 0.70703125 0.06111111111111111 0.0328125
0 0.4638888888888889 0.6953125 0.030555555555555555 0.0140625
0 0.8013888888888889 0.73203125 0.030555555555555555 0.025
0 0.16319444444444445 0.38125 0.043055555555555555 0.0265625
0 0.14166666666666666 0.41953125 0.044444444444444446 0.021875
0 0.21805555555555556 0.469921875 0.03888888888888889 0.01640625
0 0.11805555555555555 0.457421875 0.03333333333333333 0.01953125
0 0.10555555555555556 0.4296875 0.044444444444444446 0.0234375
0 0.07361111111111111 0.3484375 0.044444444444444446 0.0203125
0 0.06736111111111111 0.23125 0.04027777777777778 0.0234375
0 0.009722222222222222 0.226171875 0.016666666666666666 0.02109375
0 0.043055555555555555 0.15390625 0.03333333333333333 0.0234375
0 0.08055555555555556 0.153125 0.03611111111111111 0.01875
0 0.11527777777777778 0.32265625 0.019444444444444445 0.0140625
0 0.010416666666666666 0.21015625 0.020833333333333332 0.015625
0 0.8888888888888888 0.512890625 0.027777777777777776 0.01796875
0 0.925 0.487109375 0.022222222222222223 0.01640625
0 0.95 0.436328125 0.027777777777777776 0.01640625
0 0.99375 0.162109375 0.009722222222222222 0.02734375
