0 0.22569444444444445 0.1140625 0.04861111111111111 0.0296875
0 0.20902777777777778 0.09375 0.0375 0.021875
0 0.17847222222222223 0.08125 0.04583333333333333 0.0328125
0 0.20208333333333334 0.06796875 0.04861111111111111 0.0296875
0 0.13472222222222222 0.06328125 0.041666666666666664 0.01875
0 0.1125 0.045703125 0.03333333333333333 0.02265625
0 0.049305555555555554 0.04921875 0.04861111111111111 0.028125
0 0.015277777777777777 0.048046875 0.022222222222222223 0.01640625
0 0.05555555555555555 0.084375 0.044444444444444446 0.0296875
0 0.02638888888888889 0.081640625 0.025 0.02578125
0 0.020833333333333332 0.0921875 0.03888888888888889 0.0203125
0 0.14722222222222223 0.117578125 0.041666666666666664 0.02734375
0 0.19583333333333333 0.187890625 0.05 0.03359375
0 0.0875 0.180078125 0.03611111111111111 0.01796875
0 0.049305555555555554 0.15 0.04027777777777778 0.01875
0 0.027083333333333334 0.184765625 0.029166666666666667 0.01796875
0 0.21041666666666667 0.24140625 0.05138888888888889 0.0296875
0 0.6673611111111111 0.130859375 0.04583333333333333 0.02578125
0 0.5805555555555556 0.14609375 0.041666666666666664 0.0234375
0 0.6756944444444445 0.16875 0.04861111111111111 0.025
0 0.6104166666666667 0.173828125 0.034722222222222224 0.02265625
0 0.7340277777777777 0.188671875 0.0375 0.02109375
0 0.6916666666666667 0.215234375 0.03888888888888889 0.02265625
0 0.7631944444444444 0.225 0.043055555555555555 0.021875
0 0.7618055555555555 0.198828125 0.03194444444444444 0.01953125
0 0.7826388888888889 0.189453125 0.04027777777777778 0.02109375
0 0.7916666666666666 0.17265625 0.041666666666666664 0.0265625
0 0.8229166666666666 0.180078125 0.0375 0.02109375
0 0.80625 0.206640625 0.04027777777777778 0.02265625
0 0.8555555555555555 0.193359375 0.044444444444444446 0.02421875
0 0.8347222222222223 0.2078125 0.027777777777777776 0.0140625
0 0.8763888888888889 0.171484375 0.04722222222222222 0.02265625
0 0.9194444444444444 0.16875 0.030555555555555555 0.015625
0 0.9166666666666666 0.146484375 0.044444444444444446 0.02265625
0 0.9541666666666667 0.155078125 0.05 0.01953125
0 0.9854166666666667 0.18046875 0.02361111111111111 0.015625
0 0.9506944444444444 0.2359375 0.034722222222222224 0.01875
0 0.9902777777777778 0.234375 0.013888888888888888 0.021875
0 0.9451388888888889 0.266796875 0.04861111111111111 0.02890625
0 0.9770833333333333 0.262109375 0.029166666666666667 0.02578125
0 0.6097222222222223 0.23515625 0.03333333333333333 0.01875
0 0.5652777777777778 0.22421875 0.041666666666666664 0.0234375
0 0.4840277777777778 0.169921875 0.020833333333333332 0.02265625
0 0.9395833333333333 0.335546875 0.034722222222222224 0.01640625
0 0.4597222222222222 0.2125 0.03888888888888889 0.021875
0 0.48541666666666666 0.225390625 0.0375 0.02265625
0 0.05763888888888889 0.207421875 0.020833333333333332 0.01328125
0 0.3194444444444444 0.2375 0.03888888888888889 0.0203125
0 0.3472222222222222 0.206640625 0.03611111111111111 0.01484375
0 0.3597222222222222 0.197265625 0.016666666666666666 0.01328125
0 0.42569444444444443 0.208984375 0.034722222222222224 0.02265625
0 0.38055555555555554 0.211328125 0.03611111111111111 0.01328125
0 0.4 0.24296875 0.030555555555555555 0.0171875
0 0.45416666666666666 0.237109375 0.03888888888888889 0.02421875
0 0.5131944444444444 0.29296875 0.04027777777777778 0.021875
0 0.39861111111111114 0.259765625 0.03888888888888889 0.02109375
0 0.15416666666666667 0.290234375 0.05277777777777778 0.02734375
0 0.03819444444444445 0.326953125 0.05694444444444444 0.03203125
0 0.019444444444444445 0.355078125 0.03611111111111111 0.03046875
0 0.13333333333333333 0.38359375 0.041666666666666664 0.0265625
0 0.16805555555555557 0.36875 0.044444444444444446 0.025
0 0.32013888888888886 0.30625 0.05416666666666667 0.03125
0 0.3548611111111111 0.31875 0.043055555555555555 0.0234375
0 0.4791666666666667 0.361328125 0.03611111111111111 0.01796875
0 0.3888888888888889 0.345703125 0.03611111111111111 0.02578125
0 0.525 0.343359375 0.030555555555555555 0.01171875
0 0.5659722222222222 0.35 0.02361111111111111 0.0140625
0 0.12638888888888888 0.46015625 0.041666666666666664 0.01875
0 0.5118055555555555 0.40625 0.02638888888888889 0.015625
0 0.41458333333333336 0.368359375 0.029166666666666667 0.01328125
0 0.5743055555555555 0.359375 0.020833333333333332 0.0140625
0 0.6319444444444444 0.3828125 0.022222222222222223 0.0140625
0 0.64375 0.412890625 0.029166666666666667 0.01640625
0 0.6736111111111112 0.41015625 0.030555555555555555 0.0203125
0 0.7083333333333334 0.43125 0.030555555555555555 0.0140625
0 0.6930555555555555 0.47265625 0.04722222222222222 0.0265625
0 0.6291666666666667 0.451171875 0.027777777777777776 0.01484375
0 0.7736111111111111 0.38359375 0.022222222222222223 0.0109375
0 0.8229166666666666 0.374609375 0.034722222222222224 0.01484375
0 0.9263888888888889 0.397265625 0.03611111111111111 0.01171875
0 0.8631944444444445 0.40390625 0.02361111111111111 0.015625
0 0.7590277777777777 0.479296875 0.043055555555555555 0.02578125
0 0.7909722222222222 0.478515625 0.018055555555555554 0.01328125
0 0.7861111111111111 0.49453125 0.030555555555555555 0.0140625
0 0.8722222222222222 0.47265625 0.030555555555555555 0.01875
0 0.9111111111111111 0.45 0.06666666666666667 0.03125
0 0.9208333333333333 0.47890625 0.058333333333333334 0.0265625
0 0.9618055555555556 0.490234375 0.0625 0.02734375
0 0.9326388888888889 0.512890625 0.04027777777777778 0.01796875
0 0.8527777777777777 0.526953125 0.044444444444444446 0.02734375
0 0.7909722222222222 0.555859375 0.0625 0.03203125
0 0.8333333333333334 0.56796875 0.025 0.021875
0 0.6263888888888889 0.51015625 0.027777777777777776 0.0171875
0 0.6458333333333334 0.538671875 0.044444444444444446 0.02578125
0 0.10416666666666667 0.304296875 0.025 0.01484375
0 0.18888888888888888 0.321484375 0.03611111111111111 0.01640625
0 0.7152777777777778 0.596484375 0.05277777777777778 0.02734375
0 0.8111111111111111 0.639453125 0.05555555555555555 0.02578125
0 0.7034722222222223 0.626171875 0.0625 0.03203125
0 0.7506944444444444 0.6828125 0.05694444444444444 0.03125
0 0.47430555555555554 0.66328125 0.02638888888888889 0.01875
0 0.5361111111111111 0.625390625 0.03333333333333333 0.01953125
0 0.5305555555555556 0.605078125 0.030555555555555555 0.01953125
0 0.5708333333333333 0.565234375 0.05555555555555555 0.03046875
0 0.41180555555555554 0.594140625 0.034722222222222224 0.01953125
0 0.425 0.57578125 0.03611111111111111 0.0203125
0 0.48819444444444443 0.588671875 0.0375 0.01328125
0 0.48125 0.569140625 0.05138888888888889 0.02734375
0 0.40694444444444444 0.55078125 0.05 0.0265625
0 0.43125 0.507421875 0.05138888888888889 0.02890625
0 0.2763888888888889 0.588671875 0.030555555555555555 0.01640625
0 0.31875 0.61640625 0.04027777777777778 0.0171875
0 0.41041666666666665 0.49609375 0.02361111111111111 0.0171875
0 0.02638888888888889 0.112109375 0.019444444444444445 0.01484375
0 0.075 0.01640625 0.027777777777777776 0.0171875
0 0.8909722222222223 0.280078125 0.03194444444444444 0.02265625
0 0.018055555555555554 0.51328125 0.03611111111111111 0.0296875
0 0.2625 0.34609375 0.03888888888888889 0.0171875
0 0.12013888888888889 0.153515625 0.03194444444444444 0.01953125
0 0.022916666666666665 0.375 0.043055555555555555 0.0203125
0 0.043055555555555555 0.292578125 0.03888888888888889 0.02265625
