0 0.6298611111111111 0.60078125 0.0625 0.0359375
0 0.5993055555555555 0.58046875 0.05694444444444444 0.0328125
0 0.8305555555555556 0.629296875 0.058333333333333334 0.02734375
0 0.6743055555555556 0.5203125 0.04583333333333333 0.025
0 0.33125 0.3421875 0.04027777777777778 0.01875
0 0.33541666666666664 0.32421875 0.034722222222222224 0.0171875
0 0.5236111111111111 0.1953125 0.04722222222222222 0.028125
0 0.6722222222222223 0.114453125 0.05277777777777778 0.03671875
0 0.7159722222222222 0.22109375 0.05416666666666667 0.034375
0 0.6208333333333333 0.27109375 0.03888888888888889 0.0203125
0 0.5722222222222222 0.315234375 0.03611111111111111 0.02421875
0 0.7479166666666667 0.25546875 0.04583333333333333 0.0265625
0 0.8673611111111111 0.258203125 0.04027777777777778 0.02265625
0 0.5479166666666667 0.325390625 0.029166666666666667 0.01328125
0 0.7583333333333333 0.2875 0.041666666666666664 0.01875
0 0.5951388888888889 0.290625 0.03194444444444444 0.01875
0 0.5416666666666666 0.3109375 0.027777777777777776 0.0140625
0 0.5534722222222223 0.29375 0.029166666666666667 0.015625
0 0.5833333333333334 0.26875 0.03611111111111111 0.021875
0 0.5465277777777777 0.197265625 0.029166666666666667 0.02265625
0 0.68125 0.226953125 0.020833333333333332 0.02265625
0 0.7868055555555555 0.25 0.02361111111111111 0.0171875
0 0.8013888888888889 0.255859375 0.030555555555555555 0.01484375
0 0.8388888888888889 0.25859375 0.027777777777777776 0.021875
0 0.025694444444444443 0.297265625 0.029166666666666667 0.01796875
0 0.5111111111111111 0.4078125 0.030555555555555555 0.0203125
0 0.7777777777777778 0.425390625 0.027777777777777776 0.01796875
0 0.9833333333333333 0.4921875 0.030555555555555555 0.03125
0 0.6625 0.537109375 0.05 0.02421875
0 0.54375 0.59296875 0.04027777777777778 0.0328125
