0 0.12222222222222222 0.24609375 0.030555555555555555 0.0171875
0 0.22152777777777777 0.2625 0.043055555555555555 0.0203125
0 0.21875 0.30390625 0.0375 0.0265625
0 0.2388888888888889 0.3125 0.03611111111111111 0.028125
0 0.18680555555555556 0.38828125 0.029166666666666667 0.01875
0 0.175 0.401953125 0.025 0.03046875
0 0.23958333333333334 0.443359375 0.03194444444444444 0.01640625
0 0.24791666666666667 0.507421875 0.034722222222222224 0.02421875
0 0.1763888888888889 0.5515625 0.03888888888888889 0.025
0 0.12361111111111112 0.609765625 0.05277777777777778 0.01484375
0 0.25625 0.573828125 0.0375 0.01328125
0 0.00625 0.603125 0.009722222222222222 0.0203125
0 0.3875 0.5828125 0.03611111111111111 0.015625
0 0.3736111111111111 0.60078125 0.03611111111111111 0.021875
0 0.4875 0.620703125 0.041666666666666664 0.02265625
0 0.4673611111111111 0.629296875 0.029166666666666667 0.03515625
0 0.5034722222222222 0.566015625 0.0375 0.01796875
0 0.5222222222222223 0.55625 0.03888888888888889 0.015625
0 0.34097222222222223 0.589453125 0.02361111111111111 0.01484375
0 0.38333333333333336 0.571484375 0.022222222222222223 0.00859375
0 0.8597222222222223 0.592578125 0.05 0.02734375
0 0.8430555555555556 0.624609375 0.044444444444444446 0.02109375
0 0.8708333333333333 0.635546875 0.03611111111111111 0.02265625
0 0.9736111111111111 0.53515625 0.025 0.0109375
0 0.9798611111111111 0.455078125 0.0375 0.02109375
0 0.88125 0.3515625 0.0375 0.0125
0 0.08194444444444444 0.298046875 0.03333333333333333 0.02265625
0 0.06458333333333334 0.3125 0.02638888888888889 0.01875
0 0.16944444444444445 0.591015625 0.030555555555555555 0.01796875
0 0.1875 0.650390625 0.03611111111111111 0.01640625
