0 0.8798611111111111 0.241796875 0.059722222222222225 0.03203125
0 0.9166666666666666 0.227734375 0.06944444444444445 0.03515625
0 0.9590277777777778 0.271875 0.05694444444444444 0.025
0 0.6041666666666666 0.3421875 0.041666666666666664 0.028125
0 0.9708333333333333 0.30859375 0.04722222222222222 0.028125
0 0.925 0.340234375 0.07777777777777778 0.03671875
0 0.8888888888888888 0.390625 0.03333333333333333 0.0234375
0 0.8701388888888889 0.4453125 0.05138888888888889 0.0359375
0 0.9895833333333334 0.363671875 0.018055555555555554 0.02421875
0 0.8104166666666667 0.4609375 0.043055555555555555 0.0265625
0 0.7729166666666667 0.49765625 0.0375 0.028125
0 0.7243055555555555 0.498046875 0.04861111111111111 0.02578125
0 0.6881944444444444 0.528515625 0.043055555555555555 0.02265625
0 0.6486111111111111 0.526953125 0.041666666666666664 0.02890625
0 0.8611111111111112 0.545703125 0.03888888888888889 0.02109375
0 0.6736111111111112 0.5796875 0.022222222222222223 0.01875
0 0.7930555555555555 0.858203125 0.06111111111111111 0.03359375
0 0.78125 0.304296875 0.02361111111111111 0.01796875
0 0.9805555555555555 0.12734375 0.03611111111111111 0.028125
0 0.9597222222222223 0.383984375 0.058333333333333334 0.03515625
0 0.9798611111111111 0.427734375 0.0375 0.01640625
0 0.10902777777777778 0.7234375 0.06527777777777778 0.0375
0 0.5972222222222222 0.799609375 0.03333333333333333 0.03046875
0 0.6034722222222222 0.8859375 0.05138888888888889 0.0296875
0 0.8951388888888889 0.741015625 0.015277777777777777 0.00703125
0 0.9055555555555556 0.27109375 0.019444444444444445 0.015625
0 0.70625 0.3546875 0.0375 0.0203125
0 0.7472222222222222 0.355859375 0.030555555555555555 0.01015625
0 0.8166666666666667 0.380078125 0.027777777777777776 0.01484375
0 0.9548611111111112 0.640625 0.02361111111111111 0.0171875
0 0.8881944444444444 0.842578125 0.034722222222222224 0.02109375
0 0.5173611111111112 0.765625 0.05138888888888889 0.01875
0 0.5333333333333333 0.746484375 0.03888888888888889 0.02265625
0 0.6083333333333333 0.596484375 0.04722222222222222 0.01953125
0 0.6131944444444445 0.5796875 0.029166666666666667 0.0203125
0 0.08055555555555556 0.544921875 0.05277777777777778 0.03046875
0 0.12361111111111112 0.60546875 0.03611111111111111 0.01875
0 0.11597222222222223 0.690234375 0.02361111111111111 0.02578125
0 0.017361111111111112 0.63984375 0.03194444444444444 0.0296875
