0 0.02013888888888889 0.25625 0.04027777777777778 0.0296875
0 0.04652777777777778 0.273828125 0.043055555555555555 0.02890625
0 0.021527777777777778 0.33515625 0.043055555555555555 0.025
0 0.06041666666666667 0.415234375 0.029166666666666667 0.02265625
0 0.016666666666666666 0.475 0.030555555555555555 0.0328125
0 0.08055555555555556 0.466796875 0.025 0.01328125
0 0.044444444444444446 0.558203125 0.05555555555555555 0.02890625
0 0.7166666666666667 0.5328125 0.03611111111111111 0.028125
0 0.7305555555555555 0.553515625 0.025 0.01953125
0 0.05347222222222222 0.504296875 0.043055555555555555 0.03203125
0 0.9590277777777778 0.648828125 0.05416666666666667 0.02265625
