0 0.42777777777777776 0.194921875 0.03611111111111111 0.02421875
0 0.3277777777777778 0.16875 0.027777777777777776 0.01875
0 0.36180555555555555 0.282421875 0.0375 0.01953125
0 0.3347222222222222 0.264453125 0.03333333333333333 0.02421875
0 0.3284722222222222 0.280859375 0.020833333333333332 0.01484375
0 0.24444444444444444 0.32421875 0.03333333333333333 0.021875
0 0.08958333333333333 0.32109375 0.029166666666666667 0.0171875
0 0.5958333333333333 0.304296875 0.03611111111111111 0.01640625
0 0.5458333333333333 0.316015625 0.03888888888888889 0.02421875
0 0.68125 0.32890625 0.03194444444444444 0.0234375
0 0.6333333333333333 0.330859375 0.030555555555555555 0.01484375
0 0.6652777777777777 0.357421875 0.03888888888888889 0.02265625
0 0.7388888888888889 0.47890625 0.03333333333333333 0.0171875
0 0.5597222222222222 0.2109375 0.030555555555555555 0.0171875
0 0.19027777777777777 0.340625 0.03888888888888889 0.0140625
0 0.24513888888888888 0.437109375 0.029166666666666667 0.01640625
0 0.42569444444444443 0.546484375 0.03194444444444444 0.01796875
0 0.41805555555555557 0.48828125 0.030555555555555555 0.01875
0 0.42986111111111114 0.49609375 0.02361111111111111 0.0171875
0 0.3034722222222222 0.44296875 0.02638888888888889 0.0125
0 0.275 0.4359375 0.016666666666666666 0.0140625
0 0.5708333333333333 0.3296875 0.027777777777777776 0.0140625
0 0.5979166666666667 0.350390625 0.020833333333333332 0.01640625
0 0.7854166666666667 0.3578125 0.03194444444444444 0.0171875
0 0.24097222222222223 0.369921875 0.02361111111111111 0.01328125
0 0.10555555555555556 0.3828125 0.025 0.009375
0 0.7618055555555555 0.38203125 0.0375 0.0171875
0 0.010416666666666666 0.3109375 0.020833333333333332 0.0171875
0 0.013888888888888888 0.337109375 0.025 0.01484375
0 0.4548611111111111 0.25859375 0.02361111111111111 0.01875
0 0.49027777777777776 0.3296875 0.011111111111111112 0.0125
0 0.36527777777777776 0.491796875 0.025 0.01328125
0 0.40902777777777777 0.530859375 0.03194444444444444 0.01796875
0 0.43194444444444446 0.551953125 0.030555555555555555 0.01796875
0 0.18055555555555555 0.50546875 0.022222222222222223 0.015625
0 0.6701388888888888 0.466796875 0.034722222222222224 0.01484375
0 0.7444444444444445 0.42265625 0.027777777777777776 0.01875
0 0.5486111111111112 0.417578125 0.019444444444444445 0.00859375
0 0.44027777777777777 0.475390625 0.04722222222222222 0.01796875
