0 0.9118055555555555 0.22421875 0.04583333333333333 0.028125
0 0.9361111111111111 0.2265625 0.03333333333333333 0.028125
0 0.6486111111111111 0.353515625 0.030555555555555555 0.01796875
0 0.6402777777777777 0.371875 0.03888888888888889 0.01875
0 0.9736111111111111 0.303125 0.041666666666666664 0.0234375
0 0.9423611111111111 0.324609375 0.0375 0.01640625
0 0.9222222222222223 0.305859375 0.03333333333333333 0.00859375
0 0.9340277777777778 0.298046875 0.029166666666666667 0.01484375
0 0.9118055555555555 0.3484375 0.043055555555555555 0.0234375
0 0.9034722222222222 0.3234375 0.0375 0.015625
0 0.8840277777777777 0.357421875 0.034722222222222224 0.02109375
0 0.9548611111111112 0.28828125 0.03194444444444444 0.009375
0 0.9451388888888889 0.644921875 0.059722222222222225 0.04140625
0 0.9854166666666667 0.634375 0.02638888888888889 0.028125
0 0.3138888888888889 0.3203125 0.011111111111111112 0.015625
0 0.8416666666666667 0.445703125 0.041666666666666664 0.02109375
