0 0.09444444444444444 0.106640625 0.06111111111111111 0.02734375
0 0.02013888888888889 0.1 0.0375 0.028125
0 0.17152777777777778 0.060546875 0.0625 0.03203125
0 0.20694444444444443 0.04453125 0.058333333333333334 0.0375
0 0.2604166666666667 0.070703125 0.059722222222222225 0.03515625
0 0.47291666666666665 0.053125 0.04861111111111111 0.0359375
0 0.5083333333333333 0.00703125 0.03611111111111111 0.0140625
0 0.6305555555555555 0.02265625 0.044444444444444446 0.0265625
0 0.5854166666666667 0.03046875 0.05138888888888889 0.0328125
0 0.55 0.059765625 0.05277777777777778 0.02734375
0 0.6777777777777778 0.093359375 0.06111111111111111 0.03359375
0 0.8590277777777777 0.11015625 0.07083333333333333 0.0390625
0 0.9888888888888889 0.1109375 0.019444444444444445 0.03125
0 0.7708333333333334 0.14296875 0.04722222222222222 0.0359375
0 0.6506944444444445 0.12890625 0.05694444444444444 0.034375
0 0.6 0.159375 0.06111111111111111 0.04375
0 0.5347222222222222 0.165625 0.06111111111111111 0.0390625
0 0.4673611111111111 0.1390625 0.04861111111111111 0.0453125
0 0.44166666666666665 0.086328125 0.06111111111111111 0.03671875
0 0.43472222222222223 0.062109375 0.044444444444444446 0.01796875
0 0.4826388888888889 0.103125 0.059722222222222225 0.0203125
0 0.38472222222222224 0.190625 0.06111111111111111 0.0359375
0 0.46041666666666664 0.2015625 0.04861111111111111 0.0328125
0 0.6138888888888889 0.189453125 0.03888888888888889 0.02734375
0 0.7354166666666667 0.186328125 0.06527777777777778 0.03828125
0 0.7861111111111111 0.18359375 0.041666666666666664 0.0453125
0 0.10486111111111111 0.214453125 0.04583333333333333 0.02734375
0 0.06805555555555555 0.223046875 0.05 0.03359375
0 0.021527777777777778 0.221484375 0.04027777777777778 0.03046875
0 0.03819444444444445 0.2421875 0.03194444444444444 0.021875
0 0.2604166666666667 0.23828125 0.04861111111111111 0.0265625
0 0.3090277777777778 0.25078125 0.04583333333333333 0.025
0 0.45208333333333334 0.267578125 0.059722222222222225 0.03671875
0 0.7 0.265625 0.05 0.028125
0 0.6590277777777778 0.2765625 0.0375 0.015625
0 0.7618055555555555 0.299609375 0.043055555555555555 0.03671875
0 0.8111111111111111 0.29609375 0.05277777777777778 0.0375
0 0.6423611111111112 0.330078125 0.05416666666666667 0.03828125
0 0.43472222222222223 0.3078125 0.044444444444444446 0.028125
0 0.2513888888888889 0.272265625 0.044444444444444446 0.02890625
0 0.24791666666666667 0.3046875 0.04861111111111111 0.0265625
0 0.41805555555555557 0.34296875 0.03888888888888889 0.01875
0 0.5916666666666667 0.33359375 0.05277777777777778 0.03125
0 0.5625 0.341796875 0.03333333333333333 0.01796875
0 0.5944444444444444 0.376171875 0.044444444444444446 0.02265625
0 0.78125 0.352734375 0.04861111111111111 0.02421875
0 0.5888888888888889 0.256640625 0.075 0.01640625
0 0.42291666666666666 0.397265625 0.04861111111111111 0.02421875
0 0.42430555555555555 0.4375 0.034722222222222224 0.0234375
0 0.5375 0.4015625 0.05555555555555555 0.025
0 0.7611111111111111 0.461328125 0.058333333333333334 0.02734375
0 0.8486111111111111 0.47890625 0.04722222222222222 0.0265625
0 0.9673611111111111 0.451171875 0.0625 0.03203125
0 0.9638888888888889 0.48515625 0.04722222222222222 0.0234375
0 0.9048611111111111 0.488671875 0.05138888888888889 0.02890625
0 0.9826388888888888 0.4984375 0.03194444444444444 0.034375
0 0.6916666666666667 0.53203125 0.05277777777777778 0.0390625
0 0.5763888888888888 0.46171875 0.07777777777777778 0.0390625
0 0.6243055555555556 0.486328125 0.059722222222222225 0.02421875
0 0.7625 0.495703125 0.05555555555555555 0.03515625
0 0.6909722222222222 0.480859375 0.02638888888888889 0.02109375
0 0.7986111111111112 0.509375 0.03333333333333333 0.0265625
0 0.8222222222222222 0.577734375 0.05 0.02734375
0 0.8638888888888889 0.590625 0.041666666666666664 0.0234375
0 0.6145833333333334 0.575390625 0.04027777777777778 0.02578125
0 0.5048611111111111 0.48671875 0.05416666666666667 0.0265625
0 0.3645833333333333 0.4828125 0.05138888888888889 0.0265625
0 0.24791666666666667 0.50859375 0.02638888888888889 0.01875
0 0.28958333333333336 0.525390625 0.04583333333333333 0.01953125
0 0.2708333333333333 0.573828125 0.03888888888888889 0.02265625
0 0.1375 0.62421875 0.06111111111111111 0.03125
0 0.5395833333333333 0.61328125 0.04861111111111111 0.0203125
0 0.6527777777777778 0.63828125 0.044444444444444446 0.028125
0 0.7041666666666667 0.619921875 0.04722222222222222 0.03203125
0 0.7993055555555556 0.64296875 0.043055555555555555 0.0296875
0 0.9006944444444445 0.63828125 0.020833333333333332 0.028125
0 0.9597222222222223 0.640625 0.06388888888888888 0.028125
0 0.9472222222222222 0.679296875 0.05555555555555555 0.03515625
0 0.7680555555555556 0.6875 0.03333333333333333 0.0265625
0 0.6875 0.745703125 0.05555555555555555 0.03671875
0 0.5423611111111111 0.744921875 0.06805555555555555 0.03515625
0 0.3326388888888889 0.675390625 0.043055555555555555 0.02265625
0 0.49375 0.685546875 0.04861111111111111 0.02578125
0 0.8333333333333334 0.742578125 0.03888888888888889 0.01796875
0 0.9520833333333333 0.864453125 0.07361111111111111 0.03828125
0 0.9597222222222223 0.8265625 0.07222222222222222 0.0265625
0 0.5763888888888888 0.725390625 0.03611111111111111 0.01640625
0 0.7680555555555556 0.867578125 0.041666666666666664 0.02265625
0 0.5402777777777777 0.096484375 0.044444444444444446 0.04765625
0 0.25 0.038671875 0.03611111111111111 0.02578125
0 0.26944444444444443 0.21640625 0.04722222222222222 0.021875
0 0.04375 0.42734375 0.043055555555555555 0.015625
0 0.050694444444444445 0.456640625 0.04861111111111111 0.02578125
0 0.006944444444444444 0.615234375 0.013888888888888888 0.02109375
0 0.7486111111111111 0.65234375 0.030555555555555555 0.0109375
0 0.8347222222222223 0.670703125 0.013888888888888888 0.01953125
0 0.5597222222222222 0.542578125 0.022222222222222223 0.01640625
0 0.3284722222222222 0.263671875 0.02638888888888889 0.01640625
