0 0.42986111111111114 0.127734375 0.043055555555555555 0.02578125
0 0.4513888888888889 0.151953125 0.03333333333333333 0.02265625
0 0.49444444444444446 0.1578125 0.05555555555555555 0.0359375
0 0.54375 0.14921875 0.05694444444444444 0.0328125
0 0.5006944444444444 0.178515625 0.020833333333333332 0.01015625
0 0.5895833333333333 0.310546875 0.0375 0.01953125
0 0.6354166666666666 0.3015625 0.034722222222222224 0.0265625
0 0.64375 0.32109375 0.020833333333333332 0.0125
0 0.5555555555555556 0.330078125 0.044444444444444446 0.02421875
0 0.5097222222222222 0.345703125 0.06111111111111111 0.03671875
0 0.4375 0.375390625 0.05555555555555555 0.02890625
0 0.4083333333333333 0.39765625 0.03611111111111111 0.0234375
0 0.6958333333333333 0.4203125 0.027777777777777776 0.025
0 0.6777777777777778 0.426953125 0.03888888888888889 0.02421875
0 0.4673611111111111 0.43828125 0.02361111111111111 0.01875
0 0.3541666666666667 0.5609375 0.044444444444444446 0.0296875
0 0.5111111111111111 0.489453125 0.05277777777777778 0.03359375
0 0.5534722222222223 0.483984375 0.06805555555555555 0.03359375
0 0.6291666666666667 0.5046875 0.041666666666666664 0.0265625
0 0.70625 0.491796875 0.04027777777777778 0.02421875
0 0.7347222222222223 0.488671875 0.019444444444444445 0.01953125
0 0.5611111111111111 0.57890625 0.06666666666666667 0.0359375
0 0.4375 0.599609375 0.044444444444444446 0.01328125
0 0.5326388888888889 0.62734375 0.06805555555555555 0.0328125
0 0.5854166666666667 0.611328125 0.04027777777777778 0.02890625
0 0.6305555555555555 0.597265625 0.05555555555555555 0.03359375
0 0.6652777777777777 0.619140625 0.041666666666666664 0.01953125
0 0.5909722222222222 0.662890625 0.034722222222222224 0.02109375
0 0.5006944444444444 0.6546875 0.0375 0.025
0 0.5930555555555556 0.706640625 0.03888888888888889 0.02421875
0 0.6375 0.67265625 0.044444444444444446 0.025
0 0.6631944444444444 0.785546875 0.0625 0.03984375
0 0.3138888888888889 0.87578125 0.058333333333333334 0.034375
0 0.28125 0.76953125 0.043055555555555555 0.01875
0 0.7152777777777778 0.9578125 0.06388888888888888 0.0359375
0 0.53125 0.039453125 0.04861111111111111 0.03046875
0 0.10902777777777778 0.865625 0.04027777777777778 0.0203125
0 0.4583333333333333 0.86171875 0.03611111111111111 0.0171875
0 0.3173611111111111 0.7640625 0.029166666666666667 0.0171875
0 0.7090277777777778 0.621875 0.04027777777777778 0.01875
0 0.9875 0.67421875 0.019444444444444445 0.015625
0 0.38472222222222224 0.608984375 0.03888888888888889 0.01953125
