0 0.38125 0.467578125 0.0375 0.01953125
0 0.71875 0.55859375 0.034722222222222224 0.021875
0 0.86875 0.46171875 0.034722222222222224 0.0203125
0 0.07569444444444444 0.47890625 0.04027777777777778 0.0234375
0 0.9 0.359375 0.030555555555555555 0.0203125
0 0.8972222222222223 0.412890625 0.030555555555555555 0.01796875
0 0.7270833333333333 0.498828125 0.03194444444444444 0.01484375
0 0.7229166666666667 0.47265625 0.029166666666666667 0.0140625
0 0.6548611111111111 0.49921875 0.0375 0.0171875
0 0.12777777777777777 0.45546875 0.03888888888888889 0.0203125
0 0.13819444444444445 0.370703125 0.03194444444444444 0.02109375
0 0.12222222222222222 0.322265625 0.03333333333333333 0.01953125
0 0.5104166666666666 0.3328125 0.03194444444444444 0.01875
0 0.19027777777777777 0.157421875 0.030555555555555555 0.01796875
0 0.1597222222222222 0.17578125 0.025 0.01875
0 0.10138888888888889 0.1890625 0.03611111111111111 0.0171875
0 0.11875 0.172265625 0.0375 0.01953125
0 0.06597222222222222 0.11328125 0.029166666666666667 0.0171875
0 0.011111111111111112 0.153125 0.019444444444444445 0.01875
0 0.06180555555555556 0.146484375 0.02638888888888889 0.01171875
0 0.3111111111111111 0.1328125 0.030555555555555555 0.021875
0 0.3333333333333333 0.15703125 0.027777777777777776 0.015625
0 0.275 0.15859375 0.027777777777777776 0.01875
0 0.16597222222222222 0.135546875 0.03194444444444444 0.01796875
0 0.16666666666666666 0.115625 0.030555555555555555 0.0140625
0 0.17569444444444443 0.30078125 0.04027777777777778 0.0203125
0 0.5763888888888888 0.287890625 0.03888888888888889 0.01796875
0 0.7777777777777778 0.467578125 0.030555555555555555 0.01953125
0 0.8680555555555556 0.43359375 0.03333333333333333 0.0140625
0 0.9083333333333333 0.434375 0.03611111111111111 0.0203125
0 0.18958333333333333 0.337109375 0.029166666666666667 0.01796875
0 0.2513888888888889 0.280078125 0.03333333333333333 0.01328125
0 0.2798611111111111 0.14140625 0.02361111111111111 0.0171875
0 0.26319444444444445 0.2078125 0.0375 0.0125
0 0.45694444444444443 0.2421875 0.03333333333333333 0.0203125
0 0.25972222222222224 0.2671875 0.03333333333333333 0.015625
0 0.4895833333333333 0.19375 0.03194444444444444 0.0171875
0 0.26319444444444445 0.1875 0.02361111111111111 0.0171875
0 0.02361111111111111 0.27421875 0.030555555555555555 0.01875
0 0.03958333333333333 0.471484375 0.034722222222222224 0.02109375
0 0.011111111111111112 0.479296875 0.016666666666666666 0.01328125
0 0.1361111111111111 0.178515625 0.025 0.01796875
0 0.15138888888888888 0.158984375 0.019444444444444445 0.01484375
0 0.06666666666666667 0.1921875 0.030555555555555555 0.0125
0 0.02013888888888889 0.194140625 0.02638888888888889 0.02109375
0 0.07013888888888889 0.169921875 0.02361111111111111 0.01171875
0 0.08819444444444445 0.1734375 0.02361111111111111 0.0171875
0 0.23402777777777778 0.203515625 0.029166666666666667 0.01328125
0 0.25 0.174609375 0.027777777777777776 0.01640625
0 0.2111111111111111 0.162890625 0.027777777777777776 0.01640625
0 0.1840277777777778 0.17109375 0.02361111111111111 0.015625
0 0.34097222222222223 0.183984375 0.0375 0.01171875
0 0.31319444444444444 0.251953125 0.04027777777777778 0.02109375
0 0.20208333333333334 0.3203125 0.02361111111111111 0.021875
0 0.3590277777777778 0.35703125 0.02638888888888889 0.01875
0 0.22708333333333333 0.4359375 0.034722222222222224 0.0171875
0 0.6993055555555555 0.5546875 0.020833333333333332 0.015625
0 0.8076388888888889 0.4671875 0.018055555555555554 0.015625
0 0.98125 0.503125 0.034722222222222224 0.0203125
0 0.8840277777777777 0.382421875 0.020833333333333332 0.01484375
0 0.6722222222222223 0.361328125 0.019444444444444445 0.01171875
0 0.5965277777777778 0.306640625 0.02638888888888889 0.01328125
0 0.6256944444444444 0.311328125 0.020833333333333332 0.01171875
0 0.26944444444444443 0.350390625 0.022222222222222223 0.01328125
0 0.2659722222222222 0.3078125 0.015277777777777777 0.0109375
0 0.5604166666666667 0.246484375 0.020833333333333332 0.01015625
0 0.47291666666666665 0.215234375 0.03194444444444444 0.01640625
0 0.40625 0.1953125 0.02361111111111111 0.01875
