0 0.35 0.225 0.04722222222222222 0.021875
0 0.3993055555555556 0.2625 0.05138888888888889 0.0265625
0 0.34305555555555556 0.25703125 0.05 0.0265625
0 0.2326388888888889 0.315625 0.05138888888888889 0.0296875
0 0.24444444444444444 0.4328125 0.05555555555555555 0.0234375
0 0.4840277777777778 0.53046875 0.0625 0.0375
0 0.6298611111111111 0.537890625 0.04027777777777778 0.01484375
0 0.5763888888888888 0.552734375 0.044444444444444446 0.01953125
0 0.43472222222222223 0.601171875 0.05555555555555555 0.02890625
0 0.33958333333333335 0.613671875 0.06527777777777778 0.02890625
0 0.36180555555555555 0.6390625 0.05138888888888889 0.0203125
0 0.4798611111111111 0.6640625 0.04027777777777778 0.0296875
0 0.4152777777777778 0.71015625 0.06388888888888888 0.03125
0 0.23194444444444445 0.69140625 0.058333333333333334 0.034375
0 0.36875 0.729296875 0.043055555555555555 0.02890625
0 0.38958333333333334 0.754296875 0.034722222222222224 0.01640625
0 0.48819444444444443 0.8109375 0.05138888888888889 0.0203125
0 0.44513888888888886 0.92109375 0.09027777777777778 0.059375
0 0.6256944444444444 0.660546875 0.03194444444444444 0.02109375
0 0.4979166666666667 0.625390625 0.03194444444444444 0.01484375
0 0.07569444444444444 0.728125 0.05694444444444444 0.0234375
0 0.24722222222222223 0.390625 0.011111111111111112 0.0171875
0 0.3659722222222222 0.572265625 0.05138888888888889 0.02265625
0 0.5465277777777777 0.6140625 0.043055555555555555 0.0375
0 0.27152777777777776 0.758203125 0.029166666666666667 0.01796875
0 0.034722222222222224 0.833984375 0.06111111111111111 0.02890625
0 0.5631944444444444 0.832421875 0.04861111111111111 0.02578125
0 0.8493055555555555 0.898046875 0.06805555555555555 0.03984375
0 0.9465277777777777 0.896875 0.02638888888888889 0.0203125
0 0.5659722222222222 0.918359375 0.02361111111111111 0.01953125
0 0.5993055555555555 0.92734375 0.03194444444444444 0.0234375
0 0.38055555555555554 0.6921875 0.03333333333333333 0.015625
