0 0.01875 0.290234375 0.02638888888888889 0.01484375
0 0.09166666666666666 0.310546875 0.025 0.01953125
0 0.06319444444444444 0.328125 0.02361111111111111 0.0140625
0 0.16111111111111112 0.427734375 0.022222222222222223 0.01328125
0 0.22430555555555556 0.3890625 0.02361111111111111 0.009375
0 0.11527777777777778 0.311328125 0.019444444444444445 0.01328125
0 0.08680555555555555 0.332421875 0.02361111111111111 0.01328125
0 0.03194444444444444 0.310546875 0.019444444444444445 0.01640625
0 0.07222222222222222 0.276953125 0.019444444444444445 0.00703125
0 0.07152777777777777 0.311328125 0.018055555555555554 0.01328125
0 0.22777777777777777 0.3203125 0.022222222222222223 0.0125
0 0.12152777777777778 0.390625 0.034722222222222224 0.0109375
0 0.10694444444444444 0.38359375 0.019444444444444445 0.0140625
0 0.7430555555555556 0.430078125 0.025 0.01640625
0 0.3368055555555556 0.362890625 0.018055555555555554 0.01015625
0 0.3 0.390234375 0.016666666666666666 0.00703125
0 0.20902777777777778 0.41328125 0.02638888888888889 0.0140625
