0 0.5291666666666667 0.200390625 0.03611111111111111 0.02734375
0 0.3125 0.355078125 0.03888888888888889 0.01953125
0 0.34652777777777777 0.360546875 0.02638888888888889 0.01640625
0 0.33611111111111114 0.43046875 0.04722222222222222 0.0296875
0 0.3458333333333333 0.458984375 0.03888888888888889 0.01953125
0 0.28125 0.546875 0.029166666666666667 0.021875
0 0.3173611111111111 0.546875 0.04583333333333333 0.015625
0 0.5173611111111112 0.455078125 0.04027777777777778 0.02265625
0 0.5604166666666667 0.437109375 0.029166666666666667 0.01171875
0 0.6729166666666667 0.396875 0.029166666666666667 0.021875
0 0.6513888888888889 0.411328125 0.025 0.01328125
0 0.7222222222222222 0.43046875 0.03611111111111111 0.0265625
0 0.31527777777777777 0.603515625 0.027777777777777776 0.01484375
0 0.29791666666666666 0.656640625 0.04861111111111111 0.02578125
0 0.9180555555555555 0.562109375 0.025 0.00859375
0 0.8076388888888889 0.670703125 0.02638888888888889 0.01640625
0 0.95 0.661328125 0.019444444444444445 0.01171875
0 0.08888888888888889 0.537890625 0.03888888888888889 0.02265625
0 0.18958333333333333 0.444921875 0.0375 0.01640625
0 0.24513888888888888 0.446875 0.034722222222222224 0.0234375
0 0.12083333333333333 0.537890625 0.027777777777777776 0.03046875
0 0.13055555555555556 0.498828125 0.025 0.02421875
0 0.2791666666666667 0.619140625 0.058333333333333334 0.02265625
0 0.6451388888888889 0.677734375 0.015277777777777777 0.01953125
0 0.51875 0.736328125 0.043055555555555555 0.01328125
0 0.8951388888888889 0.669140625 0.03194444444444444 0.01796875
0 0.93125 0.655859375 0.020833333333333332 0.01484375
0 0.8798611111111111 0.63359375 0.04861111111111111 0.0125
0 0.8270833333333333 0.622265625 0.015277777777777777 0.01015625
0 0.9493055555555555 0.681640625 0.020833333333333332 0.01796875
0 0.6888888888888889 0.614453125 0.025 0.02265625
0 0.6222222222222222 0.4 0.027777777777777776 0.021875
