0 0.16805555555555557 0.0125 0.041666666666666664 0.0234375
0 0.14930555555555555 0.037890625 0.02638888888888889 0.02578125
0 0.08402777777777778 0.069140625 0.05138888888888889 0.02890625
0 0.01597222222222222 0.082421875 0.03194444444444444 0.03203125
0 0.06111111111111111 0.098828125 0.03611111111111111 0.02265625
0 0.04861111111111111 0.121875 0.04722222222222222 0.0265625
0 0.06527777777777778 0.14140625 0.025 0.015625
0 0.15902777777777777 0.1296875 0.04583333333333333 0.0265625
0 0.16458333333333333 0.10546875 0.05416666666666667 0.01875
0 0.26180555555555557 0.096875 0.05416666666666667 0.028125
0 0.2298611111111111 0.074609375 0.04583333333333333 0.02578125
0 0.1638888888888889 0.080078125 0.03611111111111111 0.02109375
0 0.25416666666666665 0.1140625 0.044444444444444446 0.025
0 0.32013888888888886 0.12734375 0.04861111111111111 0.028125
0 0.9395833333333333 0.08125 0.05138888888888889 0.028125
0 0.9715277777777778 0.103515625 0.04027777777777778 0.01328125
0 0.8993055555555556 0.13828125 0.043055555555555555 0.0265625
0 0.9541666666666667 0.153125 0.04722222222222222 0.0265625
0 0.9861111111111112 0.19609375 0.025 0.0234375
0 0.9152777777777777 0.1765625 0.05277777777777778 0.028125
0 0.31875 0.1859375 0.0375 0.0234375
0 0.37083333333333335 0.1859375 0.03333333333333333 0.01875
0 0.39861111111111114 0.196875 0.041666666666666664 0.021875
0 0.3819444444444444 0.2109375 0.041666666666666664 0.021875
0 0.23055555555555557 0.207421875 0.041666666666666664 0.02578125
0 0.17430555555555555 0.201171875 0.02638888888888889 0.01796875
0 0.1375 0.209375 0.05277777777777778 0.028125
0 0.022916666666666665 0.190625 0.043055555555555555 0.0265625
0 0.011805555555555555 0.15546875 0.020833333333333332 0.0109375
0 0.059722222222222225 0.17890625 0.044444444444444446 0.0234375
0 0.04375 0.20703125 0.029166666666666667 0.0203125
0 0.03333333333333333 0.218359375 0.041666666666666664 0.02265625
0 0.07847222222222222 0.2484375 0.043055555555555555 0.0296875
0 0.04722222222222222 0.25546875 0.03888888888888889 0.0203125
0 0.11875 0.27421875 0.059722222222222225 0.034375
0 0.1909722222222222 0.250390625 0.043055555555555555 0.02890625
0 0.21736111111111112 0.236328125 0.05138888888888889 0.02109375
0 0.2638888888888889 0.2453125 0.03888888888888889 0.0265625
0 0.3055555555555556 0.251953125 0.04722222222222222 0.02890625
0 0.2625 0.266796875 0.05 0.02734375
0 0.03888888888888889 0.32109375 0.058333333333333334 0.028125
0 0.058333333333333334 0.344921875 0.05277777777777778 0.01953125
0 0.09930555555555555 0.3421875 0.02361111111111111 0.0109375
0 0.20347222222222222 0.33984375 0.043055555555555555 0.0265625
0 0.26458333333333334 0.350390625 0.05416666666666667 0.02578125
0 0.3055555555555556 0.3484375 0.030555555555555555 0.0140625
0 0.3763888888888889 0.31875 0.044444444444444446 0.025
0 0.24375 0.27890625 0.04583333333333333 0.021875
0 0.9520833333333333 0.325 0.05694444444444444 0.0265625
0 0.36736111111111114 0.42890625 0.04583333333333333 0.0234375
0 0.6694444444444444 0.388671875 0.03888888888888889 0.02109375
0 0.7847222222222222 0.3828125 0.03888888888888889 0.0171875
0 0.9770833333333333 0.3875 0.043055555555555555 0.0328125
0 0.95625 0.40859375 0.06527777777777778 0.034375
0 0.7361111111111112 0.41328125 0.03611111111111111 0.021875
0 0.6736111111111112 0.30546875 0.030555555555555555 0.0140625
0 0.7666666666666667 0.292578125 0.030555555555555555 0.02109375
0 0.7763888888888889 0.41953125 0.041666666666666664 0.0234375
0 0.8236111111111111 0.4203125 0.027777777777777776 0.0109375
0 0.9388888888888889 0.458984375 0.05277777777777778 0.02578125
0 0.9805555555555555 0.459765625 0.03333333333333333 0.01796875
0 0.6770833333333334 0.468359375 0.02638888888888889 0.01328125
0 0.8048611111111111 0.493359375 0.05138888888888889 0.02734375
0 0.7569444444444444 0.515625 0.025 0.01875
0 0.8555555555555555 0.566796875 0.044444444444444446 0.02578125
0 0.9041666666666667 0.5015625 0.044444444444444446 0.0390625
0 0.8888888888888888 0.4640625 0.022222222222222223 0.0171875
0 0.9722222222222222 0.516796875 0.027777777777777776 0.02109375
0 0.9909722222222223 0.5234375 0.0125 0.0171875
0 0.31875 0.49453125 0.043055555555555555 0.0265625
0 0.45416666666666666 0.523046875 0.04722222222222222 0.02265625
0 0.2361111111111111 0.505859375 0.03333333333333333 0.02265625
0 0.027083333333333334 0.548046875 0.04027777777777778 0.02890625
0 0.15 0.58046875 0.05555555555555555 0.028125
0 0.10277777777777777 0.60546875 0.05277777777777778 0.021875
0 0.1951388888888889 0.5640625 0.05416666666666667 0.0265625
0 0.24930555555555556 0.53203125 0.029166666666666667 0.01875
0 0.5118055555555555 0.57734375 0.043055555555555555 0.0234375
0 0.4548611111111111 0.7296875 0.04583333333333333 0.0171875
0 0.44166666666666665 0.670703125 0.041666666666666664 0.01953125
0 0.14722222222222223 0.615625 0.030555555555555555 0.0203125
0 0.9895833333333334 0.327734375 0.018055555555555554 0.02265625
0 0.4340277777777778 0.476953125 0.02638888888888889 0.01953125
0 0.5333333333333333 0.755078125 0.03888888888888889 0.02265625
0 0.5180555555555556 0.643359375 0.03611111111111111 0.02109375
