0 0.5590277777777778 0.296484375 0.05416666666666667 0.03359375
0 0.9125 0.31171875 0.07222222222222222 0.0328125
0 0.9694444444444444 0.353125 0.058333333333333334 0.0296875
0 0.8923611111111112 0.34765625 0.04583333333333333 0.028125
0 0.9611111111111111 0.419140625 0.06111111111111111 0.03359375
0 0.8048611111111111 0.39140625 0.04861111111111111 0.0265625
0 0.9083333333333333 0.447265625 0.05555555555555555 0.03046875
0 0.86875 0.454296875 0.02638888888888889 0.02578125
0 0.8840277777777777 0.5046875 0.04583333333333333 0.028125
0 0.8333333333333334 0.494921875 0.058333333333333334 0.02890625
0 0.7965277777777777 0.50859375 0.029166666666666667 0.0234375
0 0.8458333333333333 0.575390625 0.06666666666666667 0.03203125
0 0.7868055555555555 0.590625 0.05416666666666667 0.0234375
