0 0.011111111111111112 0.087890625 0.019444444444444445 0.01796875
0 0.05138888888888889 0.109375 0.03888888888888889 0.0203125
0 0.043055555555555555 0.095703125 0.03888888888888889 0.01015625
0 0.0763888888888889 0.0921875 0.03888888888888889 0.025
0 0.0798611111111111 0.118359375 0.029166666666666667 0.02109375
0 0.09791666666666667 0.13828125 0.04027777777777778 0.0234375
0 0.059027777777777776 0.209375 0.04583333333333333 0.028125
0 0.08125 0.262890625 0.04583333333333333 0.02890625
0 0.025694444444444443 0.30859375 0.04027777777777778 0.0234375
0 0.08194444444444444 0.33828125 0.027777777777777776 0.0109375
0 0.04791666666666667 0.385546875 0.04027777777777778 0.02578125
0 0.015277777777777777 0.40078125 0.030555555555555555 0.0265625
0 0.021527777777777778 0.4765625 0.02361111111111111 0.0171875
0 0.17152777777777778 0.535546875 0.0125 0.00703125
0 0.1840277777777778 0.60078125 0.02638888888888889 0.0140625
0 0.03194444444444444 0.141015625 0.03888888888888889 0.02734375
0 0.19930555555555557 0.255078125 0.029166666666666667 0.01796875
0 0.19236111111111112 0.32421875 0.04861111111111111 0.0265625
0 0.22777777777777777 0.338671875 0.030555555555555555 0.01484375
0 0.30694444444444446 0.514453125 0.04722222222222222 0.02265625
0 0.2826388888888889 0.56015625 0.04027777777777778 0.021875
0 0.3 0.582421875 0.03333333333333333 0.01640625
0 0.31180555555555556 0.605859375 0.02638888888888889 0.01328125
0 0.3541666666666667 0.574609375 0.05 0.02265625
0 0.4354166666666667 0.57265625 0.04583333333333333 0.0265625
0 0.38680555555555557 0.599609375 0.03194444444444444 0.01640625
0 0.43194444444444446 0.631640625 0.027777777777777776 0.01328125
0 0.5006944444444444 0.543359375 0.04583333333333333 0.02578125
0 0.5923611111111111 0.682421875 0.04861111111111111 0.02265625
0 0.5465277777777777 0.62421875 0.04583333333333333 0.028125
0 0.5569444444444445 0.596484375 0.03888888888888889 0.01953125
0 0.6541666666666667 0.638671875 0.044444444444444446 0.02578125
0 0.25763888888888886 0.233984375 0.02638888888888889 0.01640625
0 0.2222222222222222 0.226171875 0.027777777777777776 0.01171875
0 0.2722222222222222 0.27265625 0.027777777777777776 0.009375
0 0.28125 0.25625 0.02361111111111111 0.00625
0 0.2965277777777778 0.2265625 0.04027777777777778 0.021875
0 0.3277777777777778 0.252734375 0.030555555555555555 0.01953125
0 0.3326388888888889 0.230859375 0.029166666666666667 0.02109375
0 0.35833333333333334 0.241796875 0.03333333333333333 0.01953125
0 0.42986111111111114 0.239453125 0.03194444444444444 0.01640625
0 0.3861111111111111 0.308203125 0.030555555555555555 0.01640625
0 0.36666666666666664 0.376171875 0.027777777777777776 0.01640625
0 0.40069444444444446 0.41796875 0.020833333333333332 0.0125
0 0.5229166666666667 0.393359375 0.018055555555555554 0.01015625
0 0.5354166666666667 0.421484375 0.029166666666666667 0.01328125
0 0.6270833333333333 0.55625 0.05138888888888889 0.03125
0 0.7027777777777777 0.568359375 0.027777777777777776 0.02109375
0 0.6895833333333333 0.529296875 0.0375 0.02265625
0 0.5486111111111112 0.477734375 0.03888888888888889 0.02265625
0 0.6125 0.485546875 0.044444444444444446 0.02265625
0 0.6763888888888889 0.48359375 0.03333333333333333 0.015625
0 0.725 0.455078125 0.03333333333333333 0.02578125
0 0.7736111111111111 0.490234375 0.044444444444444446 0.02734375
0 0.7993055555555556 0.515625 0.034722222222222224 0.015625
0 0.4201388888888889 0.358203125 0.020833333333333332 0.01328125
0 0.4576388888888889 0.360546875 0.018055555555555554 0.00546875
0 0.4722222222222222 0.37109375 0.013888888888888888 0.0078125
0 0.43819444444444444 0.1640625 0.034722222222222224 0.0171875
0 0.35555555555555557 0.18984375 0.022222222222222223 0.0171875
0 0.5354166666666667 0.184375 0.020833333333333332 0.021875
0 0.4847222222222222 0.2515625 0.025 0.015625
0 0.5583333333333333 0.2328125 0.027777777777777776 0.0171875
0 0.5861111111111111 0.20546875 0.03333333333333333 0.0234375
0 0.6208333333333333 0.2375 0.030555555555555555 0.01875
0 0.6409722222222223 0.18671875 0.034722222222222224 0.0234375
0 0.6368055555555555 0.20546875 0.03194444444444444 0.0140625
0 0.6180555555555556 0.215234375 0.025 0.01484375
0 0.6680555555555555 0.19453125 0.030555555555555555 0.0203125
0 0.6625 0.219140625 0.03333333333333333 0.01796875
0 0.6993055555555555 0.2109375 0.03194444444444444 0.0203125
0 0.71875 0.1859375 0.034722222222222224 0.0203125
0 0.7520833333333333 0.16328125 0.03194444444444444 0.0203125
0 0.7854166666666667 0.173828125 0.04027777777777778 0.01484375
0 0.7826388888888889 0.250390625 0.02638888888888889 0.01171875
0 0.7743055555555556 0.278515625 0.0375 0.02265625
0 0.8333333333333334 0.272265625 0.025 0.01640625
0 0.7833333333333333 0.315625 0.027777777777777776 0.0171875
0 0.8013888888888889 0.344921875 0.022222222222222223 0.01171875
0 0.8951388888888889 0.523828125 0.04027777777777778 0.02421875
0 0.975 0.51015625 0.027777777777777776 0.015625
0 0.9472222222222222 0.5171875 0.03611111111111111 0.01875
0 0.9611111111111111 0.444140625 0.044444444444444446 0.02265625
0 0.8652777777777778 0.29453125 0.027777777777777776 0.0140625
0 0.9236111111111112 0.2390625 0.019444444444444445 0.0265625
0 0.9465277777777777 0.246484375 0.02638888888888889 0.01796875
0 0.9548611111111112 0.28359375 0.029166666666666667 0.0140625
0 0.9916666666666667 0.283984375 0.011111111111111112 0.02421875
0 0.9486111111111111 0.311328125 0.019444444444444445 0.00859375
0 0.9048611111111111 0.300390625 0.02361111111111111 0.01015625
0 0.8673611111111111 0.311328125 0.018055555555555554 0.01328125
0 0.8770833333333333 0.327734375 0.02361111111111111 0.01484375
0 0.8986111111111111 0.324609375 0.016666666666666666 0.01171875
0 0.9131944444444444 0.326953125 0.015277777777777777 0.01328125
0 0.5131944444444444 0.150390625 0.04027777777777778 0.02109375
0 0.37569444444444444 0.672265625 0.018055555555555554 0.01328125
0 0.4666666666666667 0.192578125 0.019444444444444445 0.01953125
0 0.7569444444444444 0.1859375 0.016666666666666666 0.0140625
0 0.8166666666666667 0.198046875 0.016666666666666666 0.01015625
0 0.8243055555555555 0.25078125 0.02361111111111111 0.0234375
0 0.8048611111111111 0.273046875 0.02361111111111111 0.02578125
0 0.7694444444444445 0.30703125 0.025 0.0125
0 0.2673611111111111 0.3609375 0.02638888888888889 0.0203125
0 0.2513888888888889 0.353125 0.025 0.01875
0 0.22708333333333333 0.6265625 0.034722222222222224 0.01875
0 0.7291666666666666 0.48046875 0.019444444444444445 0.01875
0 0.56875 0.419921875 0.034722222222222224 0.01953125
