0 0.13055555555555556 0.15703125 0.03888888888888889 0.0203125
0 0.16527777777777777 0.155859375 0.027777777777777776 0.01484375
0 0.08819444444444445 0.23515625 0.029166666666666667 0.0171875
0 0.02361111111111111 0.248828125 0.019444444444444445 0.02109375
0 0.16805555555555557 0.2375 0.03611111111111111 0.021875
0 0.20694444444444443 0.359765625 0.03333333333333333 0.01953125
0 0.0798611111111111 0.043359375 0.0375 0.02578125
0 0.06805555555555555 0.023046875 0.025 0.01640625
0 0.0125 0.012109375 0.022222222222222223 0.02421875
0 0.03263888888888889 0.057421875 0.034722222222222224 0.02265625
0 0.009722222222222222 0.058984375 0.019444444444444445 0.01796875
0 0.07222222222222222 0.2515625 0.025 0.01875
0 0.09375 0.21875 0.03194444444444444 0.015625
0 0.2465277777777778 0.33046875 0.029166666666666667 0.01875
0 0.29930555555555555 0.39140625 0.034722222222222224 0.0234375
0 0.2798611111111111 0.432421875 0.03194444444444444 0.02109375
0 0.23402777777777778 0.41875 0.03194444444444444 0.0171875
0 0.23819444444444443 0.44609375 0.04027777777777778 0.021875
0 0.25833333333333336 0.47578125 0.03611111111111111 0.01875
0 0.25972222222222224 0.49375 0.025 0.015625
0 0.37222222222222223 0.486328125 0.044444444444444446 0.01796875
0 0.4270833333333333 0.484765625 0.020833333333333332 0.01328125
0 0.22916666666666666 0.256640625 0.019444444444444445 0.01328125
0 0.13402777777777777 0.315234375 0.0125 0.01484375
0 0.041666666666666664 0.598828125 0.03333333333333333 0.01953125
0 0.05 0.573046875 0.030555555555555555 0.01640625
0 0.1388888888888889 0.616015625 0.03611111111111111 0.01640625
0 0.1423611111111111 0.630078125 0.04027777777777778 0.01328125
0 0.5493055555555556 0.520703125 0.04027777777777778 0.01953125
0 0.575 0.533203125 0.041666666666666664 0.01796875
0 0.7395833333333334 0.555078125 0.04583333333333333 0.02578125
0 0.8131944444444444 0.43359375 0.043055555555555555 0.025
0 0.8527777777777777 0.434375 0.041666666666666664 0.0265625
0 0.7986111111111112 0.3734375 0.03333333333333333 0.021875
0 0.6395833333333333 0.528125 0.018055555555555554 0.0203125
0 0.9222222222222223 0.603515625 0.03611111111111111 0.02109375
0 0.7020833333333333 0.73515625 0.05694444444444444 0.0328125
0 0.6708333333333333 0.23359375 0.041666666666666664 0.0203125
0 0.6743055555555556 0.212109375 0.03194444444444444 0.02421875
0 0.9777777777777777 0.497265625 0.041666666666666664 0.02109375
0 0.5881944444444445 0.067578125 0.04861111111111111 0.02734375
0 0.5868055555555556 0.0890625 0.04861111111111111 0.0234375
0 0.6548611111111111 0.108984375 0.034722222222222224 0.01328125
0 0.5076388888888889 0.06328125 0.04861111111111111 0.034375
0 0.4409722222222222 0.369921875 0.03194444444444444 0.01796875
0 0.08263888888888889 0.13828125 0.020833333333333332 0.0125
0 0.3145833333333333 0.3484375 0.03194444444444444 0.0171875
0 0.6493055555555556 0.127734375 0.043055555555555555 0.01796875
0 0.3034722222222222 0.565234375 0.02638888888888889 0.01328125
0 0.9777777777777777 0.620703125 0.03888888888888889 0.01796875
0 0.5097222222222222 0.33203125 0.019444444444444445 0.0125
0 0.4791666666666667 0.57734375 0.03611111111111111 0.0140625
0 0.7625 0.75078125 0.030555555555555555 0.015625
0 0.8895833333333333 0.73984375 0.03194444444444444 0.025
0 0.9416666666666667 0.75625 0.03611111111111111 0.015625
0 0.7270833333333333 0.72109375 0.0375 0.0203125
