0 0.2722222222222222 0.5984375 0.044444444444444446 0.0265625
0 0.22708333333333333 0.622265625 0.034722222222222224 0.01796875
0 0.2708333333333333 0.625390625 0.05 0.02734375
0 0.73125 0.707421875 0.05694444444444444 0.03046875
0 0.6951388888888889 0.675390625 0.059722222222222225 0.03671875
0 0.6423611111111112 0.537890625 0.04027777777777778 0.02734375
0 0.6895833333333333 0.543359375 0.043055555555555555 0.02265625
0 0.9520833333333333 0.5703125 0.05416666666666667 0.0265625
0 0.9138888888888889 0.529296875 0.04722222222222222 0.02109375
0 0.9479166666666666 0.513671875 0.0375 0.02421875
0 0.9902777777777778 0.486328125 0.016666666666666666 0.02265625
0 0.9048611111111111 0.451171875 0.05138888888888889 0.02890625
0 0.7625 0.4328125 0.044444444444444446 0.01875
0 0.8194444444444444 0.406640625 0.05277777777777778 0.02890625
0 0.9201388888888888 0.37578125 0.04583333333333333 0.0203125
0 0.98125 0.376953125 0.03194444444444444 0.02109375
0 0.9548611111111112 0.364453125 0.034722222222222224 0.01953125
0 0.9291666666666667 0.285546875 0.041666666666666664 0.01640625
0 0.9270833333333334 0.312109375 0.029166666666666667 0.01796875
0 0.8263888888888888 0.2765625 0.03888888888888889 0.028125
0 0.7083333333333334 0.30546875 0.027777777777777776 0.0140625
0 0.7763888888888889 0.288671875 0.04722222222222222 0.02421875
0 0.7631944444444444 0.228125 0.05416666666666667 0.0328125
0 0.8076388888888889 0.202734375 0.04861111111111111 0.02734375
0 0.7555555555555555 0.20078125 0.04722222222222222 0.0203125
0 0.8298611111111112 0.180859375 0.05694444444444444 0.02890625
0 0.7930555555555555 0.25546875 0.03888888888888889 0.015625
0 0.7277777777777777 0.272265625 0.03611111111111111 0.01484375
0 0.9486111111111111 0.176953125 0.05277777777777778 0.02265625
0 0.9333333333333333 0.148046875 0.030555555555555555 0.01015625
0 0.8534722222222222 0.07109375 0.043055555555555555 0.03125
0 0.76875 0.03125 0.02638888888888889 0.0109375
0 0.7680555555555556 0.005859375 0.016666666666666666 0.01015625
0 0.56875 0.712109375 0.04027777777777778 0.01796875
0 0.8243055555555555 0.223046875 0.06527777777777778 0.02734375
0 0.5909722222222222 0.371875 0.020833333333333332 0.015625
0 0.6277777777777778 0.364453125 0.016666666666666666 0.00859375
0 0.7208333333333333 0.47109375 0.05 0.025
