0 0.011805555555555555 0.16796875 0.020833333333333332 0.015625
0 0.029861111111111113 0.17734375 0.02638888888888889 0.0125
0 0.049305555555555554 0.15625 0.029166666666666667 0.0203125
0 0.0798611111111111 0.15625 0.029166666666666667 0.015625
0 0.07777777777777778 0.17265625 0.027777777777777776 0.0125
0 0.08263888888888889 0.216796875 0.02638888888888889 0.01484375
0 0.11319444444444444 0.198046875 0.034722222222222224 0.01640625
0 0.22916666666666666 0.087109375 0.027777777777777776 0.01640625
0 0.23055555555555557 0.103125 0.03333333333333333 0.015625
0 0.2826388888888889 0.1046875 0.018055555555555554 0.0125
0 0.25555555555555554 0.15234375 0.027777777777777776 0.0125
0 0.36319444444444443 0.11640625 0.029166666666666667 0.0203125
0 0.36875 0.134765625 0.03194444444444444 0.01796875
0 0.38055555555555554 0.149609375 0.03333333333333333 0.01640625
0 0.16875 0.22734375 0.043055555555555555 0.0265625
0 0.2152777777777778 0.219140625 0.04722222222222222 0.02578125
0 0.20972222222222223 0.245703125 0.03888888888888889 0.02421875
0 0.014583333333333334 0.29609375 0.029166666666666667 0.0203125
0 0.02361111111111111 0.309765625 0.027777777777777776 0.01796875
0 0.04722222222222222 0.313671875 0.030555555555555555 0.01640625
0 0.08472222222222223 0.29765625 0.030555555555555555 0.0203125
0 0.11805555555555555 0.2765625 0.041666666666666664 0.025
0 0.16041666666666668 0.28125 0.04027777777777778 0.0296875
0 0.1326388888888889 0.32734375 0.029166666666666667 0.0171875
0 0.21805555555555556 0.282421875 0.03888888888888889 0.02421875
0 0.25972222222222224 0.290234375 0.03611111111111111 0.02265625
0 0.2076388888888889 0.3078125 0.043055555555555555 0.025
0 0.22083333333333333 0.32265625 0.04722222222222222 0.021875
0 0.2625 0.330078125 0.03611111111111111 0.01953125
0 0.29930555555555555 0.3484375 0.034722222222222224 0.01875
0 0.09097222222222222 0.42421875 0.05416666666666667 0.0265625
0 0.004861111111111111 0.46875 0.006944444444444444 0.0203125
0 0.13333333333333333 0.454296875 0.05277777777777778 0.02890625
0 0.08958333333333333 0.520703125 0.04027777777777778 0.02109375
0 0.19375 0.53984375 0.043055555555555555 0.028125
0 0.27708333333333335 0.459765625 0.034722222222222224 0.01796875
0 0.27569444444444446 0.534375 0.04027777777777778 0.021875
0 0.32083333333333336 0.565625 0.044444444444444446 0.021875
0 0.35208333333333336 0.593359375 0.0375 0.02109375
0 0.3423611111111111 0.61484375 0.03194444444444444 0.015625
0 0.44027777777777777 0.53046875 0.041666666666666664 0.021875
0 0.40694444444444444 0.551171875 0.03611111111111111 0.01953125
0 0.42777777777777776 0.56484375 0.041666666666666664 0.025
0 0.4951388888888889 0.63828125 0.0375 0.0203125
0 0.28541666666666665 0.228515625 0.03194444444444444 0.02265625
0 0.3715277777777778 0.244921875 0.04861111111111111 0.03046875
0 0.3923611111111111 0.73671875 0.02361111111111111 0.01875
0 0.45 0.72265625 0.027777777777777776 0.0171875
0 0.6166666666666667 0.59765625 0.027777777777777776 0.0140625
0 0.6958333333333333 0.62421875 0.027777777777777776 0.01875
0 0.5673611111111111 0.674609375 0.018055555555555554 0.00703125
0 0.4951388888888889 0.1828125 0.02638888888888889 0.01875
0 0.6590277777777778 0.21015625 0.020833333333333332 0.0171875
0 0.7298611111111111 0.21875 0.029166666666666667 0.015625
0 0.8895833333333333 0.27109375 0.034722222222222224 0.0203125
0 0.8541666666666666 0.290234375 0.041666666666666664 0.02421875
0 0.8166666666666667 0.29765625 0.030555555555555555 0.0125
0 0.9152777777777777 0.308203125 0.030555555555555555 0.01953125
0 0.8833333333333333 0.300390625 0.027777777777777776 0.01796875
0 0.5916666666666667 0.271875 0.03611111111111111 0.0203125
0 0.5527777777777778 0.275 0.030555555555555555 0.021875
0 0.5541666666666667 0.298828125 0.04722222222222222 0.02265625
0 0.4861111111111111 0.310546875 0.044444444444444446 0.02265625
0 0.4597222222222222 0.351171875 0.044444444444444446 0.02421875
0 0.46041666666666664 0.369140625 0.034722222222222224 0.01328125
0 0.5527777777777778 0.37265625 0.044444444444444446 0.021875
0 0.7819444444444444 0.51171875 0.041666666666666664 0.0234375
0 0.7951388888888888 0.530078125 0.043055555555555555 0.01796875
0 0.7076388888888889 0.537890625 0.034722222222222224 0.01640625
0 0.8118055555555556 0.572265625 0.03194444444444444 0.01796875
0 0.7840277777777778 0.588671875 0.03194444444444444 0.01953125
0 0.6319444444444444 0.38828125 0.030555555555555555 0.0203125
0 0.21666666666666667 0.619140625 0.027777777777777776 0.01640625
0 0.24166666666666667 0.63984375 0.016666666666666666 0.0171875
0 0.5236111111111111 0.188671875 0.025 0.01953125
0 0.14097222222222222 0.2484375 0.04027777777777778 0.0296875
0 0.25069444444444444 0.178515625 0.02361111111111111 0.00703125
0 0.18472222222222223 0.180078125 0.019444444444444445 0.01640625
0 0.08125 0.308984375 0.03194444444444444 0.01640625
0 0.28958333333333336 0.318359375 0.029166666666666667 0.01953125
0 0.06388888888888888 0.43828125 0.027777777777777776 0.0140625
0 0.022222222222222223 0.430078125 0.022222222222222223 0.02578125
0 0.02847222222222222 0.553125 0.04027777777777778 0.0234375
0 0.14791666666666667 0.520703125 0.02638888888888889 0.01796875
0 0.21041666666666667 0.49375 0.018055555555555554 0.0171875
0 0.29930555555555555 0.51015625 0.029166666666666667 0.0109375
0 0.3923611111111111 0.4796875 0.03194444444444444 0.0140625
0 0.9465277777777777 0.621484375 0.0375 0.02109375
0 0.33194444444444443 0.66015625 0.025 0.01875
0 0.40555555555555556 0.7515625 0.03611111111111111 0.0140625
0 0.91875 0.678515625 0.03194444444444444 0.01640625
0 0.8902777777777777 0.6796875 0.025 0.0109375
0 0.8486111111111111 0.563671875 0.022222222222222223 0.01171875
0 0.41875 0.15390625 0.020833333333333332 0.0125
