0 0.6694444444444444 0.1921875 0.05555555555555555 0.0328125
0 0.6625 0.22109375 0.041666666666666664 0.025
0 0.6916666666666667 0.255859375 0.05277777777777778 0.03046875
0 0.6513888888888889 0.247265625 0.016666666666666666 0.01328125
0 0.5951388888888889 0.24609375 0.04583333333333333 0.0203125
0 0.5868055555555556 0.28984375 0.05694444444444444 0.03125
0 0.7118055555555556 0.3140625 0.029166666666666667 0.021875
0 0.7506944444444444 0.3140625 0.05138888888888889 0.03125
0 0.5736111111111111 0.34453125 0.058333333333333334 0.0265625
0 0.5902777777777778 0.325 0.041666666666666664 0.015625
0 0.6166666666666667 0.355859375 0.05 0.03671875
0 0.6666666666666666 0.358203125 0.05 0.03984375
0 0.3902777777777778 0.42109375 0.06111111111111111 0.028125
0 0.32222222222222224 0.437890625 0.05277777777777778 0.02734375
0 0.7298611111111111 0.38515625 0.05416666666666667 0.0234375
0 0.8291666666666667 0.409375 0.058333333333333334 0.034375
0 0.7180555555555556 0.43203125 0.05555555555555555 0.025
0 0.7520833333333333 0.458203125 0.0625 0.03359375
0 0.7979166666666667 0.46640625 0.043055555555555555 0.034375
0 0.8416666666666667 0.4375 0.05555555555555555 0.0234375
0 0.6194444444444445 0.6015625 0.06388888888888888 0.0296875
0 0.6847222222222222 0.55546875 0.05 0.021875
0 0.7270833333333333 0.576953125 0.059722222222222225 0.03203125
0 0.7777777777777778 0.542578125 0.041666666666666664 0.02890625
0 0.8826388888888889 0.5421875 0.04861111111111111 0.0265625
0 0.9138888888888889 0.601953125 0.03888888888888889 0.02109375
0 0.9430555555555555 0.6109375 0.022222222222222223 0.015625
0 0.8034722222222223 0.6171875 0.02361111111111111 0.0171875
0 0.46458333333333335 0.588671875 0.0375 0.02109375
0 0.5555555555555556 0.69453125 0.058333333333333334 0.0203125
0 0.3645833333333333 0.700390625 0.034722222222222224 0.02109375
0 0.38680555555555557 0.766796875 0.06805555555555555 0.02109375
0 0.05416666666666667 0.76875 0.044444444444444446 0.0296875
0 0.6381944444444444 0.71328125 0.05694444444444444 0.0359375
0 0.7534722222222222 0.65234375 0.04583333333333333 0.0171875
0 0.7659722222222223 0.751953125 0.02361111111111111 0.03046875
0 0.6513888888888889 0.786328125 0.044444444444444446 0.02734375
0 0.017361111111111112 0.837890625 0.034722222222222224 0.02265625
0 0.175 0.86640625 0.044444444444444446 0.015625
0 0.26875 0.864453125 0.0375 0.02578125
0 0.4583333333333333 0.8546875 0.05277777777777778 0.025
0 0.35 0.90859375 0.022222222222222223 0.0125
0 0.19722222222222222 0.990234375 0.05555555555555555 0.01796875
0 0.6534722222222222 0.966796875 0.0625 0.02578125
0 0.7090277777777778 0.953125 0.05416666666666667 0.0234375
