0 0.35347222222222224 0.013671875 0.0625 0.02109375
0 0.2923611111111111 0.133984375 0.06805555555555555 0.03984375
0 0.40347222222222223 0.10234375 0.0625 0.0390625
0 0.4263888888888889 0.14296875 0.04722222222222222 0.034375
0 0.4791666666666667 0.133984375 0.041666666666666664 0.03046875
0 0.4798611111111111 0.176171875 0.0375 0.02734375
0 0.5270833333333333 0.2640625 0.05694444444444444 0.0375
0 0.30277777777777776 0.21640625 0.05277777777777778 0.0359375
0 0.3416666666666667 0.284765625 0.05555555555555555 0.02890625
0 0.1423611111111111 0.26875 0.06805555555555555 0.03125
0 0.14652777777777778 0.240234375 0.0625 0.02265625
0 0.19722222222222222 0.278125 0.06666666666666667 0.040625
0 0.10416666666666667 0.32265625 0.05277777777777778 0.0328125
0 0.44027777777777777 0.27890625 0.06388888888888888 0.0328125
0 0.29305555555555557 0.253515625 0.04722222222222222 0.02890625
0 0.3590277777777778 0.437109375 0.043055555555555555 0.02265625
0 0.2673611111111111 0.448828125 0.05694444444444444 0.03046875
0 0.09444444444444444 0.47109375 0.04722222222222222 0.0328125
0 0.18472222222222223 0.50234375 0.06944444444444445 0.0328125
0 0.4951388888888889 0.554296875 0.05694444444444444 0.03203125
0 0.2861111111111111 0.61640625 0.075 0.0390625
0 0.5583333333333333 0.73828125 0.05 0.028125
0 0.86875 0.386328125 0.07083333333333333 0.04140625
0 0.9513888888888888 0.39765625 0.075 0.034375
0 0.9847222222222223 0.273046875 0.025 0.02578125
0 0.6347222222222222 0.772265625 0.075 0.03359375
0 0.30416666666666664 0.348828125 0.044444444444444446 0.01484375
0 0.5791666666666667 0.474609375 0.058333333333333334 0.03359375
0 0.3770833333333333 0.49765625 0.0375 0.021875
0 0.43333333333333335 0.469140625 0.05555555555555555 0.01796875
0 0.46875 0.535546875 0.043055555555555555 0.01171875
0 0.50625 0.458984375 0.0375 0.01328125
0 0.33819444444444446 0.64765625 0.029166666666666667 0.028125
0 0.9736111111111111 0.240234375 0.05 0.02890625
0 0.9534722222222223 0.20625 0.020833333333333332 0.0109375
0 0.3625 0.22578125 0.025 0.0234375
0 0.39166666666666666 0.30859375 0.016666666666666666 0.0203125
0 0.17083333333333334 0.326171875 0.041666666666666664 0.02109375
0 0.19791666666666666 0.311328125 0.05694444444444444 0.02265625
0 0.22916666666666666 0.325390625 0.019444444444444445 0.01640625
0 0.5076388888888889 0.3796875 0.018055555555555554 0.0171875
0 0.5097222222222222 0.347265625 0.030555555555555555 0.02109375
0 0.2388888888888889 0.47421875 0.019444444444444445 0.0203125
0 0.37222222222222223 0.61875 0.06111111111111111 0.03125
0 0.4701388888888889 0.5765625 0.029166666666666667 0.0234375
0 0.48680555555555555 0.717578125 0.059722222222222225 0.02421875
0 0.28958333333333336 0.74296875 0.029166666666666667 0.015625
