0 0.5076388888888889 0.029296875 0.05694444444444444 0.03359375
0 0.6527777777777778 0.05546875 0.058333333333333334 0.040625
0 0.5631944444444444 0.058984375 0.02361111111111111 0.01640625
0 0.6236111111111111 0.12265625 0.05555555555555555 0.0328125
0 0.6979166666666666 0.16015625 0.04027777777777778 0.0328125
0 0.6388888888888888 0.163671875 0.05555555555555555 0.02578125
0 0.5895833333333333 0.191015625 0.04861111111111111 0.03515625
0 0.6236111111111111 0.2015625 0.041666666666666664 0.0234375
0 0.6659722222222222 0.194921875 0.04027777777777778 0.03828125
0 0.5340277777777778 0.2234375 0.05138888888888889 0.0328125
0 0.31319444444444444 0.255859375 0.05694444444444444 0.03203125
0 0.3277777777777778 0.240234375 0.03888888888888889 0.02421875
0 0.25763888888888886 0.268359375 0.0625 0.03359375
0 0.1388888888888889 0.308984375 0.05277777777777778 0.02734375
0 0.3263888888888889 0.286328125 0.07222222222222222 0.02734375
0 0.5583333333333333 0.28125 0.027777777777777776 0.0234375
0 0.6569444444444444 0.254296875 0.05555555555555555 0.03203125
0 0.6048611111111111 0.27109375 0.0625 0.0328125
0 0.6083333333333333 0.304296875 0.06388888888888888 0.03828125
0 0.6645833333333333 0.3109375 0.04861111111111111 0.034375
0 0.7 0.312890625 0.030555555555555555 0.03828125
0 0.7326388888888888 0.34296875 0.05416666666666667 0.034375
0 0.8666666666666667 0.33046875 0.06111111111111111 0.034375
0 0.9798611111111111 0.329296875 0.0375 0.03359375
0 0.41597222222222224 0.39453125 0.05416666666666667 0.0234375
0 0.49722222222222223 0.41015625 0.06666666666666667 0.0375
0 0.5604166666666667 0.39921875 0.06805555555555555 0.0375
0 0.5458333333333333 0.3328125 0.06111111111111111 0.0359375
0 0.08680555555555555 0.4171875 0.05138888888888889 0.03125
0 0.041666666666666664 0.4234375 0.05555555555555555 0.0328125
0 0.010416666666666666 0.420703125 0.020833333333333332 0.02890625
0 0.275 0.439453125 0.03888888888888889 0.02421875
0 0.6770833333333334 0.36953125 0.05694444444444444 0.0375
0 0.6340277777777777 0.36953125 0.02361111111111111 0.0234375
0 0.7743055555555556 0.394140625 0.06527777777777778 0.03515625
0 0.23125 0.473046875 0.04861111111111111 0.03359375
0 0.03888888888888889 0.53671875 0.05277777777777778 0.028125
0 0.21666666666666667 0.512109375 0.06111111111111111 0.02734375
0 0.2590277777777778 0.5421875 0.04583333333333333 0.021875
0 0.4125 0.507421875 0.05 0.02265625
0 0.38333333333333336 0.540234375 0.03611111111111111 0.02109375
0 0.6520833333333333 0.530859375 0.04861111111111111 0.03046875
0 0.6930555555555555 0.52578125 0.05555555555555555 0.0359375
0 0.7791666666666667 0.4921875 0.03611111111111111 0.0328125
0 0.7090277777777778 0.46484375 0.03194444444444444 0.0234375
0 0.5534722222222223 0.468359375 0.043055555555555555 0.02890625
0 0.6090277777777777 0.4671875 0.0625 0.0296875
0 0.6263888888888889 0.54296875 0.03333333333333333 0.0234375
0 0.4986111111111111 0.59921875 0.05 0.0265625
0 0.7701388888888889 0.544140625 0.0375 0.02421875
0 0.66875 0.562890625 0.020833333333333332 0.01484375
0 0.6083333333333333 0.584375 0.05 0.025
0 0.6666666666666666 0.596484375 0.058333333333333334 0.03671875
0 0.9777777777777777 0.629296875 0.041666666666666664 0.03203125
0 0.8583333333333333 0.652734375 0.05 0.03203125
0 0.9333333333333333 0.6375 0.03333333333333333 0.0265625
0 0.9618055555555556 0.666796875 0.0375 0.02421875
0 0.7520833333333333 0.66015625 0.05694444444444444 0.0421875
0 0.7979166666666667 0.683984375 0.059722222222222225 0.03046875
0 0.8965277777777778 0.728125 0.0375 0.0390625
0 0.8319444444444445 0.715234375 0.041666666666666664 0.02890625
0 0.8597222222222223 0.683203125 0.05277777777777778 0.02421875
0 0.9215277777777777 0.7671875 0.034722222222222224 0.0296875
0 0.6527777777777778 0.690625 0.058333333333333334 0.0359375
0 0.5270833333333333 0.640625 0.06805555555555555 0.0234375
0 0.39375 0.6921875 0.04861111111111111 0.0265625
0 0.47291666666666665 0.673828125 0.04861111111111111 0.02578125
0 0.4861111111111111 0.751171875 0.05 0.02578125
0 0.08819444444444445 0.71484375 0.05138888888888889 0.028125
0 0.33541666666666664 0.805078125 0.059722222222222225 0.02734375
0 0.2743055555555556 0.730078125 0.02638888888888889 0.01953125
0 0.0375 0.783984375 0.06111111111111111 0.03046875
0 0.01597222222222222 0.874609375 0.02638888888888889 0.03671875
0 0.19236111111111112 0.869140625 0.06805555555555555 0.03671875
0 0.8375 0.77890625 0.05 0.025
0 0.9472222222222222 0.7828125 0.03333333333333333 0.0203125
0 0.6673611111111111 0.9296875 0.05138888888888889 0.0265625
0 0.7729166666666667 0.975390625 0.0763888888888889 0.04609375
0 0.9284722222222223 0.844140625 0.05694444444444444 0.03203125
0 0.8923611111111112 0.86640625 0.043055555555555555 0.03125
0 0.9597222222222223 0.9625 0.044444444444444446 0.0484375
0 0.8465277777777778 0.831640625 0.03194444444444444 0.01796875
0 0.28680555555555554 0.921484375 0.0625 0.03046875
0 0.8041666666666667 0.4890625 0.044444444444444446 0.0296875
0 0.6256944444444444 0.325390625 0.034722222222222224 0.01796875
0 0.5743055555555555 0.003515625 0.0375 0.00546875
0 0.3194444444444444 0.45234375 0.030555555555555555 0.01875
0 0.11388888888888889 0.51171875 0.025 0.0140625
0 0.9423611111111111 0.877734375 0.07361111111111111 0.01796875
0 0.24722222222222223 0.63359375 0.027777777777777776 0.0171875
0 0.90625 0.667578125 0.0375 0.03046875
0 0.39166666666666666 0.875 0.030555555555555555 0.01875
