0 0.006944444444444444 0.180078125 0.013888888888888888 0.01796875
0 0.022916666666666665 0.180859375 0.020833333333333332 0.01484375
0 0.044444444444444446 0.18828125 0.030555555555555555 0.015625
0 0.034722222222222224 0.1625 0.019444444444444445 0.0171875
0 0.05763888888888889 0.16953125 0.029166666666666667 0.0171875
0 0.09305555555555556 0.166796875 0.030555555555555555 0.01484375
0 0.09236111111111112 0.183984375 0.029166666666666667 0.01484375
0 0.11527777777777778 0.190234375 0.022222222222222223 0.01171875
0 0.12916666666666668 0.208203125 0.030555555555555555 0.01953125
0 0.09861111111111111 0.22890625 0.030555555555555555 0.0171875
0 0.26666666666666666 0.16015625 0.030555555555555555 0.0125
0 0.2388888888888889 0.096484375 0.027777777777777776 0.01953125
0 0.2388888888888889 0.11015625 0.027777777777777776 0.0171875
0 0.29097222222222224 0.115234375 0.02638888888888889 0.01484375
0 0.38055555555555554 0.12109375 0.03333333333333333 0.0140625
0 0.38125 0.14140625 0.034722222222222224 0.0203125
0 0.39652777777777776 0.155078125 0.029166666666666667 0.01953125
0 0.43472222222222223 0.158203125 0.027777777777777776 0.01640625
0 0.24027777777777778 0.22890625 0.04722222222222222 0.0296875
0 0.19930555555555557 0.236328125 0.04027777777777778 0.02890625
0 0.3111111111111111 0.237890625 0.03333333333333333 0.02421875
0 0.4 0.25234375 0.05555555555555555 0.0328125
0 0.5076388888888889 0.187890625 0.029166666666666667 0.02109375
0 0.5409722222222222 0.192578125 0.02361111111111111 0.02265625
0 0.2388888888888889 0.255078125 0.044444444444444446 0.02265625
0 0.010416666666666666 0.311328125 0.018055555555555554 0.01640625
0 0.035416666666666666 0.309765625 0.03194444444444444 0.01953125
0 0.04513888888888889 0.323046875 0.029166666666666667 0.01796875
0 0.07222222222222222 0.3265625 0.027777777777777776 0.01875
0 0.1125 0.3109375 0.03611111111111111 0.01875
0 0.10555555555555556 0.323828125 0.030555555555555555 0.01484375
0 0.15833333333333333 0.3375 0.03333333333333333 0.0171875
0 0.14652777777777778 0.289453125 0.043055555555555555 0.02578125
0 0.18888888888888888 0.29296875 0.044444444444444446 0.0265625
0 0.2465277777777778 0.29296875 0.0375 0.021875
0 0.2902777777777778 0.298046875 0.041666666666666664 0.01953125
0 0.23958333333333334 0.31640625 0.04027777777777778 0.021875
0 0.2513888888888889 0.332421875 0.044444444444444446 0.02109375
0 0.29375 0.339453125 0.0375 0.01796875
0 0.33125 0.3578125 0.034722222222222224 0.0203125
0 0.31805555555555554 0.47265625 0.03333333333333333 0.0171875
0 0.029861111111111113 0.48515625 0.04861111111111111 0.028125
0 0.13819444444444445 0.440234375 0.05416666666666667 0.02578125
0 0.06875 0.446484375 0.034722222222222224 0.02421875
0 0.12777777777777777 0.485546875 0.03333333333333333 0.02109375
0 0.17847222222222223 0.46953125 0.05138888888888889 0.028125
0 0.13819444444444445 0.53671875 0.04027777777777778 0.021875
0 0.24305555555555555 0.5546875 0.04722222222222222 0.0265625
0 0.3229166666666667 0.546875 0.04583333333333333 0.0234375
0 0.3423611111111111 0.52265625 0.020833333333333332 0.0125
0 0.2534722222222222 0.506640625 0.0125 0.01328125
0 0.19027777777777777 0.535546875 0.03333333333333333 0.01640625
0 0.26319444444444445 0.6328125 0.02638888888888889 0.01875
0 0.28402777777777777 0.650390625 0.015277777777777777 0.01484375
0 0.3770833333333333 0.670703125 0.020833333333333332 0.01484375
0 0.36944444444444446 0.57421875 0.03888888888888889 0.0234375
0 0.3902777777777778 0.626171875 0.022222222222222223 0.01484375
0 0.4 0.604296875 0.03888888888888889 0.02109375
0 0.6256944444444444 0.276171875 0.0375 0.01953125
0 0.5854166666666667 0.2796875 0.034722222222222224 0.021875
0 0.5875 0.305859375 0.04722222222222222 0.02578125
0 0.5236111111111111 0.3171875 0.044444444444444446 0.025
0 0.49722222222222223 0.357421875 0.04722222222222222 0.02578125
0 0.49583333333333335 0.375390625 0.03611111111111111 0.01640625
0 0.5881944444444445 0.379296875 0.04027777777777778 0.02734375
0 0.4284722222222222 0.48828125 0.02638888888888889 0.0125
0 0.44583333333333336 0.748046875 0.025 0.01796875
0 0.7548611111111111 0.219921875 0.029166666666666667 0.01484375
0 0.9243055555555556 0.269921875 0.03194444444444444 0.01953125
0 0.8875 0.287109375 0.041666666666666664 0.02421875
0 0.85 0.29921875 0.030555555555555555 0.015625
0 0.9520833333333333 0.30390625 0.03194444444444444 0.015625
0 0.6666666666666666 0.391796875 0.030555555555555555 0.02109375
0 0.48819444444444443 0.540234375 0.04027777777777778 0.02109375
0 0.45625 0.562890625 0.034722222222222224 0.02109375
0 0.4777777777777778 0.575 0.044444444444444446 0.025
0 0.5465277777777777 0.64765625 0.04027777777777778 0.021875
0 0.5048611111111111 0.7328125 0.029166666666666667 0.0171875
0 0.4576388888888889 0.7609375 0.03194444444444444 0.015625
0 0.6208333333333333 0.681640625 0.022222222222222223 0.00859375
0 0.6694444444444444 0.60546875 0.030555555555555555 0.01875
0 0.7465277777777778 0.628515625 0.034722222222222224 0.01953125
0 0.75625 0.54453125 0.034722222222222224 0.0203125
0 0.83125 0.514453125 0.04027777777777778 0.02421875
0 0.8416666666666667 0.5328125 0.044444444444444446 0.021875
0 0.8395833333333333 0.59375 0.03194444444444444 0.01875
0 0.8645833333333334 0.57578125 0.029166666666666667 0.015625
0 0.8958333333333334 0.56640625 0.016666666666666666 0.0078125
0 0.9722222222222222 0.682421875 0.027777777777777776 0.01328125
0 0.9902777777777778 0.458984375 0.016666666666666666 0.01328125
0 0.9611111111111111 0.3390625 0.016666666666666666 0.01875
0 0.19166666666666668 0.18984375 0.04722222222222222 0.0171875
0 0.11527777777777778 0.137890625 0.022222222222222223 0.01328125
0 0.9451388888888889 0.21484375 0.029166666666666667 0.0109375
0 0.32013888888888886 0.3296875 0.02361111111111111 0.0171875
0 0.06875 0.567578125 0.0375 0.02109375
0 0.9881944444444445 0.621484375 0.020833333333333332 0.02265625
0 0.9354166666666667 0.68125 0.02638888888888889 0.009375
0 0.41180555555555554 0.455859375 0.02638888888888889 0.01484375
