0 0.6277777777777778 0.28828125 0.05277777777777778 0.03125
0 0.6895833333333333 0.405859375 0.029166666666666667 0.02890625
0 0.8138888888888889 0.461328125 0.04722222222222222 0.02265625
0 0.9152777777777777 0.48828125 0.04722222222222222 0.025
0 0.8402777777777778 0.4984375 0.04722222222222222 0.0265625
0 0.8118055555555556 0.5078125 0.04027777777777778 0.01875
0 0.8729166666666667 0.513671875 0.0375 0.02265625
0 0.9229166666666667 0.5234375 0.04027777777777778 0.0234375
0 0.9381944444444444 0.508984375 0.03194444444444444 0.01171875
0 0.98125 0.5171875 0.03194444444444444 0.0125
