0 0.5673611111111111 0.30703125 0.05416666666666667 0.0328125
0 0.9208333333333333 0.316796875 0.07222222222222222 0.03359375
0 0.90625 0.355859375 0.05416666666666667 0.03046875
0 0.9756944444444444 0.3609375 0.04583333333333333 0.0296875
0 0.8180555555555555 0.4 0.04722222222222222 0.025
0 0.9694444444444444 0.423046875 0.04722222222222222 0.03046875
0 0.8777777777777778 0.4640625 0.027777777777777776 0.0203125
0 0.9118055555555555 0.45859375 0.04027777777777778 0.025
0 0.9458333333333333 0.44453125 0.025 0.009375
0 0.8395833333333333 0.502734375 0.06805555555555555 0.03046875
0 0.8055555555555556 0.516796875 0.03611111111111111 0.02578125
0 0.8958333333333334 0.51171875 0.05277777777777778 0.03125
0 0.8493055555555555 0.581640625 0.07361111111111111 0.03828125
0 0.7944444444444444 0.60078125 0.058333333333333334 0.021875
