0 0.9 0.63515625 0.05 0.028125
0 0.8590277777777777 0.359765625 0.03194444444444444 0.02421875
0 0.8388888888888889 0.308203125 0.044444444444444446 0.02578125
0 0.8166666666666667 0.287109375 0.04722222222222222 0.02734375
0 0.7979166666666667 0.304296875 0.034722222222222224 0.02421875
0 0.9534722222222223 0.34375 0.034722222222222224 0.0234375
0 0.9784722222222222 0.36328125 0.03194444444444444 0.0203125
0 0.8659722222222223 0.566796875 0.029166666666666667 0.02265625
0 0.3541666666666667 0.34453125 0.03611111111111111 0.01875
0 0.03194444444444444 0.4921875 0.030555555555555555 0.01875
0 0.13333333333333333 0.569921875 0.03611111111111111 0.02109375
0 0.08958333333333333 0.578125 0.02361111111111111 0.0203125
0 0.17083333333333334 0.384765625 0.019444444444444445 0.01171875
0 0.45694444444444443 0.366796875 0.027777777777777776 0.01796875
0 0.5652777777777778 0.40625 0.03611111111111111 0.0171875
0 0.45208333333333334 0.4265625 0.020833333333333332 0.0140625
0 0.28541666666666665 0.42578125 0.034722222222222224 0.015625
0 0.3111111111111111 0.43359375 0.019444444444444445 0.0109375
0 0.12291666666666666 0.384765625 0.02638888888888889 0.00703125
0 0.04722222222222222 0.44453125 0.03611111111111111 0.0140625
0 0.7090277777777778 0.385546875 0.03194444444444444 0.02109375
0 0.7395833333333334 0.3890625 0.02638888888888889 0.0171875
0 0.16875 0.368359375 0.02638888888888889 0.01484375
0 0.19444444444444445 0.325 0.027777777777777776 0.0203125
0 0.41805555555555557 0.38984375 0.03611111111111111 0.0109375
0 0.9777777777777777 0.55078125 0.03888888888888889 0.0203125
0 0.8763888888888889 0.271875 0.030555555555555555 0.0203125
0 0.7805555555555556 0.160546875 0.025 0.02109375
0 0.8243055555555555 0.16484375 0.020833333333333332 0.021875
0 0.8326388888888889 0.1953125 0.043055555555555555 0.0234375
0 0.6215277777777778 0.358203125 0.018055555555555554 0.01796875
0 0.6430555555555556 0.583984375 0.03333333333333333 0.02578125
0 0.13680555555555557 0.24296875 0.0375 0.0171875
0 0.2534722222222222 0.35703125 0.034722222222222224 0.0265625
0 0.05555555555555555 0.42265625 0.025 0.015625
0 0.022916666666666665 0.474609375 0.02638888888888889 0.01640625
0 0.14444444444444443 0.533984375 0.041666666666666664 0.01953125
0 0.59375 0.577734375 0.029166666666666667 0.02421875
0 0.4597222222222222 0.4125 0.030555555555555555 0.015625
0 0.5131944444444444 0.390625 0.018055555555555554 0.0140625
0 0.7277777777777777 0.454296875 0.03333333333333333 0.01015625
0 0.6277777777777778 0.273828125 0.03888888888888889 0.01484375
0 0.8458333333333333 0.34765625 0.03333333333333333 0.0125
0 0.8381944444444445 0.5734375 0.034722222222222224 0.0234375
0 0.8715277777777778 0.61640625 0.034722222222222224 0.021875
