0 0.45069444444444445 0.17578125 0.0375 0.028125
0 0.5520833333333334 0.19921875 0.04583333333333333 0.0203125
0 0.5729166666666666 0.26171875 0.02361111111111111 0.0203125
0 0.45694444444444443 0.27109375 0.03888888888888889 0.0265625
0 0.48125 0.2921875 0.034722222222222224 0.0203125
0 0.6902777777777778 0.216796875 0.030555555555555555 0.02109375
0 0.34930555555555554 0.332421875 0.03194444444444444 0.02109375
0 0.33819444444444446 0.2671875 0.020833333333333332 0.015625
0 0.7215277777777778 0.313671875 0.04027777777777778 0.02109375
0 0.6659722222222222 0.321875 0.043055555555555555 0.021875
0 0.7645833333333333 0.34140625 0.0375 0.01875
0 0.8069444444444445 0.341796875 0.041666666666666664 0.02421875
0 0.7909722222222222 0.369140625 0.04027777777777778 0.02265625
0 0.7743055555555556 0.3609375 0.034722222222222224 0.021875
0 0.6875 0.340625 0.030555555555555555 0.015625
0 0.6451388888888889 0.34609375 0.02361111111111111 0.0125
0 0.7854166666666667 0.296484375 0.034722222222222224 0.02265625
0 0.1875 0.328515625 0.030555555555555555 0.01640625
0 0.09861111111111111 0.3421875 0.03888888888888889 0.0171875
0 0.2923611111111111 0.346484375 0.03194444444444444 0.01796875
0 0.26875 0.348046875 0.018055555555555554 0.00859375
0 0.20972222222222223 0.39140625 0.030555555555555555 0.0140625
0 0.34375 0.3796875 0.02638888888888889 0.0140625
0 0.3548611111111111 0.43984375 0.02638888888888889 0.01875
0 0.33125 0.44296875 0.02361111111111111 0.0171875
0 0.33958333333333335 0.454296875 0.02361111111111111 0.01171875
0 0.38333333333333336 0.44921875 0.030555555555555555 0.0171875
0 0.49722222222222223 0.42578125 0.03333333333333333 0.0125
0 0.5756944444444444 0.487890625 0.04583333333333333 0.01640625
0 0.09513888888888888 0.312890625 0.029166666666666667 0.01484375
0 0.06527777777777778 0.352734375 0.025 0.01953125
0 0.020833333333333332 0.36796875 0.03333333333333333 0.0203125
0 0.51875 0.191796875 0.034722222222222224 0.02109375
0 0.7201388888888889 0.339453125 0.02638888888888889 0.01484375
0 0.7118055555555556 0.35859375 0.043055555555555555 0.01875
0 0.5173611111111112 0.54296875 0.0375 0.021875
0 0.5423611111111111 0.509375 0.0375 0.0234375
0 0.5236111111111111 0.49921875 0.030555555555555555 0.0203125
0 0.2875 0.514453125 0.022222222222222223 0.01953125
0 0.8576388888888888 0.49453125 0.043055555555555555 0.021875
0 0.8069444444444445 0.48203125 0.041666666666666664 0.021875
0 0.48541666666666666 0.408203125 0.020833333333333332 0.01015625
0 0.23958333333333334 0.416796875 0.0375 0.01796875
0 0.8729166666666667 0.442578125 0.04861111111111111 0.02734375
0 0.8868055555555555 0.390625 0.043055555555555555 0.021875
0 0.9270833333333334 0.3671875 0.05694444444444444 0.0328125
0 0.9715277777777778 0.39765625 0.02638888888888889 0.0234375
0 0.9548611111111112 0.295703125 0.029166666666666667 0.01796875
0 0.4027777777777778 0.167578125 0.030555555555555555 0.02578125
0 0.4861111111111111 0.507421875 0.03333333333333333 0.01796875
0 0.45 0.291015625 0.027777777777777776 0.01796875
0 0.14722222222222223 0.41796875 0.025 0.009375
0 0.5104166666666666 0.44609375 0.018055555555555554 0.0109375
0 0.9034722222222222 0.43984375 0.03194444444444444 0.01875
0 0.5368055555555555 0.5609375 0.04027777777777778 0.0171875
0 0.5388888888888889 0.571875 0.03611111111111111 0.0078125
