0 0.25972222222222224 0.385546875 0.022222222222222223 0.02265625
0 0.34652777777777777 0.39453125 0.034722222222222224 0.021875
0 0.5048611111111111 0.29140625 0.05138888888888889 0.028125
0 0.625 0.3125 0.03333333333333333 0.021875
0 0.64375 0.298046875 0.034722222222222224 0.01953125
0 0.5923611111111111 0.356640625 0.0125 0.01953125
0 0.7798611111111111 0.394921875 0.034722222222222224 0.01484375
0 0.8277777777777777 0.445703125 0.04722222222222222 0.01640625
0 0.8152777777777778 0.508203125 0.022222222222222223 0.01796875
0 0.6416666666666667 0.5359375 0.030555555555555555 0.0203125
0 0.7888888888888889 0.526953125 0.030555555555555555 0.01328125
0 0.8993055555555556 0.541796875 0.0625 0.03515625
0 0.9597222222222223 0.728125 0.06388888888888888 0.0359375
