0 0.3784722222222222 0.54140625 0.05138888888888889 0.025
0 0.55 0.516015625 0.041666666666666664 0.02265625
0 0.6180555555555556 0.51484375 0.05 0.0234375
0 0.74375 0.536328125 0.043055555555555555 0.02578125
0 0.6506944444444445 0.476171875 0.043055555555555555 0.02265625
0 0.3236111111111111 0.518359375 0.044444444444444446 0.02421875
0 0.09027777777777778 0.58203125 0.05 0.0265625
0 0.3145833333333333 0.490234375 0.04583333333333333 0.02734375
0 0.13333333333333333 0.390625 0.03611111111111111 0.0234375
0 0.2611111111111111 0.39375 0.027777777777777776 0.0140625
0 0.5361111111111111 0.34453125 0.03888888888888889 0.01875
0 0.5847222222222223 0.40546875 0.041666666666666664 0.0203125
0 0.7152777777777778 0.327734375 0.03611111111111111 0.01953125
0 0.06875 0.06953125 0.0375 0.021875
0 0.04236111111111111 0.095703125 0.03194444444444444 0.01796875
0 0.014583333333333334 0.093359375 0.015277777777777777 0.01796875
0 0.03263888888888889 0.123046875 0.029166666666666667 0.01484375
0 0.041666666666666664 0.15 0.03611111111111111 0.01875
0 0.10902777777777778 0.145703125 0.0375 0.02421875
0 0.14027777777777778 0.176953125 0.03333333333333333 0.02109375
0 0.19166666666666668 0.146484375 0.030555555555555555 0.01953125
0 0.22847222222222222 0.1546875 0.043055555555555555 0.021875
0 0.22013888888888888 0.1109375 0.04027777777777778 0.0203125
0 0.33194444444444443 0.1828125 0.03888888888888889 0.021875
0 0.3013888888888889 0.187890625 0.030555555555555555 0.01796875
0 0.3472222222222222 0.20546875 0.030555555555555555 0.021875
0 0.1423611111111111 0.216796875 0.029166666666666667 0.01953125
0 0.08402777777777778 0.13984375 0.029166666666666667 0.021875
0 0.07569444444444444 0.1171875 0.02361111111111111 0.015625
0 0.013888888888888888 0.203515625 0.025 0.01796875
0 0.1486111111111111 0.309375 0.041666666666666664 0.0140625
0 0.13402777777777777 0.34453125 0.029166666666666667 0.01875
0 0.29583333333333334 0.159765625 0.030555555555555555 0.02109375
0 0.2465277777777778 0.135546875 0.034722222222222224 0.01640625
0 0.5847222222222223 0.345703125 0.030555555555555555 0.01640625
0 0.17569444444444443 0.358203125 0.04027777777777778 0.02265625
0 0.22708333333333333 0.39296875 0.034722222222222224 0.0171875
0 0.029861111111111113 0.614453125 0.043055555555555555 0.02109375
0 0.5291666666666667 0.524609375 0.044444444444444446 0.02421875
0 0.14375 0.14453125 0.02361111111111111 0.0140625
0 0.3638888888888889 0.326171875 0.025 0.01171875
0 0.36666666666666664 0.33984375 0.016666666666666666 0.0078125
0 0.1 0.364453125 0.030555555555555555 0.01171875
0 0.83125 0.5046875 0.04583333333333333 0.028125
0 0.5652777777777778 0.385546875 0.030555555555555555 0.01015625
0 0.25555555555555554 0.201953125 0.027777777777777776 0.01640625
0 0.07569444444444444 0.2484375 0.02361111111111111 0.0109375
0 0.05 0.194140625 0.030555555555555555 0.01796875
0 0.3326388888888889 0.1390625 0.02638888888888889 0.0203125
0 0.4013888888888889 0.201953125 0.022222222222222223 0.01484375
0 0.05138888888888889 0.23203125 0.030555555555555555 0.0140625
0 0.3125 0.3125 0.03333333333333333 0.01875
0 0.3284722222222222 0.32890625 0.020833333333333332 0.0140625
0 0.20347222222222222 0.378515625 0.02638888888888889 0.00859375
0 0.17152777777777778 0.379296875 0.020833333333333332 0.00859375
0 0.17777777777777778 0.42890625 0.025 0.015625
0 0.22152777777777777 0.433984375 0.04027777777777778 0.01640625
0 0.5333333333333333 0.42890625 0.030555555555555555 0.015625
0 0.6666666666666666 0.389453125 0.027777777777777776 0.01640625
0 0.6625 0.408203125 0.027777777777777776 0.01328125
0 0.6770833333333334 0.412109375 0.029166666666666667 0.01171875
0 0.7166666666666667 0.40625 0.019444444444444445 0.0125
0 0.05138888888888889 0.5859375 0.044444444444444446 0.0265625
0 0.7104166666666667 0.53984375 0.02638888888888889 0.0265625
0 0.3597222222222222 0.28125 0.03888888888888889 0.0171875
