0 0.6680555555555555 0.134765625 0.06388888888888888 0.03359375
0 0.6534722222222222 0.16328125 0.05138888888888889 0.03125
0 0.7 0.177734375 0.05555555555555555 0.02578125
0 0.7180555555555556 0.16796875 0.03888888888888889 0.0265625
0 0.025694444444444443 0.30859375 0.05138888888888889 0.0296875
0 0.7152777777777778 0.215234375 0.022222222222222223 0.01640625
0 0.04722222222222222 0.32421875 0.05 0.0296875
0 0.0375 0.44140625 0.04722222222222222 0.0265625
0 0.7430555555555556 0.306640625 0.05277777777777778 0.02578125
0 0.7763888888888889 0.34609375 0.027777777777777776 0.021875
0 0.71875 0.50546875 0.05138888888888889 0.028125
0 0.9173611111111111 0.521484375 0.0763888888888889 0.03984375
0 0.45208333333333334 0.56640625 0.05694444444444444 0.0359375
0 0.41180555555555554 0.514453125 0.04861111111111111 0.02109375
0 0.6090277777777777 0.476953125 0.02361111111111111 0.01484375
0 0.5722222222222222 0.360546875 0.013888888888888888 0.01796875
0 0.3736111111111111 0.821875 0.03888888888888889 0.0234375
0 0.7527777777777778 0.966796875 0.06111111111111111 0.03203125
