0 0.41944444444444445 0.182421875 0.058333333333333334 0.02734375
0 0.3597222222222222 0.2921875 0.041666666666666664 0.0203125
0 0.3680555555555556 0.386328125 0.05277777777777778 0.02890625
0 0.29305555555555557 0.512890625 0.041666666666666664 0.02578125
0 0.23472222222222222 0.378125 0.03333333333333333 0.0203125
0 0.17777777777777778 0.397265625 0.03333333333333333 0.02109375
0 0.15 0.340234375 0.03333333333333333 0.01796875
0 0.19027777777777777 0.33828125 0.025 0.0234375
0 0.03611111111111111 0.35859375 0.022222222222222223 0.0171875
0 0.029861111111111113 0.558984375 0.02638888888888889 0.01796875
0 0.20347222222222222 0.634765625 0.0625 0.02578125
0 0.26805555555555555 0.5734375 0.06944444444444445 0.0328125
0 0.4548611111111111 0.518359375 0.03194444444444444 0.01796875
0 0.47708333333333336 0.635546875 0.04583333333333333 0.02109375
0 0.5125 0.621875 0.025 0.015625
0 0.6298611111111111 0.541796875 0.043055555555555555 0.02421875
0 0.6 0.548046875 0.03611111111111111 0.01328125
0 0.7354166666666667 0.505859375 0.0375 0.01328125
0 0.011111111111111112 0.358203125 0.019444444444444445 0.01640625
0 0.03958333333333333 0.50234375 0.034722222222222224 0.0171875
0 0.46875 0.572265625 0.029166666666666667 0.02109375
0 0.5222222222222223 0.520703125 0.03333333333333333 0.01328125
0 0.7361111111111112 0.473046875 0.03611111111111111 0.01953125
