0 0.5506944444444445 0.36328125 0.043055555555555555 0.0265625
0 0.4979166666666667 0.41015625 0.04027777777777778 0.0234375
0 0.7583333333333333 0.499609375 0.027777777777777776 0.02109375
0 0.5256944444444445 0.606640625 0.04027777777777778 0.01953125
0 0.5451388888888888 0.622265625 0.03194444444444444 0.02734375
0 0.5222222222222223 0.63125 0.03611111111111111 0.0203125
0 0.6784722222222223 0.6484375 0.020833333333333332 0.01875
0 0.7833333333333333 0.6078125 0.03611111111111111 0.0203125
0 0.8201388888888889 0.615625 0.034722222222222224 0.0171875
0 0.9194444444444444 0.607421875 0.025 0.01328125
0 0.9458333333333333 0.59453125 0.044444444444444446 0.0234375
0 0.9659722222222222 0.630078125 0.043055555555555555 0.02421875
0 0.33611111111111114 0.495703125 0.041666666666666664 0.01953125
