0 0.06527777777777778 0.1375 0.03888888888888889 0.0234375
0 0.08958333333333333 0.176953125 0.03194444444444444 0.01953125
0 0.059722222222222225 0.191015625 0.03333333333333333 0.01796875
0 0.06041666666666667 0.166796875 0.02638888888888889 0.02734375
0 0.11388888888888889 0.287109375 0.041666666666666664 0.02578125
0 0.022916666666666665 0.25625 0.04583333333333333 0.025
0 0.05694444444444444 0.404296875 0.03333333333333333 0.02265625
0 0.08611111111111111 0.45078125 0.041666666666666664 0.025
0 0.29791666666666666 0.670703125 0.034722222222222224 0.02421875
0 0.33958333333333335 0.678515625 0.043055555555555555 0.02578125
0 0.27708333333333335 0.43125 0.043055555555555555 0.0125
0 0.7513888888888889 0.014453125 0.027777777777777776 0.01953125
0 0.7298611111111111 0.009375 0.029166666666666667 0.01875
0 0.7263888888888889 0.025390625 0.041666666666666664 0.02265625
0 0.8125 0.010546875 0.019444444444444445 0.02109375
0 0.8326388888888889 0.03203125 0.04027777777777778 0.0171875
0 0.7680555555555556 0.051171875 0.03888888888888889 0.02578125
0 0.8090277777777778 0.08671875 0.043055555555555555 0.0265625
0 0.7340277777777777 0.101171875 0.03194444444444444 0.02578125
0 0.7576388888888889 0.11015625 0.04027777777777778 0.025
0 0.7618055555555555 0.123046875 0.0375 0.01640625
0 0.8625 0.10625 0.044444444444444446 0.0234375
0 0.8340277777777778 0.11875 0.029166666666666667 0.0234375
0 0.8381944444444445 0.1453125 0.04027777777777778 0.025
0 0.7916666666666666 0.1453125 0.027777777777777776 0.025
0 0.7819444444444444 0.16171875 0.025 0.021875
0 0.7381944444444445 0.167578125 0.04027777777777778 0.02578125
0 0.7055555555555556 0.15078125 0.019444444444444445 0.01875
0 0.7631944444444444 0.193359375 0.020833333333333332 0.02109375
0 0.6472222222222223 0.201171875 0.03611111111111111 0.02578125
0 0.5638888888888889 0.242578125 0.04722222222222222 0.02890625
0 0.8527777777777777 0.216796875 0.03611111111111111 0.02421875
0 0.8763888888888889 0.221484375 0.027777777777777776 0.01953125
0 0.7902777777777777 0.2484375 0.011111111111111112 0.0171875
0 0.7034722222222223 0.23984375 0.029166666666666667 0.015625
0 0.6284722222222222 0.354296875 0.04583333333333333 0.02265625
0 0.5569444444444445 0.3578125 0.030555555555555555 0.021875
0 0.68125 0.3140625 0.020833333333333332 0.015625
0 0.6375 0.459765625 0.044444444444444446 0.02578125
0 0.6673611111111111 0.458203125 0.020833333333333332 0.01640625
0 0.7020833333333333 0.409375 0.02638888888888889 0.015625
0 0.84375 0.401171875 0.018055555555555554 0.01484375
0 0.7736111111111111 0.470703125 0.041666666666666664 0.02734375
0 0.9 0.34453125 0.041666666666666664 0.025
0 0.7291666666666666 0.249609375 0.027777777777777776 0.01484375
0 0.8819444444444444 0.502734375 0.05 0.02265625
0 0.8986111111111111 0.365234375 0.05277777777777778 0.02265625
0 0.9770833333333333 0.384375 0.043055555555555555 0.0296875
0 0.9604166666666667 0.37421875 0.04027777777777778 0.0234375
0 0.9270833333333334 0.38203125 0.03194444444444444 0.025
0 0.9611111111111111 0.398828125 0.025 0.02109375
0 0.9131944444444444 0.414453125 0.02361111111111111 0.02265625
0 0.9055555555555556 0.43359375 0.030555555555555555 0.0140625
0 0.8541666666666666 0.45234375 0.019444444444444445 0.0140625
0 0.8597222222222223 0.4734375 0.027777777777777776 0.0171875
0 0.8986111111111111 0.5828125 0.044444444444444446 0.03125
0 0.9 0.614453125 0.030555555555555555 0.01328125
0 0.8701388888888889 0.62890625 0.02361111111111111 0.0203125
0 0.8472222222222222 0.687109375 0.03888888888888889 0.02734375
0 0.8902777777777777 0.683203125 0.044444444444444446 0.02578125
0 0.6534722222222222 0.612890625 0.034722222222222224 0.02109375
0 0.68125 0.608984375 0.03194444444444444 0.01953125
0 0.016666666666666666 0.398046875 0.03333333333333333 0.01640625
0 0.7076388888888889 0.210546875 0.02361111111111111 0.01484375
0 0.71875 0.170703125 0.034722222222222224 0.02109375
0 0.8173611111111111 0.05546875 0.05694444444444444 0.0328125
0 0.78125 0.063671875 0.04861111111111111 0.02578125
0 0.8284722222222223 0.467578125 0.04861111111111111 0.02421875
0 0.9840277777777777 0.521875 0.029166666666666667 0.0171875
0 0.7527777777777778 0.625 0.04722222222222222 0.01875
0 0.7020833333333333 0.566015625 0.0375 0.01484375
0 0.6284722222222222 0.6546875 0.029166666666666667 0.015625
