0 0.14375 0.4125 0.020833333333333332 0.0109375
0 0.17222222222222222 0.415625 0.027777777777777776 0.0140625
0 0.18819444444444444 0.40078125 0.020833333333333332 0.0171875
0 0.23194444444444445 0.392578125 0.019444444444444445 0.00859375
0 0.27569444444444446 0.4328125 0.02638888888888889 0.0171875
0 0.32916666666666666 0.384375 0.027777777777777776 0.0140625
0 0.18472222222222223 0.3796875 0.022222222222222223 0.003125
0 0.3923611111111111 0.4265625 0.015277777777777777 0.0109375
0 0.37777777777777777 0.44765625 0.019444444444444445 0.009375
0 0.3527777777777778 0.474609375 0.013888888888888888 0.01171875
0 0.25972222222222224 0.5625 0.008333333333333333 0.009375
0 0.36041666666666666 0.5875 0.009722222222222222 0.0125
0 0.4166666666666667 0.6296875 0.022222222222222223 0.0171875
0 0.3326388888888889 0.626953125 0.0125 0.01640625
0 0.3034722222222222 0.60078125 0.015277777777777777 0.009375
0 0.31875 0.61328125 0.009722222222222222 0.0078125
0 0.45555555555555555 0.432421875 0.03611111111111111 0.02265625
0 0.6118055555555556 0.478125 0.020833333333333332 0.0125
0 0.74375 0.453515625 0.015277777777777777 0.01015625
0 0.7729166666666667 0.4609375 0.0125 0.0078125
0 0.7618055555555555 0.4859375 0.0125 0.00625
0 0.6756944444444445 0.3796875 0.020833333333333332 0.0171875
0 0.6583333333333333 0.360546875 0.016666666666666666 0.01328125
0 0.6875 0.4640625 0.008333333333333333 0.009375
0 0.5972222222222222 0.579296875 0.013888888888888888 0.01015625
0 0.4625 0.575 0.008333333333333333 0.009375
0 0.6409722222222223 0.632421875 0.02361111111111111 0.01171875
0 0.6770833333333334 0.63203125 0.02638888888888889 0.015625
0 0.40694444444444444 0.347265625 0.008333333333333333 0.00859375
0 0.4152777777777778 0.384765625 0.011111111111111112 0.00859375
0 0.41805555555555557 0.291015625 0.025 0.01640625
0 0.39166666666666666 0.2890625 0.022222222222222223 0.015625
0 0.4041666666666667 0.273046875 0.011111111111111112 0.00703125
0 0.4666666666666667 0.268359375 0.019444444444444445 0.01015625
0 0.4701388888888889 0.283203125 0.0125 0.01171875
0 0.49722222222222223 0.278515625 0.027777777777777776 0.01640625
0 0.5604166666666667 0.253515625 0.020833333333333332 0.01171875
0 0.4465277777777778 0.21640625 0.02638888888888889 0.0109375
0 0.5506944444444445 0.289453125 0.02361111111111111 0.01484375
0 0.5756944444444444 0.308984375 0.02638888888888889 0.01640625
0 0.6076388888888888 0.30703125 0.020833333333333332 0.0109375
0 0.6354166666666666 0.28203125 0.015277777777777777 0.0109375
0 0.5888888888888889 0.282421875 0.011111111111111112 0.01171875
0 0.575 0.27578125 0.013888888888888888 0.0140625
0 0.5479166666666667 0.336328125 0.0125 0.01015625
0 0.4847222222222222 0.40625 0.011111111111111112 0.009375
0 0.7909722222222222 0.6671875 0.020833333333333332 0.0140625
0 0.8402777777777778 0.69296875 0.025 0.015625
0 0.5430555555555555 0.610546875 0.025 0.01640625
0 0.5819444444444445 0.576171875 0.022222222222222223 0.00546875
0 0.48055555555555557 0.630859375 0.027777777777777776 0.00703125
0 0.5555555555555556 0.650390625 0.011111111111111112 0.01796875
0 0.8131944444444444 0.64296875 0.009722222222222222 0.00625
0 0.6375 0.694921875 0.022222222222222223 0.00390625
0 0.5909722222222222 0.69375 0.020833333333333332 0.00625
0 0.6027777777777777 0.705859375 0.027777777777777776 0.01640625
0 0.5611111111111111 0.731640625 0.019444444444444445 0.01328125
0 0.58125 0.7375 0.020833333333333332 0.0109375
0 0.6173611111111111 0.72578125 0.015277777777777777 0.015625
0 0.71875 0.741796875 0.02361111111111111 0.01171875
0 0.6513888888888889 0.7390625 0.016666666666666666 0.0125
0 0.7055555555555556 0.76796875 0.013888888888888888 0.0140625
0 0.7201388888888889 0.770703125 0.02638888888888889 0.01953125
0 0.7673611111111112 0.771875 0.015277777777777777 0.015625
0 0.6819444444444445 0.715234375 0.008333333333333333 0.00703125
0 0.6722222222222223 0.77734375 0.027777777777777776 0.0140625
0 0.5888888888888889 0.421875 0.008333333333333333 0.0078125
0 0.058333333333333334 0.723046875 0.030555555555555555 0.01640625
0 0.03680555555555556 0.7546875 0.029166666666666667 0.021875
0 0.0125 0.70234375 0.016666666666666666 0.0078125
0 0.16875 0.446875 0.009722222222222222 0.009375
0 0.2791666666666667 0.4 0.027777777777777776 0.0125
0 0.6381944444444444 0.3703125 0.03194444444444444 0.0109375
0 0.5833333333333334 0.482421875 0.03611111111111111 0.01484375
0 0.6645833333333333 0.472265625 0.03194444444444444 0.01796875
0 0.3138888888888889 0.4984375 0.027777777777777776 0.0109375
0 0.34375 0.489453125 0.02361111111111111 0.01328125
0 0.4840277777777778 0.2984375 0.018055555555555554 0.0171875
0 0.5097222222222222 0.21171875 0.019444444444444445 0.009375
0 0.225 0.68203125 0.03611111111111111 0.0140625
0 0.28888888888888886 0.673046875 0.025 0.01953125
0 0.24722222222222223 0.694921875 0.027777777777777776 0.01171875
0 0.3375 0.70625 0.03333333333333333 0.0234375
0 0.7555555555555555 0.805078125 0.022222222222222223 0.02109375
0 0.8145833333333333 0.814453125 0.03194444444444444 0.02265625
0 0.5097222222222222 0.64296875 0.03888888888888889 0.0234375
