0 0.5388888888888889 0.618359375 0.041666666666666664 0.03203125
0 0.5902777777777778 0.613671875 0.030555555555555555 0.02109375
0 0.6291666666666667 0.626953125 0.05277777777777778 0.02734375
0 0.6715277777777777 0.638671875 0.04583333333333333 0.02265625
0 0.6236111111111111 0.671875 0.03888888888888889 0.0203125
0 0.6395833333333333 0.76875 0.02638888888888889 0.025
0 0.5159722222222223 0.7578125 0.04027777777777778 0.025
0 0.5569444444444445 0.771875 0.041666666666666664 0.01875
0 0.7284722222222222 0.777734375 0.03194444444444444 0.01953125
0 0.6354166666666666 0.7875 0.018055555555555554 0.0265625
0 0.40347222222222223 0.8296875 0.043055555555555555 0.025
0 0.5888888888888889 0.8171875 0.025 0.0203125
0 0.8034722222222223 0.833984375 0.0375 0.02578125
0 0.7027777777777777 0.88984375 0.04722222222222222 0.0234375
0 0.8131944444444444 0.9421875 0.04027777777777778 0.0234375
0 0.8805555555555555 0.930859375 0.03611111111111111 0.02109375
0 0.03958333333333333 0.57578125 0.05694444444444444 0.03125
0 0.06805555555555555 0.58828125 0.044444444444444446 0.025
0 0.09861111111111111 0.6078125 0.03888888888888889 0.0140625
0 0.13958333333333334 0.609765625 0.0375 0.01796875
0 0.4791666666666667 0.68203125 0.027777777777777776 0.01875
0 0.4756944444444444 0.762109375 0.04027777777777778 0.02109375
0 0.06875 0.838671875 0.0625 0.03046875
0 0.050694444444444445 0.8 0.03194444444444444 0.021875
0 0.09930555555555555 0.764453125 0.020833333333333332 0.01484375
0 0.14791666666666667 0.760546875 0.029166666666666667 0.02265625
