0 0.5652777777777778 0.0109375 0.05 0.021875
0 0.39444444444444443 0.18515625 0.03611111111111111 0.0265625
0 0.9506944444444444 0.196875 0.02638888888888889 0.015625
0 0.8388888888888889 0.30703125 0.044444444444444446 0.0234375
0 0.8972222222222223 0.318359375 0.03888888888888889 0.01953125
0 0.7708333333333334 0.3265625 0.03333333333333333 0.021875
0 0.29444444444444445 0.358984375 0.03611111111111111 0.02265625
0 0.23055555555555557 0.424609375 0.03888888888888889 0.02265625
0 0.9833333333333333 0.465625 0.030555555555555555 0.0265625
0 0.8520833333333333 0.535546875 0.034722222222222224 0.01328125
0 0.9826388888888888 0.60859375 0.03194444444444444 0.021875
0 0.7847222222222222 0.58125 0.030555555555555555 0.01875
0 0.6048611111111111 0.60234375 0.034722222222222224 0.015625
0 0.9361111111111111 0.57890625 0.03888888888888889 0.0171875
0 0.019444444444444445 0.410546875 0.03888888888888889 0.01171875
0 0.011111111111111112 0.44921875 0.019444444444444445 0.0203125
0 0.6020833333333333 0.008984375 0.029166666666666667 0.01640625
0 0.4791666666666667 0.04453125 0.030555555555555555 0.0265625
0 0.8854166666666666 0.362890625 0.0375 0.01484375
0 0.7034722222222223 0.61875 0.029166666666666667 0.01875
0 0.7902777777777777 0.607421875 0.03888888888888889 0.02421875
0 0.6451388888888889 0.607421875 0.02361111111111111 0.01328125
0 0.47430555555555554 0.51640625 0.015277777777777777 0.015625
0 0.4930555555555556 0.434765625 0.030555555555555555 0.01640625
0 0.3798611111111111 0.569921875 0.02361111111111111 0.01640625
