0 0.7423611111111111 0.44609375 0.059722222222222225 0.03125
0 0.7354166666666667 0.413671875 0.06805555555555555 0.03203125
0 0.6979166666666666 0.4203125 0.04861111111111111 0.040625
0 0.1638888888888889 0.335546875 0.05 0.02421875
0 0.020833333333333332 0.228515625 0.03611111111111111 0.02109375
0 0.33819444444444446 0.5546875 0.043055555555555555 0.025
0 0.3173611111111111 0.575390625 0.04583333333333333 0.01953125
0 0.5 0.605859375 0.027777777777777776 0.01640625
0 0.05486111111111111 0.6859375 0.029166666666666667 0.0109375
0 0.1 0.705078125 0.027777777777777776 0.01484375
