0 0.6375 0.0359375 0.05555555555555555 0.03125
0 0.6215277777777778 0.063671875 0.043055555555555555 0.01484375
0 0.6840277777777778 0.08203125 0.05138888888888889 0.034375
0 0.6402777777777777 0.091015625 0.05 0.03046875
0 0.6104166666666667 0.115625 0.04861111111111111 0.03125
0 0.7381944444444445 0.162109375 0.020833333333333332 0.02109375
0 0.6875 0.173046875 0.04722222222222222 0.02421875
0 0.6256944444444444 0.169921875 0.05138888888888889 0.03359375
0 0.5784722222222223 0.17734375 0.02638888888888889 0.015625
0 0.55 0.19140625 0.022222222222222223 0.0140625
0 0.7284722222222222 0.2140625 0.05694444444444444 0.03125
0 0.6708333333333333 0.210546875 0.025 0.02109375
0 0.7041666666666667 0.224609375 0.027777777777777776 0.02578125
0 0.675 0.2234375 0.027777777777777776 0.025
0 0.64375 0.233203125 0.0375 0.02265625
0 0.7006944444444444 0.239453125 0.020833333333333332 0.01796875
0 0.9055555555555556 0.29609375 0.05555555555555555 0.0265625
0 0.9722222222222222 0.311328125 0.05277777777777778 0.02890625
0 0.6027777777777777 0.26328125 0.03611111111111111 0.0265625
0 0.4548611111111111 0.3046875 0.0375 0.0203125
0 0.6076388888888888 0.348828125 0.034722222222222224 0.02421875
0 0.6291666666666667 0.40703125 0.030555555555555555 0.0203125
0 0.7875 0.578125 0.06388888888888888 0.034375
0 0.7020833333333333 0.603515625 0.04861111111111111 0.02421875
0 0.5368055555555555 0.586328125 0.05416666666666667 0.02890625
0 0.5819444444444445 0.625 0.058333333333333334 0.0296875
0 0.3951388888888889 0.544921875 0.029166666666666667 0.02109375
0 0.54375 0.66640625 0.0625 0.0390625
0 0.5993055555555555 0.65078125 0.043055555555555555 0.025
0 0.6 0.694140625 0.027777777777777776 0.01796875
0 0.8875 0.510546875 0.025 0.01015625
0 0.25277777777777777 0.498046875 0.04722222222222222 0.02890625
0 0.23472222222222222 0.478515625 0.058333333333333334 0.01328125
0 0.7902777777777777 0.47109375 0.03888888888888889 0.0328125
0 0.5 0.312890625 0.027777777777777776 0.01796875
0 0.9243055555555556 0.82421875 0.0763888888888889 0.0484375
0 0.5604166666666667 0.341015625 0.02361111111111111 0.02265625
0 0.05694444444444444 0.42734375 0.030555555555555555 0.025
0 0.09166666666666666 0.43125 0.044444444444444446 0.021875
0 0.03333333333333333 0.488671875 0.058333333333333334 0.02578125
0 0.15625 0.5234375 0.043055555555555555 0.025
0 0.2076388888888889 0.511328125 0.04583333333333333 0.02578125
0 0.10833333333333334 0.544921875 0.022222222222222223 0.01953125
0 0.13055555555555556 0.5671875 0.03611111111111111 0.015625
0 0.26875 0.598828125 0.0375 0.01640625
0 0.7375 0.557421875 0.058333333333333334 0.03203125
0 0.8805555555555555 0.640625 0.03611111111111111 0.0171875
0 0.013888888888888888 0.6453125 0.025 0.0203125
0 0.10277777777777777 0.636328125 0.027777777777777776 0.01796875
0 0.16041666666666668 0.695703125 0.04027777777777778 0.02421875
0 0.09861111111111111 0.753125 0.019444444444444445 0.0171875
0 0.23680555555555555 0.761328125 0.0375 0.02265625
0 0.46875 0.709375 0.029166666666666667 0.0171875
0 0.4354166666666667 0.648046875 0.034722222222222224 0.02109375
0 0.45694444444444443 0.634765625 0.044444444444444446 0.02265625
