0 0.35625 0.141015625 0.029166666666666667 0.01640625
0 0.3875 0.198828125 0.05277777777777778 0.01953125
0 0.41597222222222224 0.228125 0.04583333333333333 0.0234375
0 0.34652777777777777 0.2640625 0.05694444444444444 0.0328125
0 0.31319444444444444 0.265234375 0.05138888888888889 0.02421875
0 0.3888888888888889 0.308203125 0.05277777777777778 0.02265625
0 0.4388888888888889 0.316796875 0.041666666666666664 0.01484375
0 0.5326388888888889 0.406640625 0.05694444444444444 0.02421875
0 0.5520833333333334 0.470703125 0.04861111111111111 0.03203125
0 0.34375 0.433984375 0.05138888888888889 0.02265625
0 0.30833333333333335 0.512890625 0.03611111111111111 0.03203125
0 0.22361111111111112 0.53046875 0.06111111111111111 0.0265625
0 0.20972222222222223 0.553515625 0.041666666666666664 0.03671875
0 0.4465277777777778 0.46328125 0.043055555555555555 0.01875
0 0.28194444444444444 0.609375 0.05277777777777778 0.0265625
0 0.2548611111111111 0.6421875 0.06527777777777778 0.03125
0 0.20416666666666666 0.676953125 0.05277777777777778 0.02578125
0 0.16666666666666666 0.703515625 0.058333333333333334 0.03203125
0 0.38680555555555557 0.6578125 0.05138888888888889 0.0328125
0 0.37916666666666665 0.744140625 0.05277777777777778 0.02890625
0 0.1638888888888889 0.8328125 0.07222222222222222 0.0375
0 0.55625 0.819921875 0.06527777777777778 0.03671875
0 0.2638888888888889 0.759765625 0.05555555555555555 0.02578125
0 0.6597222222222222 0.51015625 0.03888888888888889 0.0234375
0 0.7222222222222222 0.533203125 0.058333333333333334 0.03515625
0 0.54375 0.849609375 0.06527777777777778 0.03515625
0 0.5493055555555556 0.723046875 0.05694444444444444 0.02109375
0 0.7375 0.75625 0.05555555555555555 0.0265625
0 0.6861111111111111 0.709765625 0.05555555555555555 0.02890625
0 0.8020833333333334 0.749609375 0.02638888888888889 0.02578125
0 0.6784722222222223 0.749609375 0.05138888888888889 0.02578125
0 0.5847222222222223 0.564453125 0.058333333333333334 0.02890625
0 0.5048611111111111 0.38984375 0.029166666666666667 0.0140625
0 0.4861111111111111 0.432421875 0.022222222222222223 0.01171875
0 0.61875 0.444140625 0.015277777777777777 0.01484375
0 0.44930555555555557 0.427734375 0.029166666666666667 0.02109375
0 0.4375 0.408203125 0.019444444444444445 0.01484375
0 0.5145833333333333 0.579296875 0.0375 0.03203125
0 0.27708333333333335 0.626953125 0.0375 0.01484375
0 0.96875 0.900390625 0.05416666666666667 0.03359375
0 0.83125 0.97265625 0.04027777777777778 0.028125
0 0.7673611111111112 0.96953125 0.043055555555555555 0.0328125
0 0.9354166666666667 0.63671875 0.03194444444444444 0.0171875
0 0.9618055555555556 0.65546875 0.0375 0.025
0 0.9527777777777777 0.57421875 0.041666666666666664 0.0203125
0 0.6590277777777778 0.536328125 0.03194444444444444 0.01328125
