0 0.28888888888888886 0.680859375 0.06111111111111111 0.02890625
0 0.2513888888888889 0.651171875 0.058333333333333334 0.03515625
0 0.38680555555555557 0.611328125 0.05694444444444444 0.02578125
0 0.9833333333333333 0.700390625 0.030555555555555555 0.02421875
0 0.2673611111111111 0.510546875 0.05138888888888889 0.02578125
0 0.31180555555555556 0.51640625 0.043055555555555555 0.025
0 0.6375 0.466796875 0.05 0.04140625
0 0.38055555555555554 0.43671875 0.027777777777777776 0.0203125
0 0.6965277777777777 0.35625 0.06527777777777778 0.0296875
0 0.4625 0.37734375 0.05 0.028125
0 0.39652777777777776 0.378125 0.02638888888888889 0.0140625
0 0.58125 0.35078125 0.04583333333333333 0.021875
0 0.6548611111111111 0.33984375 0.0375 0.0140625
0 0.24791666666666667 0.33984375 0.04027777777777778 0.0203125
0 0.45902777777777776 0.2578125 0.0375 0.021875
0 0.4895833333333333 0.244921875 0.05138888888888889 0.02734375
0 0.47291666666666665 0.219921875 0.05416666666666667 0.01328125
0 0.7194444444444444 0.19765625 0.03333333333333333 0.025
0 0.35555555555555557 0.239453125 0.030555555555555555 0.01015625
0 0.4465277777777778 0.191015625 0.05138888888888889 0.03359375
0 0.44027777777777777 0.1625 0.044444444444444446 0.0203125
0 0.49027777777777776 0.16640625 0.044444444444444446 0.0265625
0 0.6402777777777777 0.14453125 0.030555555555555555 0.021875
0 0.5013888888888889 0.140625 0.04722222222222222 0.0265625
0 0.5354166666666667 0.02734375 0.04583333333333333 0.0296875
0 0.6041666666666666 0.111328125 0.03333333333333333 0.01640625
0 0.6118055555555556 0.36953125 0.018055555555555554 0.0140625
0 0.7909722222222222 0.55859375 0.029166666666666667 0.0109375
0 0.6652777777777777 0.589453125 0.019444444444444445 0.01171875
0 0.49930555555555556 0.18671875 0.059722222222222225 0.0328125
0 0.6527777777777778 0.405078125 0.025 0.01328125
0 0.6875 0.401171875 0.044444444444444446 0.02265625
0 0.84375 0.750390625 0.029166666666666667 0.01640625
0 0.38819444444444445 0.266015625 0.043055555555555555 0.02578125
0 0.4083333333333333 0.402734375 0.06388888888888888 0.03046875
0 0.5527777777777778 0.42734375 0.04722222222222222 0.0296875
0 0.6902777777777778 0.468359375 0.05277777777777778 0.03359375
0 0.6138888888888889 0.487109375 0.022222222222222223 0.01640625
0 0.5541666666666667 0.5046875 0.03611111111111111 0.0234375
0 0.5826388888888889 0.54609375 0.0375 0.021875
