0 0.2701388888888889 0.223828125 0.04027777777777778 0.02109375
0 0.07152777777777777 0.382421875 0.0375 0.02109375
0 0.1076388888888889 0.383984375 0.029166666666666667 0.01640625
0 0.10416666666666667 0.4546875 0.04722222222222222 0.0265625
0 0.11875 0.484375 0.0375 0.01875
0 0.10138888888888889 0.5734375 0.05 0.01875
0 0.08680555555555555 0.628125 0.02638888888888889 0.015625
0 0.059027777777777776 0.569921875 0.018055555555555554 0.01953125
0 0.07569444444444444 0.6828125 0.04583333333333333 0.021875
0 0.3020833333333333 0.471875 0.0375 0.0203125
0 0.4826388888888889 0.44453125 0.0375 0.021875
0 0.3923611111111111 0.415625 0.02638888888888889 0.01875
0 0.4423611111111111 0.410546875 0.029166666666666667 0.01953125
0 0.4222222222222222 0.426171875 0.019444444444444445 0.01171875
0 0.7618055555555555 0.383203125 0.009722222222222222 0.00546875
0 0.7375 0.353515625 0.013888888888888888 0.00390625
0 0.7006944444444444 0.67265625 0.015277777777777777 0.0078125
0 0.018055555555555554 0.476953125 0.03333333333333333 0.02890625
0 0.05 0.646875 0.05555555555555555 0.0296875
0 0.4048611111111111 0.6953125 0.018055555555555554 0.01875
0 0.5729166666666666 0.67109375 0.020833333333333332 0.0140625
0 0.6534722222222222 0.64453125 0.043055555555555555 0.028125
0 0.5666666666666667 0.61171875 0.022222222222222223 0.009375
0 0.9402777777777778 0.630078125 0.022222222222222223 0.02109375
0 0.8722222222222222 0.601953125 0.027777777777777776 0.02421875
0 0.9076388888888889 0.58984375 0.0125 0.015625
0 0.9180555555555555 0.658984375 0.03333333333333333 0.02421875
0 0.6909722222222222 0.567578125 0.02361111111111111 0.01015625
0 0.7506944444444444 0.55234375 0.03194444444444444 0.0171875
0 0.7034722222222223 0.60546875 0.018055555555555554 0.0140625
0 0.9020833333333333 0.30625 0.029166666666666667 0.015625
0 0.9083333333333333 0.3171875 0.022222222222222223 0.0078125
0 0.9395833333333333 0.334375 0.02638888888888889 0.0171875
0 0.9701388888888889 0.340234375 0.0375 0.01796875
0 0.9840277777777777 0.323046875 0.029166666666666667 0.01953125
0 0.3326388888888889 0.454296875 0.018055555555555554 0.01015625
