0 0.29305555555555557 0.134765625 0.03611111111111111 0.01796875
0 0.3215277777777778 0.137890625 0.02361111111111111 0.01796875
0 0.3416666666666667 0.1375 0.016666666666666666 0.0140625
0 0.3625 0.146875 0.027777777777777776 0.0140625
0 0.38055555555555554 0.125 0.027777777777777776 0.0171875
0 0.4131944444444444 0.119140625 0.03194444444444444 0.01953125
0 0.44166666666666665 0.093359375 0.027777777777777776 0.01015625
0 0.4215277777777778 0.187109375 0.02638888888888889 0.01640625
0 0.4548611111111111 0.16484375 0.029166666666666667 0.0203125
0 0.4951388888888889 0.14453125 0.03194444444444444 0.0125
0 0.5736111111111111 0.03984375 0.030555555555555555 0.0171875
0 0.5743055555555555 0.056640625 0.029166666666666667 0.01171875
0 0.6305555555555555 0.05625 0.022222222222222223 0.015625
0 0.65625 0.119140625 0.029166666666666667 0.01953125
0 0.03958333333333333 0.582421875 0.029166666666666667 0.01484375
0 0.018055555555555554 0.54609375 0.030555555555555555 0.0203125
0 0.007638888888888889 0.519921875 0.015277777777777777 0.01796875
0 0.029166666666666667 0.518359375 0.027777777777777776 0.01484375
0 0.09375 0.5109375 0.04861111111111111 0.028125
0 0.14027777777777778 0.5296875 0.044444444444444446 0.021875
0 0.08958333333333333 0.4171875 0.03194444444444444 0.021875
0 0.1111111111111111 0.42578125 0.030555555555555555 0.0171875
0 0.1597222222222222 0.4421875 0.041666666666666664 0.0234375
0 0.24375 0.45234375 0.03194444444444444 0.0203125
0 0.15902777777777777 0.5453125 0.020833333333333332 0.0125
0 0.20694444444444443 0.531640625 0.03333333333333333 0.01640625
0 0.2375 0.5421875 0.030555555555555555 0.0171875
0 0.28194444444444444 0.562109375 0.027777777777777776 0.01796875
0 0.3951388888888889 0.5453125 0.03194444444444444 0.01875
0 0.7319444444444444 0.08125 0.019444444444444445 0.0203125
0 0.7680555555555556 0.084375 0.030555555555555555 0.01875
0 0.7451388888888889 0.097265625 0.02361111111111111 0.02109375
0 0.7861111111111111 0.10234375 0.027777777777777776 0.0125
0 0.7756944444444445 0.196875 0.05416666666666667 0.0359375
0 0.6055555555555555 0.17265625 0.05 0.0328125
0 0.68125 0.183984375 0.034722222222222224 0.02421875
0 0.5576388888888889 0.184375 0.04583333333333333 0.0296875
0 0.5979166666666667 0.204296875 0.043055555555555555 0.02578125
0 0.07777777777777778 0.366015625 0.03611111111111111 0.01484375
0 0.1736111111111111 0.3359375 0.022222222222222223 0.009375
0 0.24722222222222223 0.356640625 0.03888888888888889 0.01796875
0 0.20694444444444443 0.424609375 0.016666666666666666 0.01171875
0 0.4986111111111111 0.241796875 0.044444444444444446 0.02578125
0 0.5451388888888888 0.247265625 0.05416666666666667 0.02734375
0 0.08402777777777778 0.34140625 0.02361111111111111 0.015625
0 0.3298611111111111 0.28359375 0.029166666666666667 0.0171875
0 0.31527777777777777 0.28671875 0.022222222222222223 0.0171875
0 0.3451388888888889 0.275 0.018055555555555554 0.009375
0 0.3715277777777778 0.287890625 0.02638888888888889 0.01640625
0 0.3958333333333333 0.290234375 0.03333333333333333 0.02109375
0 0.4395833333333333 0.2734375 0.03194444444444444 0.0203125
0 0.4354166666666667 0.28671875 0.029166666666666667 0.0171875
0 0.6020833333333333 0.24609375 0.043055555555555555 0.025
0 0.6548611111111111 0.25078125 0.04583333333333333 0.0234375
0 0.5930555555555556 0.2734375 0.044444444444444446 0.0234375
0 0.49166666666666664 0.303125 0.027777777777777776 0.0171875
0 0.5604166666666667 0.280859375 0.029166666666666667 0.02265625
0 0.6027777777777777 0.289453125 0.04722222222222222 0.02265625
0 0.7868055555555555 0.742578125 0.02361111111111111 0.01796875
0 0.5993055555555555 0.615625 0.029166666666666667 0.0140625
0 0.6097222222222223 0.633203125 0.013888888888888888 0.01640625
0 0.7034722222222223 0.6578125 0.02361111111111111 0.015625
0 0.7979166666666667 0.75859375 0.03194444444444444 0.0109375
0 0.8513888888888889 0.72890625 0.027777777777777776 0.0171875
0 0.9194444444444444 0.640234375 0.04722222222222222 0.02265625
0 0.2652777777777778 0.39296875 0.016666666666666666 0.015625
0 0.6493055555555556 0.298046875 0.04027777777777778 0.02109375
0 0.6854166666666667 0.317578125 0.0375 0.02265625
0 0.9166666666666666 0.2671875 0.05277777777777778 0.0296875
0 0.8881944444444444 0.3140625 0.05138888888888889 0.0265625
0 0.8680555555555556 0.3328125 0.03611111111111111 0.021875
0 0.9840277777777777 0.21953125 0.02638888888888889 0.01875
0 0.9805555555555555 0.252734375 0.03333333333333333 0.02734375
0 0.9805555555555555 0.337109375 0.03611111111111111 0.02734375
0 0.7263888888888889 0.61015625 0.019444444444444445 0.015625
0 0.2902777777777778 0.477734375 0.03611111111111111 0.02265625
0 0.32430555555555557 0.47109375 0.04861111111111111 0.0203125
0 0.3784722222222222 0.45703125 0.04861111111111111 0.028125
0 0.4979166666666667 0.40859375 0.05694444444444444 0.025
0 0.5451388888888888 0.43828125 0.05138888888888889 0.0296875
0 0.4875 0.512109375 0.041666666666666664 0.02421875
0 0.5493055555555556 0.513671875 0.02638888888888889 0.01484375
0 0.6736111111111112 0.443359375 0.03611111111111111 0.01953125
0 0.7541666666666667 0.45859375 0.027777777777777776 0.015625
0 0.6 0.53203125 0.05 0.0265625
0 0.6777777777777778 0.52421875 0.05277777777777778 0.025
0 0.7326388888888888 0.5578125 0.04861111111111111 0.0234375
0 0.8506944444444444 0.46328125 0.03194444444444444 0.0171875
0 0.8659722222222223 0.519921875 0.05416666666666667 0.02421875
0 0.8305555555555556 0.544140625 0.03888888888888889 0.02265625
0 0.8520833333333333 0.558203125 0.04583333333333333 0.02421875
0 0.75 0.589453125 0.041666666666666664 0.01953125
0 0.1361111111111111 0.3703125 0.025 0.01875
0 0.4173611111111111 0.1390625 0.029166666666666667 0.0171875
0 0.4388888888888889 0.14375 0.03333333333333333 0.01875
0 0.5243055555555556 0.211328125 0.04861111111111111 0.03203125
0 0.5020833333333333 0.2609375 0.04027777777777778 0.015625
0 0.08472222222222223 0.318359375 0.044444444444444446 0.02421875
0 0.1875 0.365234375 0.022222222222222223 0.01484375
0 0.29375 0.41484375 0.05694444444444444 0.0296875
0 0.3368055555555556 0.384765625 0.0375 0.01953125
0 0.3770833333333333 0.38828125 0.0125 0.0125
0 0.41388888888888886 0.409765625 0.03888888888888889 0.01171875
0 0.4736111111111111 0.42265625 0.027777777777777776 0.0171875
0 0.9805555555555555 0.67578125 0.027777777777777776 0.0078125
0 0.6097222222222223 0.48125 0.019444444444444445 0.0140625
0 0.6673611111111111 0.498828125 0.02638888888888889 0.01171875
