0 0.5152777777777777 0.200390625 0.05277777777777778 0.02734375
0 0.3277777777777778 0.4328125 0.04722222222222222 0.025
0 0.33819444444444446 0.4625 0.04583333333333333 0.0203125
0 0.1840277777777778 0.45 0.018055555555555554 0.0109375
0 0.08055555555555556 0.53984375 0.03611111111111111 0.0171875
0 0.30972222222222223 0.601953125 0.03611111111111111 0.01796875
0 0.2951388888888889 0.658984375 0.04027777777777778 0.02265625
0 0.5083333333333333 0.454296875 0.030555555555555555 0.01796875
0 0.55625 0.4359375 0.029166666666666667 0.0171875
0 0.71875 0.431640625 0.04027777777777778 0.02734375
0 0.6659722222222222 0.39609375 0.029166666666666667 0.0203125
0 0.6458333333333334 0.4125 0.022222222222222223 0.0125
0 0.6201388888888889 0.4 0.020833333333333332 0.021875
0 0.9083333333333333 0.559765625 0.030555555555555555 0.01171875
0 0.7979166666666667 0.665625 0.034722222222222224 0.01875
0 0.9451388888888889 0.660546875 0.02638888888888889 0.01328125
0 0.2986111111111111 0.357421875 0.03611111111111111 0.02265625
0 0.33611111111111114 0.36171875 0.03611111111111111 0.0171875
0 0.2423611111111111 0.449609375 0.029166666666666667 0.02109375
0 0.12013888888888889 0.499609375 0.02361111111111111 0.01640625
0 0.11319444444444444 0.539453125 0.029166666666666667 0.02890625
0 0.2777777777777778 0.545703125 0.027777777777777776 0.02265625
0 0.3138888888888889 0.55078125 0.04722222222222222 0.01875
0 0.2763888888888889 0.621484375 0.06666666666666667 0.02734375
0 0.5166666666666667 0.7375 0.041666666666666664 0.015625
0 0.6430555555555556 0.678515625 0.011111111111111112 0.01640625
0 0.8770833333333333 0.63359375 0.04027777777777778 0.0109375
0 0.9013888888888889 0.6640625 0.04722222222222222 0.028125
0 0.9465277777777777 0.681640625 0.018055555555555554 0.01953125
