0 0.5319444444444444 0.051171875 0.025 0.01640625
0 0.56875 0.038671875 0.018055555555555554 0.01171875
0 0.6173611111111111 0.072265625 0.043055555555555555 0.02578125
0 0.6263888888888889 0.058203125 0.03611111111111111 0.01796875
0 0.5756944444444444 0.076171875 0.03194444444444444 0.01953125
0 0.5333333333333333 0.147265625 0.04722222222222222 0.02734375
0 0.41041666666666665 0.253125 0.0375 0.025
0 0.4388888888888889 0.252734375 0.025 0.01953125
0 0.46805555555555556 0.25546875 0.019444444444444445 0.0234375
0 0.3375 0.29296875 0.044444444444444446 0.0171875
0 0.3611111111111111 0.338671875 0.044444444444444446 0.02421875
0 0.3972222222222222 0.34453125 0.041666666666666664 0.028125
0 0.4756944444444444 0.336328125 0.0375 0.02578125
0 0.5201388888888889 0.33203125 0.04027777777777778 0.0296875
0 0.5277777777777778 0.3109375 0.025 0.0109375
0 0.45416666666666666 0.36640625 0.04722222222222222 0.03125
0 0.3472222222222222 0.41640625 0.044444444444444446 0.0265625
0 0.45416666666666666 0.394921875 0.03333333333333333 0.01484375
0 0.49027777777777776 0.3953125 0.044444444444444446 0.021875
0 0.40625 0.434765625 0.04027777777777778 0.01796875
0 0.51875 0.421875 0.018055555555555554 0.0125
0 0.65625 0.451953125 0.020833333333333332 0.02109375
0 0.7125 0.444140625 0.022222222222222223 0.00859375
0 0.43333333333333335 0.4921875 0.03888888888888889 0.0296875
0 0.36180555555555555 0.48359375 0.0375 0.025
0 0.28194444444444444 0.496875 0.030555555555555555 0.0171875
0 0.3840277777777778 0.5453125 0.0375 0.0203125
0 0.3993055555555556 0.565234375 0.04583333333333333 0.02578125
0 0.3451388888888889 0.55625 0.05138888888888889 0.0171875
0 0.3701388888888889 0.58359375 0.02638888888888889 0.0234375
0 0.5534722222222223 0.55859375 0.043055555555555555 0.025
0 0.6326388888888889 0.514453125 0.043055555555555555 0.02109375
0 0.6041666666666666 0.533984375 0.03611111111111111 0.01796875
0 0.2520833333333333 0.71875 0.034722222222222224 0.0171875
0 0.23333333333333334 0.699609375 0.022222222222222223 0.01796875
0 0.44305555555555554 0.826953125 0.07777777777777778 0.04296875
0 0.6291666666666667 0.65546875 0.041666666666666664 0.01875
0 0.5923611111111111 0.66015625 0.0375 0.015625
0 0.5854166666666667 0.68203125 0.034722222222222224 0.0140625
0 0.8409722222222222 0.7453125 0.059722222222222225 0.0359375
0 0.8597222222222223 0.782421875 0.05 0.02890625
0 0.60625 0.34453125 0.018055555555555554 0.0125
0 0.3701388888888889 0.598828125 0.02638888888888889 0.01015625
0 0.18472222222222223 0.5515625 0.027777777777777776 0.01875
0 0.1597222222222222 0.5578125 0.022222222222222223 0.0171875
0 0.3680555555555556 0.653125 0.03611111111111111 0.015625
0 0.8361111111111111 0.79765625 0.022222222222222223 0.015625
0 0.6340277777777777 0.7 0.04583333333333333 0.021875
0 0.9006944444444445 0.645703125 0.03194444444444444 0.01328125
0 0.5527777777777778 0.653125 0.025 0.0140625
0 0.5125 0.297265625 0.025 0.02109375
0 0.5625 0.328125 0.013888888888888888 0.015625
0 0.5416666666666666 0.511328125 0.030555555555555555 0.01015625
0 0.5215277777777778 0.473046875 0.029166666666666667 0.02421875
0 0.40902777777777777 0.58359375 0.015277777777777777 0.0125
0 0.80625 0.52421875 0.05138888888888889 0.0234375
