0 0.02361111111111111 0.5390625 0.044444444444444446 0.0328125
0 0.2590277777777778 0.634375 0.05416666666666667 0.025
0 0.5583333333333333 0.558984375 0.027777777777777776 0.01640625
0 0.4847222222222222 0.68203125 0.05277777777777778 0.021875
0 0.4527777777777778 0.690625 0.025 0.0109375
0 0.4125 0.71015625 0.05277777777777778 0.028125
0 0.4888888888888889 0.7046875 0.058333333333333334 0.034375
0 0.5006944444444444 0.771484375 0.043055555555555555 0.02890625
0 0.9666666666666667 0.617578125 0.025 0.01328125
0 0.9902777777777778 0.62734375 0.016666666666666666 0.0109375
0 0.9173611111111111 0.415234375 0.034722222222222224 0.01484375
