0 0.3659722222222222 0.1984375 0.03194444444444444 0.0140625
0 0.3951388888888889 0.252734375 0.04583333333333333 0.02265625
0 0.42777777777777776 0.283984375 0.03611111111111111 0.02265625
0 0.3541666666666667 0.323828125 0.05 0.02890625
0 0.32708333333333334 0.326171875 0.034722222222222224 0.02109375
0 0.4041666666666667 0.3640625 0.05 0.025
0 0.31319444444444444 0.365234375 0.05416666666666667 0.02890625
0 0.5583333333333333 0.46640625 0.05 0.028125
0 0.4548611111111111 0.37421875 0.034722222222222224 0.0171875
0 0.5972222222222222 0.532421875 0.05555555555555555 0.03046875
0 0.6916666666666667 0.5671875 0.044444444444444446 0.0265625
0 0.37222222222222223 0.491796875 0.05 0.02109375
0 0.21736111111111112 0.6 0.059722222222222225 0.0265625
0 0.46111111111111114 0.520703125 0.03888888888888889 0.02109375
0 0.29375 0.67421875 0.043055555555555555 0.028125
0 0.39166666666666666 0.73125 0.05277777777777778 0.034375
0 0.29444444444444445 0.696484375 0.044444444444444446 0.01796875
0 0.2590277777777778 0.710546875 0.05138888888888889 0.02890625
0 0.525 0.644921875 0.041666666666666664 0.02890625
0 0.40069444444444446 0.391015625 0.020833333333333332 0.01328125
0 0.32916666666666666 0.5765625 0.025 0.025
0 0.2326388888888889 0.619921875 0.05138888888888889 0.02421875
0 0.175 0.77265625 0.05555555555555555 0.0296875
0 0.22083333333333333 0.75 0.041666666666666664 0.0234375
0 0.2777777777777778 0.833984375 0.04722222222222222 0.02734375
0 0.16319444444444445 0.91640625 0.0763888888888889 0.0390625
0 0.5701388888888889 0.90078125 0.05416666666666667 0.034375
0 0.5631944444444444 0.936328125 0.05416666666666667 0.03359375
0 0.36527777777777776 0.8265625 0.011111111111111112 0.0140625
0 0.7680555555555556 0.837890625 0.05 0.02421875
0 0.7201388888888889 0.8296875 0.04027777777777778 0.025
0 0.7270833333333333 0.784375 0.04861111111111111 0.0203125
0 0.8402777777777778 0.82890625 0.030555555555555555 0.0234375
0 0.7597222222222222 0.590234375 0.03888888888888889 0.02578125
0 0.6201388888888889 0.624609375 0.034722222222222224 0.02421875
0 0.5784722222222223 0.8015625 0.04861111111111111 0.0203125
0 0.6909722222222222 0.784375 0.02361111111111111 0.01875
0 0.4756944444444444 0.865234375 0.006944444444444444 0.01171875
0 0.6277777777777778 0.830078125 0.044444444444444446 0.01953125
0 0.34305555555555556 0.52734375 0.022222222222222223 0.0171875
0 0.31805555555555554 0.498828125 0.027777777777777776 0.01796875
0 0.4236111111111111 0.537890625 0.027777777777777776 0.01328125
0 0.5 0.490625 0.019444444444444445 0.0109375
0 0.46041666666666664 0.345703125 0.015277777777777777 0.01484375
0 0.49444444444444446 0.3578125 0.019444444444444445 0.0125
0 0.5215277777777778 0.349609375 0.02361111111111111 0.01484375
0 0.6513888888888889 0.548046875 0.03611111111111111 0.01796875
0 0.5388888888888889 0.534765625 0.03888888888888889 0.01796875
0 0.5076388888888889 0.530078125 0.029166666666666667 0.01328125
0 0.4652777777777778 0.487890625 0.030555555555555555 0.01328125
0 0.45555555555555555 0.466796875 0.027777777777777776 0.01328125
0 0.16527777777777777 0.881640625 0.03333333333333333 0.01640625
0 0.6958333333333333 0.5953125 0.05277777777777778 0.0171875
0 0.5590277777777778 0.515234375 0.05416666666666667 0.02421875
