0 0.41180555555555554 0.11015625 0.034722222222222224 0.0171875
0 0.5020833333333333 0.121484375 0.04861111111111111 0.03046875
0 0.5430555555555555 0.125390625 0.022222222222222223 0.01015625
0 0.5541666666666667 0.132421875 0.019444444444444445 0.01171875
0 0.46458333333333335 0.137890625 0.05416666666666667 0.03359375
0 0.46319444444444446 0.16796875 0.05138888888888889 0.0296875
0 0.5305555555555556 0.183984375 0.03333333333333333 0.02734375
0 0.5458333333333333 0.199609375 0.058333333333333334 0.03359375
0 0.6076388888888888 0.247265625 0.05416666666666667 0.02890625
0 0.5597222222222222 0.247265625 0.044444444444444446 0.02578125
0 0.48055555555555557 0.225390625 0.016666666666666666 0.01484375
0 0.5805555555555556 0.282421875 0.05277777777777778 0.03203125
0 0.54375 0.315234375 0.04861111111111111 0.02421875
0 0.6715277777777777 0.326171875 0.029166666666666667 0.02265625
0 0.6375 0.328125 0.04722222222222222 0.01875
0 0.5805555555555556 0.33046875 0.05277777777777778 0.0234375
0 0.49583333333333335 0.334375 0.03333333333333333 0.021875
0 0.41388888888888886 0.280078125 0.03333333333333333 0.02734375
0 0.4173611111111111 0.255859375 0.02361111111111111 0.02578125
0 0.6069444444444444 0.37421875 0.05 0.0328125
0 0.675 0.388671875 0.03888888888888889 0.01796875
0 0.6715277777777777 0.43046875 0.059722222222222225 0.025
0 0.6388888888888888 0.419140625 0.05 0.01953125
0 0.5944444444444444 0.404296875 0.030555555555555555 0.01640625
0 0.5680555555555555 0.4546875 0.058333333333333334 0.03125
0 0.6145833333333334 0.5046875 0.05416666666666667 0.0265625
0 0.5194444444444445 0.49375 0.027777777777777776 0.0171875
0 0.46458333333333335 0.491796875 0.05416666666666667 0.02734375
0 0.23541666666666666 0.47578125 0.06527777777777778 0.03125
0 0.33194444444444443 0.498828125 0.044444444444444446 0.02421875
0 0.38055555555555554 0.501171875 0.030555555555555555 0.02421875
0 0.5284722222222222 0.53671875 0.043055555555555555 0.03125
0 0.5923611111111111 0.556640625 0.02361111111111111 0.01640625
0 0.26319444444444445 0.525 0.04583333333333333 0.0234375
0 0.2222222222222222 0.533984375 0.027777777777777776 0.01796875
0 0.4131944444444444 0.5984375 0.0375 0.021875
0 0.5097222222222222 0.6 0.03611111111111111 0.028125
0 0.35833333333333334 0.547265625 0.027777777777777776 0.02421875
0 0.025694444444444443 0.59609375 0.04583333333333333 0.028125
0 0.39375 0.637109375 0.05138888888888889 0.02265625
0 0.475 0.695703125 0.027777777777777776 0.01953125
0 0.3972222222222222 0.69453125 0.044444444444444446 0.025
0 0.7090277777777778 0.65703125 0.043055555555555555 0.0265625
0 0.7430555555555556 0.656640625 0.025 0.02421875
0 0.06041666666666667 0.643359375 0.05694444444444444 0.02421875
0 0.09652777777777778 0.645703125 0.03194444444444444 0.01484375
0 0.5006944444444444 0.720703125 0.0375 0.02109375
0 0.3215277777777778 0.769140625 0.04861111111111111 0.02421875
0 0.41875 0.75 0.04027777777777778 0.03125
0 0.12638888888888888 0.7359375 0.025 0.021875
0 0.15763888888888888 0.740234375 0.034722222222222224 0.01484375
0 0.44722222222222224 0.892578125 0.027777777777777776 0.02890625
0 0.4736111111111111 0.89453125 0.041666666666666664 0.0265625
0 0.2 0.671484375 0.03611111111111111 0.02109375
0 0.0625 0.75390625 0.030555555555555555 0.01875
0 0.4215277777777778 0.194140625 0.015277777777777777 0.02109375
0 0.3458333333333333 0.476953125 0.027777777777777776 0.01640625
0 0.9263888888888889 0.584765625 0.04722222222222222 0.01953125
0 0.5479166666666667 0.82734375 0.020833333333333332 0.0140625
0 0.23055555555555557 0.85546875 0.03333333333333333 0.0234375
0 0.3263888888888889 0.55078125 0.030555555555555555 0.021875
