0 0.5826388888888889 0.576171875 0.0375 0.01953125
0 0.38125 0.455078125 0.02361111111111111 0.01171875
0 0.9048611111111111 0.507421875 0.029166666666666667 0.02109375
0 0.5819444444444445 0.51953125 0.025 0.0203125
0 0.6270833333333333 0.500390625 0.04027777777777778 0.01953125
0 0.8361111111111111 0.378515625 0.044444444444444446 0.02109375
0 0.85625 0.35 0.034722222222222224 0.025
0 0.8138888888888889 0.34921875 0.03888888888888889 0.0203125
0 0.8111111111111111 0.363671875 0.030555555555555555 0.01171875
0 0.6576388888888889 0.351953125 0.02638888888888889 0.01640625
0 0.6902777777777778 0.32890625 0.03333333333333333 0.0234375
0 0.7673611111111112 0.319921875 0.0375 0.01796875
0 0.7208333333333333 0.346484375 0.03611111111111111 0.01484375
0 0.7479166666666667 0.367578125 0.029166666666666667 0.01484375
0 0.8270833333333333 0.3046875 0.0375 0.0171875
0 0.5902777777777778 0.20234375 0.041666666666666664 0.021875
0 0.6041666666666666 0.267578125 0.03333333333333333 0.02265625
0 0.5013888888888889 0.275 0.03888888888888889 0.025
0 0.5229166666666667 0.29453125 0.04027777777777778 0.0234375
0 0.4895833333333333 0.29453125 0.02638888888888889 0.015625
0 0.7347222222222223 0.221484375 0.030555555555555555 0.02109375
0 0.3819444444444444 0.334765625 0.03611111111111111 0.02109375
0 0.2972222222222222 0.35234375 0.027777777777777776 0.0140625
0 0.19305555555555556 0.33203125 0.03333333333333333 0.0171875
0 0.05416666666666667 0.369140625 0.019444444444444445 0.01484375
0 0.05694444444444444 0.354296875 0.019444444444444445 0.01328125
0 0.1076388888888889 0.34609375 0.029166666666666667 0.0140625
0 0.5055555555555555 0.43046875 0.03888888888888889 0.0140625
0 0.6097222222222223 0.345703125 0.022222222222222223 0.01796875
0 0.9402777777777778 0.449609375 0.030555555555555555 0.01484375
0 0.4513888888888889 0.163671875 0.03888888888888889 0.01484375
0 0.275 0.352734375 0.022222222222222223 0.01015625
0 0.22916666666666666 0.396875 0.027777777777777776 0.0140625
0 0.3638888888888889 0.383203125 0.025 0.01796875
0 0.013888888888888888 0.369921875 0.022222222222222223 0.01015625
0 0.33611111111111114 0.526953125 0.019444444444444445 0.02109375
0 0.3388888888888889 0.460546875 0.019444444444444445 0.01015625
0 0.5236111111111111 0.45625 0.022222222222222223 0.0140625
0 0.5986111111111111 0.41875 0.025 0.015625
0 0.5604166666666667 0.5609375 0.029166666666666667 0.0171875
0 0.5451388888888888 0.519140625 0.029166666666666667 0.01171875
0 0.5604166666666667 0.512109375 0.02361111111111111 0.01171875
0 0.5819444444444445 0.58671875 0.041666666666666664 0.0125
0 0.9111111111111111 0.40234375 0.025 0.0125
0 0.9701388888888889 0.381640625 0.03194444444444444 0.01796875
0 0.9381944444444444 0.407421875 0.020833333333333332 0.01171875
0 0.7513888888888889 0.346875 0.03333333333333333 0.0125
