0 0.7625 0.14921875 0.030555555555555555 0.0125
0 0.8 0.173046875 0.025 0.01953125
0 0.8895833333333333 0.18515625 0.03194444444444444 0.0203125
0 0.6895833333333333 0.219921875 0.029166666666666667 0.01796875
0 0.70625 0.2046875 0.0125 0.0140625
0 0.7694444444444445 0.200390625 0.030555555555555555 0.01484375
0 0.7756944444444445 0.215625 0.02361111111111111 0.0140625
0 0.8104166666666667 0.208984375 0.03194444444444444 0.01484375
0 0.7194444444444444 0.22109375 0.030555555555555555 0.0203125
0 0.8701388888888889 0.22265625 0.02638888888888889 0.0203125
0 0.9076388888888889 0.212109375 0.029166666666666667 0.01953125
0 0.8951388888888889 0.23984375 0.034722222222222224 0.0171875
0 0.8208333333333333 0.253125 0.016666666666666666 0.0140625
0 0.7680555555555556 0.23046875 0.027777777777777776 0.015625
0 0.9840277777777777 0.341015625 0.018055555555555554 0.01484375
0 0.8625 0.345703125 0.030555555555555555 0.01484375
0 0.7819444444444444 0.36015625 0.03611111111111111 0.021875
0 0.6854166666666667 0.3125 0.029166666666666667 0.0109375
0 0.7159722222222222 0.355078125 0.02638888888888889 0.01796875
0 0.01875 0.45546875 0.034722222222222224 0.028125
0 0.5777777777777777 0.508984375 0.03333333333333333 0.01640625
0 0.6326388888888889 0.40546875 0.020833333333333332 0.015625
0 0.49722222222222223 0.34296875 0.030555555555555555 0.015625
0 0.5097222222222222 0.32734375 0.030555555555555555 0.015625
0 0.6201388888888889 0.315234375 0.034722222222222224 0.01328125
0 0.7048611111111112 0.336328125 0.015277777777777777 0.00703125
0 0.5986111111111111 0.358984375 0.03333333333333333 0.02109375
0 0.47291666666666665 0.33671875 0.029166666666666667 0.01875
0 0.5847222222222223 0.526953125 0.03333333333333333 0.01640625
0 0.7701388888888889 0.375 0.03194444444444444 0.01875
0 0.9013888888888889 0.528515625 0.03888888888888889 0.02109375
0 0.9916666666666667 0.549609375 0.013888888888888888 0.01484375
0 0.14652777777777778 0.6265625 0.034722222222222224 0.03125
0 0.14583333333333334 0.651171875 0.025 0.01015625
0 0.27847222222222223 0.565234375 0.029166666666666667 0.01484375
0 0.3333333333333333 0.551953125 0.027777777777777776 0.01015625
0 0.34930555555555554 0.509375 0.02361111111111111 0.009375
0 0.4041666666666667 0.596875 0.019444444444444445 0.0171875
0 0.3 0.6109375 0.019444444444444445 0.0140625
0 0.44375 0.6484375 0.02638888888888889 0.0265625
0 0.4652777777777778 0.61875 0.025 0.0171875
0 0.5527777777777778 0.56640625 0.030555555555555555 0.0203125
0 0.5590277777777778 0.546484375 0.03194444444444444 0.02265625
0 0.6159722222222223 0.58359375 0.03194444444444444 0.0171875
0 0.6395833333333333 0.594921875 0.02638888888888889 0.01953125
0 0.6027777777777777 0.501171875 0.022222222222222223 0.00859375
0 0.6902777777777778 0.457421875 0.016666666666666666 0.01171875
0 0.8173611111111111 0.540234375 0.034722222222222224 0.02109375
0 0.8729166666666667 0.555859375 0.029166666666666667 0.01484375
0 0.9243055555555556 0.616015625 0.03194444444444444 0.01796875
0 0.9388888888888889 0.634765625 0.019444444444444445 0.01484375
0 0.8881944444444444 0.641796875 0.05416666666666667 0.01796875
0 0.9368055555555556 0.6828125 0.02361111111111111 0.0140625
0 0.9583333333333334 0.691015625 0.019444444444444445 0.01328125
0 0.9243055555555556 0.239453125 0.02638888888888889 0.01484375
0 0.9423611111111111 0.221875 0.034722222222222224 0.015625
0 0.8243055555555555 0.1640625 0.015277777777777777 0.0125
0 0.7902777777777777 0.27109375 0.013888888888888888 0.015625
0 0.6652777777777777 0.475390625 0.016666666666666666 0.00703125
0 0.9743055555555555 0.217578125 0.006944444444444444 0.00859375
0 0.002777777777777778 0.42265625 0.005555555555555556 0.0140625
0 0.6840277777777778 0.580859375 0.0125 0.00703125
0 0.9909722222222223 0.685546875 0.015277777777777777 0.01171875
0 0.4736111111111111 0.32109375 0.016666666666666666 0.0125
0 0.7208333333333333 0.412109375 0.03611111111111111 0.01796875
0 0.5625 0.4703125 0.027777777777777776 0.0125
0 0.5833333333333334 0.480078125 0.027777777777777776 0.01328125
0 0.22569444444444445 0.63359375 0.0125 0.015625
0 0.5444444444444444 0.62578125 0.041666666666666664 0.01875
0 0.6284722222222222 0.63046875 0.0375 0.0265625
0 0.9055555555555556 0.61015625 0.030555555555555555 0.0140625
0 0.8833333333333333 0.6140625 0.03611111111111111 0.01875
0 0.9138888888888889 0.682421875 0.041666666666666664 0.01640625
