0 0.6166666666666667 0.158203125 0.041666666666666664 0.02578125
0 0.6430555555555556 0.144140625 0.027777777777777776 0.01796875
0 0.7243055555555555 0.144140625 0.018055555555555554 0.01640625
0 0.7770833333333333 0.284375 0.04027777777777778 0.021875
0 0.7847222222222222 0.3 0.04722222222222222 0.021875
0 0.7659722222222223 0.346484375 0.03194444444444444 0.01328125
0 0.6875 0.44140625 0.03333333333333333 0.0171875
0 0.7965277777777777 0.45234375 0.03194444444444444 0.0171875
0 0.8826388888888889 0.46953125 0.043055555555555555 0.0265625
0 0.83125 0.503515625 0.02638888888888889 0.01953125
0 0.8340277777777778 0.546484375 0.04583333333333333 0.02578125
0 0.7618055555555555 0.51640625 0.04583333333333333 0.0234375
0 0.7319444444444444 0.52734375 0.03333333333333333 0.021875
0 0.6506944444444445 0.512890625 0.04861111111111111 0.03046875
0 0.625 0.516015625 0.03611111111111111 0.02421875
0 0.5013888888888889 0.537109375 0.022222222222222223 0.02265625
0 0.4638888888888889 0.60390625 0.04722222222222222 0.025
0 0.6104166666666667 0.619140625 0.043055555555555555 0.02421875
0 0.74375 0.6328125 0.04027777777777778 0.0203125
0 0.4756944444444444 0.546484375 0.0125 0.01015625
0 0.36319444444444443 0.444921875 0.03194444444444444 0.01796875
0 0.3861111111111111 0.459375 0.025 0.015625
0 0.18263888888888888 0.491015625 0.043055555555555555 0.02578125
0 0.05486111111111111 0.434375 0.0375 0.0125
0 0.44375 0.4296875 0.02638888888888889 0.01875
0 0.47291666666666665 0.5734375 0.034722222222222224 0.01875
