0 0.07361111111111111 0.04765625 0.041666666666666664 0.0234375
0 0.08125 0.068359375 0.04583333333333333 0.01796875
0 0.06111111111111111 0.094921875 0.05555555555555555 0.03359375
0 0.18680555555555556 0.123046875 0.0625 0.03984375
0 0.15902777777777777 0.159375 0.04861111111111111 0.03125
0 0.20555555555555555 0.16875 0.058333333333333334 0.0359375
0 0.04861111111111111 0.163671875 0.05 0.02890625
0 0.13472222222222222 0.2015625 0.05 0.0265625
0 0.10694444444444444 0.23515625 0.05277777777777778 0.0328125
0 0.06180555555555556 0.2734375 0.05416666666666667 0.03125
0 0.20694444444444443 0.28359375 0.05 0.0265625
0 0.3 0.209375 0.041666666666666664 0.0234375
0 0.3173611111111111 0.111328125 0.04027777777777778 0.02734375
0 0.33194444444444443 0.039453125 0.03888888888888889 0.02421875
0 0.3451388888888889 0.0671875 0.043055555555555555 0.0234375
0 0.3638888888888889 0.0578125 0.044444444444444446 0.025
0 0.4465277777777778 0.021875 0.04027777777777778 0.03125
0 0.3958333333333333 0.066015625 0.022222222222222223 0.01953125
0 0.3861111111111111 0.048828125 0.025 0.01484375
0 0.2701388888888889 0.26015625 0.034722222222222224 0.0171875
0 0.36041666666666666 0.176171875 0.0375 0.02421875
0 0.4888888888888889 0.021484375 0.04722222222222222 0.02734375
0 0.49027777777777776 0.0453125 0.03611111111111111 0.0203125
0 0.525 0.054296875 0.025 0.02109375
0 0.4736111111111111 0.071875 0.044444444444444446 0.03125
0 0.44583333333333336 0.170703125 0.03611111111111111 0.01953125
0 0.44722222222222224 0.189453125 0.027777777777777776 0.01640625
0 0.4722222222222222 0.19296875 0.03333333333333333 0.01875
0 0.4895833333333333 0.09609375 0.04027777777777778 0.021875
0 0.5104166666666666 0.083984375 0.04027777777777778 0.02734375
0 0.5291666666666667 0.0796875 0.025 0.021875
0 0.5944444444444444 0.039453125 0.03888888888888889 0.02109375
0 0.5534722222222223 0.1078125 0.03194444444444444 0.0234375
0 0.6520833333333333 0.048828125 0.04027777777777778 0.02421875
0 0.7076388888888889 0.0796875 0.0375 0.021875
0 0.7479166666666667 0.071875 0.02638888888888889 0.0171875
0 0.7368055555555556 0.09609375 0.02638888888888889 0.0140625
0 0.4673611111111111 0.269921875 0.03194444444444444 0.01640625
0 0.2861111111111111 0.2953125 0.03888888888888889 0.021875
0 0.6131944444444445 0.205078125 0.05694444444444444 0.03203125
0 0.50625 0.158203125 0.0375 0.02109375
0 0.6652777777777777 0.140625 0.03611111111111111 0.021875
0 0.475 0.108203125 0.03888888888888889 0.02421875
0 0.6784722222222223 0.11171875 0.0375 0.025
0 0.7534722222222222 0.203125 0.059722222222222225 0.0265625
0 0.7430555555555556 0.230859375 0.058333333333333334 0.02890625
0 0.7840277777777778 0.19453125 0.04027777777777778 0.0234375
0 0.6597222222222222 0.26875 0.05 0.0265625
0 0.8527777777777777 0.090625 0.044444444444444446 0.0265625
0 0.8277777777777777 0.083984375 0.019444444444444445 0.02265625
0 0.83125 0.163671875 0.043055555555555555 0.02734375
0 0.8694444444444445 0.155859375 0.044444444444444446 0.02734375
0 0.8763888888888889 0.067578125 0.05 0.02578125
0 0.8881944444444444 0.04140625 0.04861111111111111 0.0265625
0 0.9673611111111111 0.03203125 0.059722222222222225 0.0296875
0 0.94375 0.0421875 0.04861111111111111 0.028125
0 0.9340277777777778 0.024609375 0.0375 0.02421875
0 0.9409722222222222 0.066015625 0.034722222222222224 0.02890625
0 0.9569444444444445 0.072265625 0.041666666666666664 0.03203125
0 0.9833333333333333 0.07265625 0.030555555555555555 0.034375
0 0.9194444444444444 0.119921875 0.05277777777777778 0.03046875
0 0.9347222222222222 0.197265625 0.04722222222222222 0.02421875
0 0.5368055555555555 0.311328125 0.05694444444444444 0.03046875
0 0.5638888888888889 0.336328125 0.05277777777777778 0.03046875
0 0.49583333333333335 0.331640625 0.025 0.02421875
0 0.6159722222222223 0.355859375 0.03194444444444444 0.02578125
0 0.9361111111111111 0.22734375 0.03888888888888889 0.015625
0 0.6090277777777777 0.277734375 0.0375 0.03671875
0 0.9472222222222222 0.41015625 0.075 0.03125
0 0.9076388888888889 0.43984375 0.05416666666666667 0.0421875
0 0.5534722222222223 0.585546875 0.04027777777777778 0.02421875
0 0.6645833333333333 0.55859375 0.034722222222222224 0.0265625
0 0.6326388888888889 0.491015625 0.02638888888888889 0.02265625
0 0.7680555555555556 0.46875 0.08333333333333333 0.0390625
0 0.7041666666666667 0.537109375 0.06944444444444445 0.03671875
0 0.75625 0.594921875 0.034722222222222224 0.02734375
0 0.8381944444444445 0.58828125 0.059722222222222225 0.0375
0 0.9027777777777778 0.5859375 0.041666666666666664 0.0265625
0 0.9868055555555556 0.600390625 0.018055555555555554 0.02734375
0 0.11805555555555555 0.58515625 0.05555555555555555 0.025
0 0.13055555555555556 0.628515625 0.05555555555555555 0.03359375
0 0.19444444444444445 0.6546875 0.05 0.028125
0 0.23819444444444443 0.6734375 0.05694444444444444 0.0296875
0 0.14791666666666667 0.733984375 0.059722222222222225 0.03515625
0 0.07291666666666667 0.72890625 0.059722222222222225 0.034375
0 0.08888888888888889 0.698046875 0.04722222222222222 0.02734375
0 0.18611111111111112 0.67734375 0.04722222222222222 0.0171875
0 0.21805555555555556 0.69765625 0.05555555555555555 0.03125
0 0.4201388888888889 0.70625 0.043055555555555555 0.028125
0 0.40555555555555556 0.66171875 0.05 0.0328125
0 0.825 0.747265625 0.06666666666666667 0.03828125
0 0.9576388888888889 0.007421875 0.02638888888888889 0.01328125
0 0.9715277777777778 0.103515625 0.05416666666666667 0.03046875
0 0.5201388888888889 0.18046875 0.02638888888888889 0.01875
0 0.7784722222222222 0.278515625 0.029166666666666667 0.01484375
0 0.7506944444444444 0.569140625 0.02638888888888889 0.02734375
