0 0.9923611111111111 0.733203125 0.0125 0.02109375
0 0.8923611111111112 0.716015625 0.03194444444444444 0.01640625
0 0.6819444444444445 0.633984375 0.03888888888888889 0.01640625
0 0.8201388888888889 0.5640625 0.0375 0.0234375
0 0.2652777777777778 0.47734375 0.04722222222222222 0.015625
0 0.8451388888888889 0.5015625 0.02361111111111111 0.0171875
0 0.7951388888888888 0.51171875 0.02638888888888889 0.015625
0 0.8708333333333333 0.4796875 0.03611111111111111 0.01875
0 0.8076388888888889 0.476171875 0.04583333333333333 0.01796875
0 0.8493055555555555 0.462890625 0.034722222222222224 0.01328125
0 0.9833333333333333 0.47578125 0.027777777777777776 0.0234375
0 0.8881944444444444 0.41015625 0.029166666666666667 0.015625
0 0.8291666666666667 0.39921875 0.030555555555555555 0.0171875
0 0.8201388888888889 0.415625 0.04027777777777778 0.0140625
0 0.7340277777777777 0.41328125 0.02361111111111111 0.0125
0 0.7993055555555556 0.331640625 0.05138888888888889 0.02890625
0 0.8645833333333334 0.35 0.043055555555555555 0.0265625
0 0.9597222222222223 0.308984375 0.05 0.01953125
0 0.8743055555555556 0.28203125 0.04583333333333333 0.028125
0 0.8916666666666667 0.291015625 0.030555555555555555 0.01796875
0 0.9590277777777778 0.24453125 0.04583333333333333 0.03125
0 0.9118055555555555 0.248828125 0.04583333333333333 0.02734375
0 0.8548611111111111 0.262890625 0.034722222222222224 0.02265625
0 0.8236111111111111 0.252734375 0.044444444444444446 0.02890625
0 0.7923611111111111 0.209375 0.04583333333333333 0.025
0 0.31805555555555554 0.25234375 0.03333333333333333 0.01875
0 0.2861111111111111 0.24375 0.044444444444444446 0.0234375
0 0.2534722222222222 0.17265625 0.02638888888888889 0.01875
0 0.8618055555555556 0.1640625 0.034722222222222224 0.0234375
0 0.8916666666666667 0.1671875 0.03333333333333333 0.0234375
0 0.89375 0.15 0.02361111111111111 0.00625
0 0.9604166666666667 0.05390625 0.04861111111111111 0.03125
0 0.06875 0.1078125 0.05416666666666667 0.028125
0 0.05694444444444444 0.15625 0.041666666666666664 0.0234375
0 0.059722222222222225 0.124609375 0.030555555555555555 0.01171875
0 0.022222222222222223 0.125 0.041666666666666664 0.021875
0 0.01597222222222222 0.095703125 0.02638888888888889 0.01796875
0 0.034027777777777775 0.700390625 0.03194444444444444 0.02265625
