0 0.5729166666666666 0.140625 0.043055555555555555 0.03125
0 0.5194444444444445 0.160546875 0.027777777777777776 0.01484375
0 0.44930555555555557 0.233984375 0.043055555555555555 0.01953125
0 0.5270833333333333 0.2078125 0.0375 0.0203125
0 0.6125 0.23359375 0.030555555555555555 0.015625
0 0.48819444444444443 0.24375 0.029166666666666667 0.0109375
0 0.42777777777777776 0.26015625 0.03611111111111111 0.015625
0 0.46041666666666664 0.266015625 0.029166666666666667 0.02578125
0 0.05694444444444444 0.325390625 0.044444444444444446 0.02265625
0 0.014583333333333334 0.359375 0.02638888888888889 0.021875
0 0.41875 0.348046875 0.05138888888888889 0.02265625
0 0.3923611111111111 0.3265625 0.029166666666666667 0.0203125
0 0.06111111111111111 0.33828125 0.027777777777777776 0.009375
0 0.46944444444444444 0.320703125 0.03611111111111111 0.01640625
0 0.45555555555555555 0.28671875 0.022222222222222223 0.0171875
0 0.4861111111111111 0.28359375 0.03611111111111111 0.0140625
0 0.5055555555555555 0.266015625 0.016666666666666666 0.02109375
0 0.5534722222222223 0.288671875 0.02361111111111111 0.01328125
0 0.5861111111111111 0.316015625 0.025 0.01328125
0 0.5618055555555556 0.32578125 0.04027777777777778 0.021875
0 0.5534722222222223 0.3453125 0.0375 0.0171875
0 0.5263888888888889 0.359375 0.03611111111111111 0.0125
0 0.6048611111111111 0.35078125 0.034722222222222224 0.021875
0 0.6618055555555555 0.347265625 0.04861111111111111 0.02890625
0 0.39861111111111114 0.42734375 0.044444444444444446 0.0265625
0 0.4666666666666667 0.40390625 0.022222222222222223 0.0109375
0 0.53125 0.37734375 0.04027777777777778 0.015625
0 0.6965277777777777 0.3796875 0.04583333333333333 0.025
0 0.4895833333333333 0.419140625 0.0375 0.01796875
0 0.5486111111111112 0.414453125 0.04722222222222222 0.02421875
0 0.5291666666666667 0.430078125 0.03888888888888889 0.02265625
0 0.5756944444444444 0.4296875 0.020833333333333332 0.0125
0 0.6229166666666667 0.416015625 0.03194444444444444 0.01484375
0 0.7083333333333334 0.496484375 0.044444444444444446 0.02421875
0 0.3729166666666667 0.51640625 0.043055555555555555 0.0265625
0 0.34444444444444444 0.471484375 0.03611111111111111 0.01796875
0 0.32430555555555557 0.499609375 0.043055555555555555 0.02265625
0 0.4048611111111111 0.501953125 0.03194444444444444 0.01796875
0 0.4270833333333333 0.512890625 0.0375 0.01484375
0 0.17847222222222223 0.564453125 0.04583333333333333 0.02109375
0 0.3104166666666667 0.5359375 0.04583333333333333 0.0203125
0 0.27708333333333335 0.554296875 0.029166666666666667 0.01484375
0 0.3645833333333333 0.554296875 0.020833333333333332 0.02265625
0 0.4013888888888889 0.606640625 0.030555555555555555 0.02109375
0 0.49375 0.56484375 0.034722222222222224 0.0234375
0 0.4930555555555556 0.584375 0.030555555555555555 0.0140625
0 0.5347222222222222 0.575 0.03333333333333333 0.0125
0 0.64375 0.57734375 0.029166666666666667 0.0171875
0 0.7270833333333333 0.558203125 0.05416666666666667 0.02890625
0 0.9881944444444445 0.563671875 0.020833333333333332 0.02109375
0 0.9708333333333333 0.587109375 0.03333333333333333 0.01328125
0 0.9458333333333333 0.63125 0.04722222222222222 0.0171875
0 0.8569444444444444 0.676953125 0.019444444444444445 0.01328125
0 0.7215277777777778 0.597265625 0.02361111111111111 0.01484375
0 0.44583333333333336 0.64453125 0.03611111111111111 0.0203125
0 0.3680555555555556 0.648046875 0.027777777777777776 0.01328125
0 0.25763888888888886 0.6765625 0.04027777777777778 0.015625
0 0.4527777777777778 0.581640625 0.025 0.01328125
0 0.5854166666666667 0.67734375 0.0375 0.015625
0 0.30972222222222223 0.715625 0.03888888888888889 0.0234375
0 0.33402777777777776 0.720703125 0.02361111111111111 0.01171875
0 0.26180555555555557 0.71953125 0.03194444444444444 0.0140625
0 0.09027777777777778 0.772265625 0.03888888888888889 0.01953125
0 0.15694444444444444 0.803515625 0.04722222222222222 0.02578125
0 0.6020833333333333 0.737109375 0.04583333333333333 0.02265625
0 0.5395833333333333 0.78828125 0.02638888888888889 0.0125
0 0.6034722222222222 0.78203125 0.020833333333333332 0.0078125
0 0.8597222222222223 0.828125 0.022222222222222223 0.0125
0 0.7652777777777777 0.884375 0.027777777777777776 0.0140625
0 0.6423611111111112 0.888671875 0.05694444444444444 0.04140625
0 0.6159722222222223 0.96796875 0.0625 0.0390625
