0 0.5534722222222223 0.176953125 0.04583333333333333 0.03046875
0 0.9020833333333333 0.303515625 0.03194444444444444 0.02109375
0 0.4791666666666667 0.305859375 0.044444444444444446 0.02109375
0 0.50625 0.413671875 0.0625 0.02421875
0 0.2875 0.401171875 0.03888888888888889 0.02578125
0 0.23055555555555557 0.357421875 0.06111111111111111 0.03046875
0 0.5048611111111111 0.50703125 0.05416666666666667 0.0203125
0 0.48819444444444443 0.551953125 0.05138888888888889 0.03203125
0 0.6263888888888889 0.55546875 0.041666666666666664 0.015625
0 0.7881944444444444 0.578125 0.04861111111111111 0.0203125
0 0.5729166666666666 0.615234375 0.02638888888888889 0.01328125
0 0.5111111111111111 0.630859375 0.027777777777777776 0.02109375
0 0.07083333333333333 0.609375 0.03333333333333333 0.01875
0 0.0798611111111111 0.635546875 0.02638888888888889 0.01484375
0 0.43680555555555556 0.696484375 0.059722222222222225 0.03046875
0 0.6444444444444445 0.690234375 0.04722222222222222 0.01953125
0 0.7097222222222223 0.690625 0.05 0.0203125
0 0.7069444444444445 0.663671875 0.03333333333333333 0.01484375
0 0.2326388888888889 0.38671875 0.02638888888888889 0.028125
0 0.21388888888888888 0.416015625 0.03333333333333333 0.01484375
0 0.06180555555555556 0.473046875 0.02638888888888889 0.01796875
0 0.016666666666666666 0.356640625 0.03333333333333333 0.01328125
0 0.22777777777777777 0.709375 0.030555555555555555 0.021875
0 0.7576388888888889 0.584765625 0.034722222222222224 0.01328125
