0 0.5083333333333333 0.323046875 0.03888888888888889 0.01640625
0 0.5763888888888888 0.349609375 0.03611111111111111 0.01953125
0 0.70625 0.309375 0.029166666666666667 0.0171875
0 0.33541666666666664 0.352734375 0.029166666666666667 0.01328125
0 0.6430555555555556 0.44765625 0.03611111111111111 0.0203125
0 0.5402777777777777 0.44375 0.030555555555555555 0.0203125
0 0.49375 0.44921875 0.034722222222222224 0.0203125
0 0.45 0.4484375 0.03888888888888889 0.01875
0 0.3263888888888889 0.482421875 0.025 0.01328125
0 0.43125 0.52734375 0.034722222222222224 0.025
0 0.30486111111111114 0.570703125 0.04583333333333333 0.02734375
0 0.36527777777777776 0.605078125 0.03611111111111111 0.02109375
0 0.3888888888888889 0.614453125 0.030555555555555555 0.01640625
0 0.1076388888888889 0.621875 0.029166666666666667 0.021875
0 0.14444444444444443 0.625 0.030555555555555555 0.01875
0 0.08541666666666667 0.5640625 0.04027777777777778 0.015625
0 0.014583333333333334 0.61328125 0.02361111111111111 0.025
0 0.7555555555555555 0.612890625 0.05277777777777778 0.02265625
0 0.8194444444444444 0.60546875 0.03333333333333333 0.0140625
0 0.8479166666666667 0.615234375 0.0375 0.02109375
0 0.5604166666666667 0.35390625 0.029166666666666667 0.01875
0 0.6541666666666667 0.515625 0.022222222222222223 0.015625
