0 0.5743055555555555 0.199609375 0.043055555555555555 0.02421875
0 0.49444444444444446 0.21953125 0.03611111111111111 0.028125
0 0.4027777777777778 0.218359375 0.016666666666666666 0.01015625
0 0.43680555555555556 0.239453125 0.020833333333333332 0.01328125
0 0.45416666666666666 0.233984375 0.016666666666666666 0.01015625
0 0.4583333333333333 0.28671875 0.041666666666666664 0.0296875
0 0.49027777777777776 0.280859375 0.030555555555555555 0.02421875
0 0.5645833333333333 0.276171875 0.04027777777777778 0.02265625
0 0.5798611111111112 0.326171875 0.04027777777777778 0.02734375
0 0.4777777777777778 0.323828125 0.044444444444444446 0.02890625
0 0.41388888888888886 0.326171875 0.030555555555555555 0.02890625
0 0.42569444444444443 0.360546875 0.03194444444444444 0.02109375
0 0.46041666666666664 0.3609375 0.02361111111111111 0.009375
0 0.5520833333333334 0.352734375 0.034722222222222224 0.01953125
0 0.5298611111111111 0.4109375 0.05694444444444444 0.028125
0 0.5375 0.4359375 0.044444444444444446 0.021875
0 0.4013888888888889 0.390625 0.05277777777777778 0.028125
0 0.35555555555555557 0.40234375 0.05277777777777778 0.021875
0 0.6368055555555555 0.448828125 0.04861111111111111 0.02578125
0 0.3763888888888889 0.422265625 0.027777777777777776 0.01796875
0 0.46319444444444446 0.465625 0.043055555555555555 0.028125
0 0.5756944444444444 0.482421875 0.04583333333333333 0.02578125
0 0.5319444444444444 0.490234375 0.027777777777777776 0.02109375
0 0.3506944444444444 0.464453125 0.0375 0.02265625
0 0.34444444444444444 0.490234375 0.04722222222222222 0.02421875
0 0.33055555555555555 0.499609375 0.022222222222222223 0.01015625
0 0.42083333333333334 0.499609375 0.058333333333333334 0.02421875
0 0.4638888888888889 0.530859375 0.041666666666666664 0.02109375
0 0.47430555555555554 0.548046875 0.03194444444444444 0.01796875
0 0.48541666666666666 0.572265625 0.0375 0.02578125
0 0.7548611111111111 0.536328125 0.043055555555555555 0.02109375
0 0.7368055555555556 0.5765625 0.02638888888888889 0.01875
0 0.5708333333333333 0.626953125 0.044444444444444446 0.02578125
0 0.44583333333333336 0.733203125 0.044444444444444446 0.03046875
0 0.42777777777777776 0.755078125 0.03611111111111111 0.02890625
0 0.5055555555555555 0.608203125 0.03333333333333333 0.01484375
0 0.4951388888888889 0.371875 0.02638888888888889 0.01875
0 0.6631944444444444 0.546875 0.029166666666666667 0.0125
0 0.7326388888888888 0.555078125 0.02361111111111111 0.01484375
0 0.6826388888888889 0.571875 0.034722222222222224 0.01875
0 0.6652777777777777 0.605078125 0.041666666666666664 0.01640625
0 0.51875 0.2375 0.018055555555555554 0.0125
0 0.44722222222222224 0.326171875 0.027777777777777776 0.02890625
0 0.43472222222222223 0.71875 0.027777777777777776 0.015625
0 0.5465277777777777 0.723828125 0.029166666666666667 0.01015625
0 0.6291666666666667 0.8296875 0.03888888888888889 0.0296875
0 0.8402777777777778 0.629296875 0.03611111111111111 0.01953125
0 0.7152777777777778 0.630859375 0.03333333333333333 0.01015625
