0 0.5604166666666667 0.16640625 0.043055555555555555 0.0265625
0 0.03125 0.2125 0.043055555555555555 0.0234375
0 0.5555555555555556 0.185546875 0.05555555555555555 0.01484375
0 0.09305555555555556 0.395703125 0.041666666666666664 0.02421875
0 0.04236111111111111 0.398046875 0.029166666666666667 0.01953125
0 0.05277777777777778 0.294921875 0.03611111111111111 0.01484375
0 0.016666666666666666 0.391015625 0.027777777777777776 0.01796875
0 0.60625 0.43046875 0.043055555555555555 0.0203125
0 0.050694444444444445 0.420703125 0.04027777777777778 0.01640625
0 0.11666666666666667 0.423828125 0.03888888888888889 0.02109375
0 0.021527777777777778 0.468359375 0.034722222222222224 0.01640625
0 0.00625 0.453515625 0.009722222222222222 0.01484375
0 0.12430555555555556 0.526953125 0.03194444444444444 0.02421875
0 0.5534722222222223 0.541796875 0.043055555555555555 0.01015625
0 0.5583333333333333 0.634375 0.05277777777777778 0.03125
0 0.15694444444444444 0.586328125 0.05 0.02265625
0 0.33194444444444443 0.587890625 0.03888888888888889 0.01640625
0 0.34444444444444444 0.6421875 0.025 0.0234375
0 0.14027777777777778 0.642578125 0.022222222222222223 0.01484375
0 0.5388888888888889 0.72421875 0.044444444444444446 0.021875
0 0.18333333333333332 0.819140625 0.025 0.01953125
0 0.19930555555555557 0.844140625 0.02638888888888889 0.01796875
0 0.4013888888888889 0.91796875 0.06111111111111111 0.0328125
0 0.48680555555555555 0.84609375 0.0375 0.0390625
0 0.49027777777777776 0.775390625 0.03888888888888889 0.03359375
0 0.6548611111111111 0.780078125 0.0375 0.01953125
0 0.8388888888888889 0.809375 0.03888888888888889 0.025
0 0.8013888888888889 0.815234375 0.03611111111111111 0.01640625
0 0.9569444444444445 0.769921875 0.04722222222222222 0.02734375
0 0.6965277777777777 0.925 0.05138888888888889 0.025
0 0.63125 0.916796875 0.029166666666666667 0.01640625
0 0.17847222222222223 0.599609375 0.02361111111111111 0.01484375
0 0.39375 0.618359375 0.02638888888888889 0.01171875
0 0.19930555555555557 0.7546875 0.020833333333333332 0.0171875
0 0.7159722222222222 0.782421875 0.034722222222222224 0.01796875
0 0.48819444444444443 0.940625 0.0375 0.0203125
0 0.3298611111111111 0.987109375 0.0375 0.02421875
