0 0.7729166666666667 0.68359375 0.0625 0.025
0 0.7361111111111112 0.655078125 0.06111111111111111 0.03671875
0 0.2965277777777778 0.585546875 0.04027777777777778 0.02421875
0 0.2986111111111111 0.61171875 0.05 0.028125
0 0.2513888888888889 0.6078125 0.03888888888888889 0.0109375
0 0.6763888888888889 0.518359375 0.03888888888888889 0.02421875
0 0.7215277777777778 0.52265625 0.0375 0.0203125
0 0.9708333333333333 0.54453125 0.05277777777777778 0.025
0 0.9402777777777778 0.5046875 0.05277777777777778 0.015625
0 0.9770833333333333 0.489453125 0.04027777777777778 0.02109375
0 0.8645833333333334 0.50234375 0.0125 0.00625
0 0.9340277777777778 0.428125 0.05416666666666667 0.0296875
0 0.8465277777777778 0.383984375 0.05694444444444444 0.03046875
0 0.7909722222222222 0.411328125 0.043055555555555555 0.02421875
0 0.7548611111111111 0.4484375 0.0375 0.0203125
0 0.9145833333333333 0.389453125 0.02638888888888889 0.01484375
0 0.9479166666666666 0.3515625 0.04861111111111111 0.01875
0 0.6159722222222223 0.35390625 0.02361111111111111 0.015625
0 0.9916666666666667 0.35546875 0.011111111111111112 0.0171875
0 0.9791666666666666 0.337890625 0.03888888888888889 0.01640625
0 0.9645833333333333 0.321484375 0.04861111111111111 0.01171875
0 0.7305555555555555 0.282421875 0.025 0.01328125
0 0.9548611111111112 0.26328125 0.034722222222222224 0.0171875
0 0.8493055555555555 0.25234375 0.043055555555555555 0.0296875
0 0.8027777777777778 0.2671875 0.041666666666666664 0.0203125
0 0.7534722222222222 0.24921875 0.029166666666666667 0.0140625
0 0.8097222222222222 0.226171875 0.016666666666666666 0.01171875
0 0.8270833333333333 0.227734375 0.015277777777777777 0.01484375
0 0.7819444444444444 0.201953125 0.05277777777777778 0.02890625
0 0.7694444444444445 0.174609375 0.041666666666666664 0.01953125
0 0.825 0.177734375 0.044444444444444446 0.02578125
0 0.8513888888888889 0.192578125 0.027777777777777776 0.01328125
0 0.8215277777777777 0.200390625 0.029166666666666667 0.01953125
0 0.8513888888888889 0.155859375 0.05555555555555555 0.02890625
0 0.7930555555555555 0.0046875 0.041666666666666664 0.0078125
0 0.8659722222222223 0.046875 0.020833333333333332 0.034375
0 0.95 0.121484375 0.05 0.01953125
0 0.9722222222222222 0.15078125 0.05277777777777778 0.0234375
0 0.9590277777777778 0.2875 0.07361111111111111 0.03125
0 0.15694444444444444 0.39296875 0.022222222222222223 0.00625
0 0.6055555555555555 0.690234375 0.058333333333333334 0.02265625
