0 0.8048611111111111 0.065625 0.06805555555555555 0.0359375
0 0.8055555555555556 0.015234375 0.025 0.01015625
0 0.8090277777777778 0.003515625 0.02638888888888889 0.00546875
0 0.9486111111111111 0.014453125 0.04722222222222222 0.02734375
0 0.8840277777777777 0.0234375 0.029166666666666667 0.0109375
0 0.8555555555555555 0.026953125 0.05 0.01640625
0 0.85625 0.04296875 0.05416666666666667 0.0203125
0 0.6638888888888889 0.07890625 0.05555555555555555 0.03125
0 0.8277777777777777 0.08671875 0.027777777777777776 0.0140625
0 0.6104166666666667 0.11484375 0.04861111111111111 0.0296875
0 0.6423611111111112 0.153125 0.05138888888888889 0.0265625
0 0.70625 0.170703125 0.0375 0.02578125
0 0.9354166666666667 0.13515625 0.04583333333333333 0.021875
0 0.96875 0.16796875 0.059722222222222225 0.04375
0 0.8534722222222222 0.19453125 0.05416666666666667 0.0296875
0 0.9534722222222223 0.2484375 0.043055555555555555 0.015625
0 0.7256944444444444 0.2140625 0.0625 0.0421875
0 0.8104166666666667 0.256640625 0.05416666666666667 0.04140625
0 0.8916666666666667 0.269140625 0.025 0.01171875
0 0.6430555555555556 0.18671875 0.05 0.03125
0 0.6958333333333333 0.241015625 0.05 0.03203125
0 0.6027777777777777 0.241796875 0.05277777777777778 0.03203125
0 0.6277777777777778 0.212109375 0.030555555555555555 0.01796875
0 0.7236111111111111 0.313671875 0.041666666666666664 0.01953125
0 0.04861111111111111 0.26953125 0.06666666666666667 0.034375
0 0.07708333333333334 0.3 0.05694444444444444 0.03125
0 0.024305555555555556 0.298828125 0.04583333333333333 0.04140625
0 0.00625 0.33203125 0.0125 0.0265625
0 0.024305555555555556 0.3453125 0.03194444444444444 0.0125
0 0.5763888888888888 0.305859375 0.05277777777777778 0.03203125
0 0.5770833333333333 0.2609375 0.05416666666666667 0.03125
0 0.9409722222222222 0.36015625 0.07916666666666666 0.0359375
0 0.8861111111111111 0.368359375 0.022222222222222223 0.01796875
0 0.04652777777777778 0.419921875 0.04861111111111111 0.02578125
0 0.10138888888888889 0.417578125 0.06388888888888888 0.02734375
0 0.10486111111111111 0.4953125 0.05416666666666667 0.0234375
0 0.4527777777777778 0.432421875 0.03888888888888889 0.02421875
0 0.49722222222222223 0.42890625 0.04722222222222222 0.025
0 0.5381944444444444 0.42890625 0.0375 0.0203125
0 0.6270833333333333 0.436328125 0.05138888888888889 0.03046875
0 0.6131944444444445 0.338671875 0.0375 0.02265625
0 0.9125 0.425390625 0.06666666666666667 0.03828125
0 0.8694444444444445 0.46328125 0.058333333333333334 0.015625
0 0.8611111111111112 0.425390625 0.013888888888888888 0.01171875
0 0.2520833333333333 0.48046875 0.03194444444444444 0.0140625
0 0.30486111111111114 0.470703125 0.02638888888888889 0.01796875
0 0.46319444444444446 0.482421875 0.0375 0.01953125
0 0.5347222222222222 0.51015625 0.058333333333333334 0.0296875
0 0.6430555555555556 0.4859375 0.05277777777777778 0.021875
0 0.7041666666666667 0.459375 0.05555555555555555 0.0265625
0 0.07361111111111111 0.632421875 0.05 0.02734375
0 0.03958333333333333 0.57421875 0.02361111111111111 0.0109375
0 0.8013888888888889 0.499609375 0.04722222222222222 0.03203125
0 0.7097222222222223 0.489453125 0.03333333333333333 0.01328125
0 0.5291666666666667 0.607421875 0.04722222222222222 0.02578125
0 0.5659722222222222 0.59140625 0.05138888888888889 0.0234375
0 0.5881944444444445 0.587109375 0.04583333333333333 0.02890625
0 0.6222222222222222 0.58984375 0.019444444444444445 0.0140625
0 0.7743055555555556 0.628125 0.05416666666666667 0.0265625
0 0.8881944444444444 0.590625 0.034722222222222224 0.028125
0 0.3527777777777778 0.67578125 0.03888888888888889 0.0203125
0 0.3909722222222222 0.68125 0.04861111111111111 0.028125
0 0.44027777777777777 0.6921875 0.05555555555555555 0.025
0 0.4673611111111111 0.666796875 0.0625 0.02421875
0 0.5194444444444445 0.64140625 0.05555555555555555 0.028125
0 0.5118055555555555 0.70390625 0.05416666666666667 0.0359375
0 0.9701388888888889 0.6609375 0.05694444444444444 0.053125
0 0.8111111111111111 0.751171875 0.06666666666666667 0.03671875
0 0.5388888888888889 0.788671875 0.041666666666666664 0.03359375
0 0.7027777777777777 0.879296875 0.04722222222222222 0.03515625
0 0.9243055555555556 0.847265625 0.04861111111111111 0.02734375
0 0.9131944444444444 0.63515625 0.04861111111111111 0.0234375
0 0.8034722222222223 0.516796875 0.02361111111111111 0.01484375
