0 0.9180555555555555 0.7609375 0.058333333333333334 0.0390625
0 0.7479166666666667 0.593359375 0.034722222222222224 0.01796875
0 0.9881944444444445 0.59765625 0.020833333333333332 0.015625
0 0.6076388888888888 0.66328125 0.043055555555555555 0.015625
0 0.7694444444444445 0.5296875 0.019444444444444445 0.0109375
0 0.7958333333333333 0.508203125 0.041666666666666664 0.02421875
0 0.7340277777777777 0.502734375 0.04861111111111111 0.01640625
0 0.7770833333333333 0.492578125 0.034722222222222224 0.01953125
0 0.19652777777777777 0.498828125 0.02638888888888889 0.01484375
0 0.17708333333333334 0.495703125 0.0375 0.01796875
0 0.925 0.50234375 0.04722222222222222 0.025
0 0.9791666666666666 0.47734375 0.03333333333333333 0.01875
0 0.8194444444444444 0.476171875 0.016666666666666666 0.00859375
0 0.8166666666666667 0.4359375 0.03333333333333333 0.0203125
0 0.6625 0.437109375 0.022222222222222223 0.01171875
0 0.7555555555555555 0.441015625 0.030555555555555555 0.01484375
0 0.7597222222222222 0.425 0.03611111111111111 0.01875
0 0.7291666666666666 0.359375 0.04722222222222222 0.0296875
0 0.8930555555555556 0.3375 0.04722222222222222 0.021875
0 0.7930555555555555 0.376171875 0.03611111111111111 0.02578125
0 0.8069444444444445 0.30703125 0.03888888888888889 0.021875
0 0.8222222222222222 0.3140625 0.041666666666666664 0.0265625
0 0.9402777777777778 0.267578125 0.022222222222222223 0.01484375
0 0.8944444444444445 0.272265625 0.044444444444444446 0.02890625
0 0.8506944444444444 0.277734375 0.04027777777777778 0.02578125
0 0.7881944444444444 0.290625 0.034722222222222224 0.0265625
0 0.7555555555555555 0.280859375 0.05277777777777778 0.02734375
0 0.21458333333333332 0.2625 0.034722222222222224 0.025
0 0.25069444444444444 0.27109375 0.0375 0.01875
0 0.7263888888888889 0.236328125 0.044444444444444446 0.02578125
0 0.7993055555555556 0.1921875 0.0375 0.0265625
0 0.8347222222222223 0.189453125 0.030555555555555555 0.03359375
0 0.014583333333333334 0.11953125 0.029166666666666667 0.028125
0 0.006944444444444444 0.13671875 0.011111111111111112 0.0109375
0 0.010416666666666666 0.174609375 0.0125 0.01484375
0 0.1951388888888889 0.193359375 0.04027777777777778 0.02421875
0 0.9034722222222222 0.082421875 0.05416666666666667 0.03203125
0 0.9791666666666666 0.769140625 0.03611111111111111 0.02109375
0 0.9770833333333333 0.833203125 0.029166666666666667 0.01171875
