0 0.5375 0.41640625 0.025 0.0171875
0 0.5666666666666667 0.4140625 0.03611111111111111 0.01875
0 0.5118055555555555 0.4703125 0.05138888888888889 0.0265625
0 0.4826388888888889 0.486328125 0.04027777777777778 0.01640625
0 0.5180555555555556 0.54921875 0.019444444444444445 0.0125
0 0.6 0.537890625 0.044444444444444446 0.02734375
0 0.6284722222222222 0.524609375 0.04583333333333333 0.02421875
0 0.6729166666666667 0.6015625 0.05416666666666667 0.0265625
0 0.5305555555555556 0.609765625 0.06111111111111111 0.02421875
0 0.5902777777777778 0.63125 0.05277777777777778 0.025
0 0.23472222222222222 0.7 0.044444444444444446 0.0296875
0 0.29444444444444445 0.715625 0.044444444444444446 0.0265625
0 0.4625 0.656640625 0.041666666666666664 0.01796875
0 0.5486111111111112 0.6734375 0.025 0.0140625
0 0.5256944444444445 0.7328125 0.034722222222222224 0.025
0 0.6513888888888889 0.651171875 0.044444444444444446 0.02265625
0 0.7333333333333333 0.660546875 0.044444444444444446 0.03359375
0 0.7638888888888888 0.684375 0.05 0.021875
0 0.7840277777777778 0.641015625 0.04861111111111111 0.01796875
0 0.5513888888888889 0.438671875 0.025 0.01953125
0 0.60625 0.4578125 0.0375 0.025
0 0.13333333333333333 0.56640625 0.03888888888888889 0.025
0 0.12430555555555556 0.51875 0.03194444444444444 0.0234375
0 0.08888888888888889 0.233203125 0.06111111111111111 0.03359375
0 0.5486111111111112 0.491015625 0.03888888888888889 0.01796875
0 0.6041666666666666 0.498828125 0.041666666666666664 0.02578125
0 0.08611111111111111 0.52265625 0.05277777777777778 0.0328125
0 0.07847222222222222 0.73671875 0.04583333333333333 0.03125
0 0.47847222222222224 0.73046875 0.020833333333333332 0.0203125
0 0.04861111111111111 0.214453125 0.03333333333333333 0.02109375
0 0.12222222222222222 0.548828125 0.027777777777777776 0.01484375
0 0.013194444444444444 0.555078125 0.02361111111111111 0.02265625
0 0.05763888888888889 0.563671875 0.02638888888888889 0.01640625
0 0.07013888888888889 0.7 0.05138888888888889 0.028125
0 0.02638888888888889 0.703515625 0.03333333333333333 0.02890625
0 0.007638888888888889 0.659375 0.015277777777777777 0.01875
