0 0.42986111111111114 0.33671875 0.034722222222222224 0.0203125
0 0.17777777777777778 0.530078125 0.025 0.01640625
0 0.35 0.312109375 0.03333333333333333 0.01484375
0 0.37777777777777777 0.33671875 0.030555555555555555 0.0171875
0 0.36736111111111114 0.353125 0.034722222222222224 0.0140625
0 0.41944444444444445 0.361328125 0.027777777777777776 0.01953125
0 0.2777777777777778 0.33359375 0.027777777777777776 0.0140625
0 0.32708333333333334 0.322265625 0.018055555555555554 0.01796875
0 0.10625 0.482421875 0.02638888888888889 0.02109375
0 0.29930555555555555 0.391796875 0.02361111111111111 0.01171875
0 0.12569444444444444 0.288671875 0.029166666666666667 0.01796875
0 0.19930555555555557 0.21015625 0.034722222222222224 0.01875
0 0.07152777777777777 0.184375 0.03194444444444444 0.015625
0 0.04375 0.178125 0.02638888888888889 0.0140625
0 0.02847222222222222 0.3234375 0.03194444444444444 0.0171875
0 0.10138888888888889 0.271875 0.03333333333333333 0.01875
0 0.09722222222222222 0.28671875 0.022222222222222223 0.015625
0 0.4986111111111111 0.473828125 0.025 0.01015625
0 0.3125 0.228515625 0.027777777777777776 0.01328125
0 0.2659722222222222 0.263671875 0.015277777777777777 0.00859375
0 0.5256944444444445 0.36640625 0.02361111111111111 0.0140625
0 0.009722222222222222 0.266015625 0.016666666666666666 0.01484375
0 0.019444444444444445 0.342578125 0.03333333333333333 0.01640625
0 0.05138888888888889 0.368359375 0.030555555555555555 0.01796875
0 0.09027777777777778 0.362890625 0.025 0.01171875
0 0.4083333333333333 0.29609375 0.027777777777777776 0.0125
0 0.6291666666666667 0.3890625 0.016666666666666666 0.0125
0 0.5895833333333333 0.455859375 0.02638888888888889 0.00859375
0 0.6319444444444444 0.4546875 0.030555555555555555 0.0234375
0 0.6555555555555556 0.392578125 0.022222222222222223 0.01484375
0 0.18888888888888888 0.4625 0.03888888888888889 0.015625
0 0.19722222222222222 0.48203125 0.044444444444444446 0.0234375
0 0.20625 0.495703125 0.029166666666666667 0.01484375
0 0.1673611111111111 0.5171875 0.029166666666666667 0.0125
0 0.18888888888888888 0.534765625 0.027777777777777776 0.01640625
0 0.325 0.580078125 0.022222222222222223 0.01484375
