0 0.5951388888888889 0.06875 0.05694444444444444 0.0390625
0 0.4888888888888889 0.152734375 0.058333333333333334 0.02734375
0 0.5152777777777777 0.174609375 0.058333333333333334 0.03046875
0 0.5541666666666667 0.17890625 0.04722222222222222 0.0375
0 0.60625 0.17421875 0.06527777777777778 0.040625
0 0.56875 0.201171875 0.0375 0.01953125
0 0.6340277777777777 0.305078125 0.08194444444444444 0.03046875
0 0.6430555555555556 0.324609375 0.06388888888888888 0.01796875
0 0.6909722222222222 0.3265625 0.04583333333333333 0.025
0 0.7041666666666667 0.35078125 0.06111111111111111 0.0265625
0 0.6284722222222222 0.3484375 0.059722222222222225 0.0203125
0 0.5909722222222222 0.37265625 0.07361111111111111 0.040625
0 0.5 0.398828125 0.06111111111111111 0.03046875
0 0.4861111111111111 0.42421875 0.06944444444444445 0.034375
0 0.55 0.430078125 0.027777777777777776 0.02109375
0 0.5340277777777778 0.4609375 0.05416666666666667 0.0234375
0 0.7375 0.449609375 0.06944444444444445 0.02421875
0 0.5555555555555556 0.509765625 0.05277777777777778 0.03671875
0 0.6166666666666667 0.508984375 0.07222222222222222 0.04296875
0 0.6798611111111111 0.530078125 0.07083333333333333 0.03203125
0 0.7576388888888889 0.518359375 0.07916666666666666 0.03515625
0 0.40555555555555556 0.581640625 0.07777777777777778 0.03203125
0 0.6097222222222223 0.601953125 0.06944444444444445 0.03984375
0 0.44027777777777777 0.62734375 0.06666666666666667 0.0296875
0 0.5805555555555556 0.6484375 0.08611111111111111 0.040625
0 0.48333333333333334 0.621875 0.030555555555555555 0.0140625
0 0.6840277777777778 0.62265625 0.07083333333333333 0.0375
0 0.6333333333333333 0.63671875 0.041666666666666664 0.028125
0 0.70625 0.650390625 0.05416666666666667 0.02734375
0 0.7576388888888889 0.65625 0.04583333333333333 0.0390625
0 0.6763888888888889 0.70625 0.06666666666666667 0.0453125
0 0.5520833333333334 0.68046875 0.0625 0.034375
0 0.6284722222222222 0.6953125 0.043055555555555555 0.04375
0 0.6972222222222222 0.812890625 0.06666666666666667 0.04765625
0 0.325 0.901171875 0.06666666666666667 0.04140625
0 0.47638888888888886 0.883984375 0.04722222222222222 0.03203125
0 0.11458333333333333 0.883984375 0.08472222222222223 0.03046875
0 0.30972222222222223 0.7859375 0.08333333333333333 0.028125
0 0.8083333333333333 0.59765625 0.06666666666666667 0.03125
