0 0.46805555555555556 0.174609375 0.041666666666666664 0.02421875
0 0.2548611111111111 0.336328125 0.034722222222222224 0.02109375
0 0.28888888888888886 0.341015625 0.030555555555555555 0.01484375
0 0.28402777777777777 0.411328125 0.04583333333333333 0.02578125
0 0.2951388888888889 0.442578125 0.034722222222222224 0.01953125
0 0.2375 0.524609375 0.03333333333333333 0.02109375
0 0.2673611111111111 0.53359375 0.02638888888888889 0.0109375
0 0.2916666666666667 0.5265625 0.013888888888888888 0.0078125
0 0.26180555555555557 0.6375 0.04583333333333333 0.025
0 0.1375 0.42890625 0.013888888888888888 0.0109375
0 0.07361111111111111 0.50859375 0.013888888888888888 0.0078125
0 0.46805555555555556 0.432421875 0.03611111111111111 0.01640625
0 0.5131944444444444 0.412890625 0.02638888888888889 0.01328125
0 0.27708333333333335 0.5828125 0.03194444444444444 0.01875
0 0.5784722222222223 0.373828125 0.02361111111111111 0.01484375
0 0.6229166666666667 0.37265625 0.034722222222222224 0.01875
0 0.6784722222222223 0.40703125 0.04027777777777778 0.028125
0 0.6020833333333333 0.38828125 0.015277777777777777 0.0109375
0 0.8722222222222222 0.5359375 0.025 0.009375
0 0.7701388888888889 0.64140625 0.020833333333333332 0.0171875
0 0.08472222222222223 0.481640625 0.022222222222222223 0.01796875
0 0.03888888888888889 0.525 0.044444444444444446 0.01875
0 0.1986111111111111 0.4296875 0.030555555555555555 0.0234375
0 0.6104166666666667 0.6546875 0.018055555555555554 0.01875
0 0.49236111111111114 0.715234375 0.04583333333333333 0.01328125
0 0.9034722222222222 0.65 0.029166666666666667 0.0171875
0 0.8631944444444445 0.638671875 0.04027777777777778 0.02109375
0 0.9020833333333333 0.63046875 0.05416666666666667 0.0171875
0 0.8388888888888889 0.608984375 0.03888888888888889 0.01328125
0 0.6520833333333333 0.593359375 0.018055555555555554 0.01484375
0 0.23680555555555555 0.60078125 0.059722222222222225 0.0296875
