0 0.9465277777777777 0.515625 0.029166666666666667 0.0203125
0 0.9513888888888888 0.45234375 0.05 0.01875
0 0.8965277777777778 0.40078125 0.043055555555555555 0.01875
0 0.36944444444444446 0.38515625 0.03333333333333333 0.0203125
0 0.46319444444444446 0.39140625 0.03194444444444444 0.0140625
0 0.6194444444444445 0.2921875 0.05277777777777778 0.028125
0 0.7409722222222223 0.31328125 0.03194444444444444 0.01875
0 0.7597222222222222 0.3 0.027777777777777776 0.0203125
0 0.7055555555555556 0.358203125 0.016666666666666666 0.02265625
0 0.90625 0.5359375 0.034722222222222224 0.0125
