0 0.54375 0.18359375 0.043055555555555555 0.0234375
0 0.4625 0.204296875 0.03611111111111111 0.02734375
0 0.3840277777777778 0.20546875 0.018055555555555554 0.009375
0 0.41597222222222224 0.226171875 0.018055555555555554 0.01328125
0 0.43333333333333335 0.220703125 0.016666666666666666 0.00859375
0 0.5319444444444444 0.259765625 0.041666666666666664 0.02109375
0 0.46111111111111114 0.266015625 0.03888888888888889 0.02578125
0 0.42777777777777776 0.270703125 0.041666666666666664 0.02734375
0 0.4395833333333333 0.309765625 0.05416666666666667 0.03046875
0 0.55 0.311328125 0.041666666666666664 0.02734375
0 0.3736111111111111 0.3125 0.03888888888888889 0.0265625
0 0.39791666666666664 0.346484375 0.04027777777777778 0.02421875
0 0.5201388888888889 0.338671875 0.03194444444444444 0.01796875
0 0.43333333333333335 0.348828125 0.022222222222222223 0.01171875
0 0.5034722222222222 0.395703125 0.05694444444444444 0.02890625
0 0.37222222222222223 0.376953125 0.05 0.02578125
0 0.32708333333333334 0.38984375 0.04583333333333333 0.021875
0 0.5041666666666667 0.42265625 0.03611111111111111 0.0234375
0 0.6083333333333333 0.434765625 0.041666666666666664 0.02734375
0 0.43680555555555556 0.45 0.043055555555555555 0.025
0 0.34652777777777777 0.408203125 0.02361111111111111 0.01796875
0 0.3236111111111111 0.44921875 0.04722222222222222 0.01875
0 0.5451388888888888 0.468359375 0.043055555555555555 0.02421875
0 0.5076388888888889 0.47578125 0.029166666666666667 0.0203125
0 0.39861111111111114 0.48125 0.044444444444444446 0.0203125
0 0.30972222222222223 0.4765625 0.041666666666666664 0.028125
0 0.4340277777777778 0.516015625 0.04027777777777778 0.02265625
0 0.44305555555555554 0.536328125 0.030555555555555555 0.01953125
0 0.45208333333333334 0.55703125 0.03194444444444444 0.0203125
0 0.71875 0.521875 0.04027777777777778 0.021875
0 0.6916666666666667 0.5078125 0.03611111111111111 0.0171875
0 0.7034722222222223 0.5625 0.034722222222222224 0.01875
0 0.65625 0.54921875 0.02361111111111111 0.0203125
0 0.6305555555555555 0.531640625 0.03333333333333333 0.01484375
0 0.5388888888888889 0.609765625 0.041666666666666664 0.02109375
0 0.47847222222222224 0.595703125 0.03194444444444444 0.01171875
0 0.6902777777777778 0.616796875 0.03333333333333333 0.01328125
0 0.8131944444444444 0.615234375 0.0375 0.02421875
0 0.40069444444444446 0.7078125 0.043055555555555555 0.0296875
0 0.6361111111111111 0.589453125 0.03888888888888889 0.01640625
0 0.48194444444444445 0.389453125 0.03611111111111111 0.01796875
0 0.37083333333333335 0.48671875 0.019444444444444445 0.01875
0 0.22916666666666666 0.49609375 0.027777777777777776 0.015625
0 0.41597222222222224 0.7375 0.020833333333333332 0.021875
0 0.5104166666666666 0.70390625 0.018055555555555554 0.009375
0 0.6006944444444444 0.746875 0.04027777777777778 0.0171875
0 0.5993055555555555 0.815625 0.04861111111111111 0.0359375
0 0.6527777777777778 0.641796875 0.019444444444444445 0.01640625
0 0.5888888888888889 0.498046875 0.025 0.01640625
