0 0.35208333333333336 0.128515625 0.06805555555555555 0.03984375
0 0.2902777777777778 0.174609375 0.05277777777777778 0.03203125
0 0.21458333333333332 0.19453125 0.043055555555555555 0.0265625
0 0.2638888888888889 0.170703125 0.03333333333333333 0.03046875
0 0.17708333333333334 0.19765625 0.05694444444444444 0.0328125
0 0.1451388888888889 0.219921875 0.04861111111111111 0.03046875
0 0.16527777777777777 0.24609375 0.04722222222222222 0.01875
0 0.2673611111111111 0.219140625 0.0625 0.03359375
0 0.3951388888888889 0.203515625 0.04583333333333333 0.02265625
0 0.4125 0.226953125 0.05 0.01953125
0 0.2111111111111111 0.276953125 0.05555555555555555 0.02734375
0 0.16527777777777777 0.294921875 0.03888888888888889 0.02265625
0 0.20555555555555555 0.29609375 0.030555555555555555 0.015625
0 0.38055555555555554 0.29609375 0.044444444444444446 0.0265625
0 0.4270833333333333 0.355078125 0.04861111111111111 0.02734375
0 0.46597222222222223 0.358203125 0.04027777777777778 0.02578125
0 0.17569444444444443 0.325390625 0.0625 0.03203125
0 0.20069444444444445 0.34296875 0.02638888888888889 0.0140625
0 0.23680555555555555 0.34140625 0.029166666666666667 0.0171875
0 0.18333333333333332 0.355859375 0.030555555555555555 0.01484375
0 0.10069444444444445 0.344140625 0.03194444444444444 0.02734375
0 0.23680555555555555 0.375390625 0.05416666666666667 0.02421875
0 0.39305555555555555 0.434375 0.05277777777777778 0.0265625
0 0.1736111111111111 0.426171875 0.06111111111111111 0.03359375
0 0.31180555555555556 0.4609375 0.043055555555555555 0.0296875
0 0.3701388888888889 0.4625 0.04861111111111111 0.0265625
0 0.19722222222222222 0.45546875 0.044444444444444446 0.028125
0 0.09513888888888888 0.46015625 0.04583333333333333 0.0234375
0 0.13680555555555557 0.453125 0.043055555555555555 0.025
0 0.30277777777777776 0.520703125 0.03333333333333333 0.01796875
0 0.4875 0.53984375 0.05 0.034375
0 0.29791666666666666 0.623046875 0.02638888888888889 0.01796875
0 0.5270833333333333 0.644921875 0.05694444444444444 0.03046875
0 0.5069444444444444 0.67109375 0.044444444444444446 0.0234375
0 0.9347222222222222 0.426171875 0.044444444444444446 0.03203125
0 0.95625 0.378515625 0.059722222222222225 0.03359375
0 0.8548611111111111 0.646484375 0.05138888888888889 0.03984375
0 0.9354166666666667 0.633203125 0.05694444444444444 0.02890625
0 0.8986111111111111 0.555078125 0.05 0.03671875
0 0.4722222222222222 0.477734375 0.06111111111111111 0.03515625
0 0.6694444444444444 0.545703125 0.044444444444444446 0.02578125
0 0.6916666666666667 0.608203125 0.06388888888888888 0.03046875
0 0.9680555555555556 0.5828125 0.05555555555555555 0.028125
0 0.9840277777777777 0.369140625 0.029166666666666667 0.02734375
0 0.12916666666666668 0.69453125 0.04722222222222222 0.01875
