0 0.3680555555555556 0.053515625 0.044444444444444446 0.01953125
0 0.41805555555555557 0.05703125 0.03333333333333333 0.0296875
0 0.3486111111111111 0.084375 0.05555555555555555 0.0328125
0 0.4201388888888889 0.08671875 0.04027777777777778 0.0296875
0 0.2298611111111111 0.1203125 0.05416666666666667 0.021875
0 0.24166666666666667 0.1609375 0.05 0.0359375
0 0.2659722222222222 0.202734375 0.05416666666666667 0.03046875
0 0.2701388888888889 0.222265625 0.029166666666666667 0.01640625
0 0.2263888888888889 0.22734375 0.06111111111111111 0.025
0 0.44166666666666665 0.166796875 0.03888888888888889 0.02890625
0 0.34930555555555554 0.251171875 0.04583333333333333 0.02109375
0 0.4673611111111111 0.271875 0.043055555555555555 0.03125
0 0.50625 0.280078125 0.05138888888888889 0.02890625
0 0.8833333333333333 0.229296875 0.044444444444444446 0.02265625
0 0.8902777777777777 0.250390625 0.044444444444444446 0.02265625
0 0.9291666666666667 0.259375 0.041666666666666664 0.0171875
0 0.06944444444444445 0.3859375 0.06388888888888888 0.0296875
0 0.13125 0.43671875 0.05416666666666667 0.03125
0 0.21319444444444444 0.445703125 0.06527777777777778 0.02734375
0 0.1875 0.469140625 0.03888888888888889 0.02109375
0 0.225 0.476171875 0.041666666666666664 0.01953125
0 0.33125 0.38359375 0.043055555555555555 0.028125
0 0.37569444444444444 0.388671875 0.04583333333333333 0.02109375
0 0.3277777777777778 0.44375 0.05 0.0234375
0 0.3597222222222222 0.462890625 0.05555555555555555 0.03046875
0 0.39861111111111114 0.46875 0.05 0.021875
0 0.4340277777777778 0.474609375 0.04861111111111111 0.02890625
0 0.3909722222222222 0.483984375 0.0375 0.01328125
0 0.27361111111111114 0.523828125 0.05555555555555555 0.02734375
0 0.5222222222222223 0.483203125 0.03888888888888889 0.02265625
0 0.5520833333333334 0.470703125 0.0375 0.01953125
0 0.8958333333333334 0.38203125 0.05277777777777778 0.0296875
0 0.9395833333333333 0.399609375 0.05138888888888889 0.02890625
0 0.9840277777777777 0.51953125 0.029166666666666667 0.0296875
0 0.6215277777777778 0.523828125 0.03194444444444444 0.01171875
0 0.3611111111111111 0.590625 0.05555555555555555 0.03125
0 0.21805555555555556 0.559375 0.05 0.028125
0 0.13402777777777777 0.6359375 0.04583333333333333 0.0234375
0 0.32083333333333336 0.60390625 0.06944444444444445 0.028125
0 0.21388888888888888 0.57578125 0.04722222222222222 0.021875
0 0.25625 0.567578125 0.02638888888888889 0.01953125
0 0.4152777777777778 0.71796875 0.058333333333333334 0.0359375
0 0.45 0.773046875 0.06111111111111111 0.02734375
0 0.39652777777777776 0.11796875 0.02361111111111111 0.015625
0 0.08333333333333333 0.413671875 0.044444444444444446 0.01328125
0 0.8902777777777777 0.269921875 0.027777777777777776 0.01328125
0 0.15138888888888888 0.188671875 0.03888888888888889 0.02734375
0 0.98125 0.4 0.034722222222222224 0.025
0 0.25416666666666665 0.494921875 0.019444444444444445 0.01640625
0 0.3104166666666667 0.477734375 0.009722222222222222 0.01796875
