0 0.11041666666666666 0.412109375 0.029166666666666667 0.01640625
0 0.1361111111111111 0.4453125 0.030555555555555555 0.0234375
0 0.09513888888888888 0.429296875 0.02361111111111111 0.01640625
0 0.05555555555555555 0.4171875 0.025 0.01875
0 0.050694444444444445 0.697265625 0.02361111111111111 0.01640625
0 0.2465277777777778 0.60859375 0.0125 0.009375
0 0.25555555555555554 0.6296875 0.03333333333333333 0.0109375
0 0.2513888888888889 0.64140625 0.016666666666666666 0.00625
0 0.3263888888888889 0.67265625 0.019444444444444445 0.0125
0 0.46805555555555556 0.654296875 0.013888888888888888 0.00859375
0 0.5465277777777777 0.647265625 0.029166666666666667 0.01953125
0 0.5680555555555555 0.6171875 0.019444444444444445 0.0140625
0 0.6402777777777777 0.62734375 0.030555555555555555 0.0171875
0 0.5097222222222222 0.5953125 0.011111111111111112 0.015625
0 0.4354166666666667 0.5484375 0.020833333333333332 0.009375
0 0.5222222222222223 0.544140625 0.013888888888888888 0.00703125
0 0.6527777777777778 0.567578125 0.016666666666666666 0.01484375
0 0.6631944444444444 0.555078125 0.018055555555555554 0.01171875
0 0.6881944444444444 0.530859375 0.02638888888888889 0.01328125
0 0.6784722222222223 0.509765625 0.02638888888888889 0.01171875
0 0.7097222222222223 0.50625 0.011111111111111112 0.0046875
0 0.7993055555555556 0.4640625 0.015277777777777777 0.0109375
0 0.7305555555555555 0.411328125 0.019444444444444445 0.01328125
0 0.8916666666666667 0.54453125 0.013888888888888888 0.015625
0 0.9965277777777778 0.655078125 0.004166666666666667 0.00546875
0 0.7951388888888888 0.584765625 0.015277777777777777 0.00703125
0 0.7465277777777778 0.598046875 0.02361111111111111 0.01796875
0 0.7222222222222222 0.587109375 0.016666666666666666 0.01484375
0 0.6652777777777777 0.573046875 0.013888888888888888 0.00546875
0 0.9923611111111111 0.396484375 0.009722222222222222 0.00546875
0 0.8958333333333334 0.368359375 0.03888888888888889 0.02265625
0 0.8270833333333333 0.361328125 0.018055555555555554 0.01640625
0 0.7097222222222223 0.36015625 0.025 0.0171875
0 0.8166666666666667 0.337890625 0.016666666666666666 0.00703125
0 0.7291666666666666 0.316015625 0.025 0.01171875
0 0.6270833333333333 0.326953125 0.02361111111111111 0.01484375
0 0.6097222222222223 0.34296875 0.027777777777777776 0.0125
0 0.5826388888888889 0.336328125 0.018055555555555554 0.01328125
0 0.5631944444444444 0.311328125 0.009722222222222222 0.01328125
0 0.5229166666666667 0.38984375 0.009722222222222222 0.0140625
0 0.8875 0.151953125 0.025 0.01171875
0 0.95 0.16875 0.011111111111111112 0.0109375
0 0.9215277777777777 0.17890625 0.020833333333333332 0.0171875
0 0.9888888888888889 0.228515625 0.019444444444444445 0.01484375
0 0.93125 0.213671875 0.029166666666666667 0.01484375
0 0.8236111111111111 0.20703125 0.013888888888888888 0.0078125
0 0.8104166666666667 0.22265625 0.029166666666666667 0.01875
0 0.8388888888888889 0.2265625 0.025 0.015625
0 0.6840277777777778 0.480078125 0.02638888888888889 0.01484375
0 0.013888888888888888 0.41953125 0.025 0.0140625
0 0.8034722222222223 0.31640625 0.020833333333333332 0.0109375
0 0.7916666666666666 0.32109375 0.025 0.009375
0 0.8868055555555555 0.387109375 0.029166666666666667 0.01953125
0 0.79375 0.42421875 0.018055555555555554 0.021875
0 0.8381944444444445 0.414453125 0.03194444444444444 0.01953125
0 0.9826388888888888 0.353125 0.02638888888888889 0.015625
0 0.8944444444444445 0.201953125 0.027777777777777776 0.01171875
0 0.8972222222222223 0.21796875 0.025 0.0125
0 0.8888888888888888 0.233984375 0.022222222222222223 0.01484375
0 0.9395833333333333 0.25703125 0.020833333333333332 0.0125
0 0.925 0.546484375 0.03333333333333333 0.01484375
0 0.9361111111111111 0.56015625 0.025 0.015625
0 0.12222222222222222 0.628515625 0.016666666666666666 0.01640625
0 0.04236111111111111 0.593359375 0.03194444444444444 0.02109375
0 0.37777777777777777 0.56328125 0.025 0.0140625
0 0.7166666666666667 0.640625 0.025 0.01875
0 0.9777777777777777 0.65078125 0.025 0.015625
0 0.9805555555555555 0.623828125 0.022222222222222223 0.01484375
0 0.9861111111111112 0.566015625 0.013888888888888888 0.01640625
0 0.7722222222222223 0.479296875 0.019444444444444445 0.01015625
