0 0.49166666666666664 0.490234375 0.03611111111111111 0.02421875
0 0.5479166666666667 0.515234375 0.05416666666666667 0.02578125
0 0.49722222222222223 0.519921875 0.027777777777777776 0.01796875
0 0.45902777777777776 0.54921875 0.0375 0.01875
0 0.4513888888888889 0.608203125 0.04722222222222222 0.01640625
0 0.5236111111111111 0.626171875 0.05277777777777778 0.02578125
0 0.3548611111111111 0.64375 0.029166666666666667 0.0203125
0 0.42430555555555555 0.662109375 0.03194444444444444 0.01640625
0 0.5479166666666667 0.665625 0.034722222222222224 0.0234375
0 0.4340277777777778 0.634765625 0.018055555555555554 0.00859375
0 0.8513888888888889 0.68359375 0.044444444444444446 0.0265625
0 0.8111111111111111 0.7125 0.03611111111111111 0.0234375
0 0.6576388888888889 0.6765625 0.04027777777777778 0.015625
0 0.6319444444444444 0.728515625 0.03611111111111111 0.01484375
0 0.9784722222222222 0.2640625 0.04027777777777778 0.0296875
0 0.9875 0.6015625 0.022222222222222223 0.025
0 0.9243055555555556 0.653515625 0.034722222222222224 0.01484375
0 0.9743055555555555 0.66640625 0.029166666666666667 0.0203125
0 0.9833333333333333 0.7015625 0.030555555555555555 0.0203125
0 0.9861111111111112 0.73515625 0.025 0.015625
0 0.4736111111111111 0.660546875 0.030555555555555555 0.02109375
