0 0.6388888888888888 0.357421875 0.03611111111111111 0.01796875
0 0.5729166666666666 0.328515625 0.0375 0.01953125
0 0.5611111111111111 0.4578125 0.03611111111111111 0.0203125
0 0.7131944444444445 0.45859375 0.034722222222222224 0.021875
0 0.3701388888888889 0.578515625 0.05138888888888889 0.02734375
0 0.4284722222222222 0.613671875 0.043055555555555555 0.01953125
0 0.5166666666666667 0.45625 0.030555555555555555 0.0203125
0 0.8194444444444444 0.626171875 0.027777777777777776 0.02421875
0 0.85 0.628515625 0.025 0.01640625
0 0.9236111111111112 0.632421875 0.03333333333333333 0.02109375
0 0.40069444444444446 0.36015625 0.02638888888888889 0.0140625
0 0.7791666666666667 0.320703125 0.03888888888888889 0.01484375
0 0.027083333333333334 0.5859375 0.034722222222222224 0.0140625
0 0.15555555555555556 0.623046875 0.022222222222222223 0.01796875
0 0.7194444444444444 0.525390625 0.030555555555555555 0.01640625
0 0.6180555555555556 0.364453125 0.03333333333333333 0.01953125
0 0.5506944444444445 0.345703125 0.02361111111111111 0.01328125
0 0.6597222222222222 0.362109375 0.019444444444444445 0.01171875
0 0.6090277777777777 0.4546875 0.03194444444444444 0.01875
0 0.7236111111111111 0.5046875 0.03333333333333333 0.025
0 0.6861111111111111 0.49453125 0.016666666666666666 0.015625
0 0.19444444444444445 0.633203125 0.03888888888888889 0.01796875
0 0.13541666666666666 0.570703125 0.034722222222222224 0.01328125
0 0.013888888888888888 0.60078125 0.025 0.0140625
0 0.4951388888888889 0.5375 0.034722222222222224 0.0234375
0 0.5972222222222222 0.39375 0.030555555555555555 0.0140625
0 0.5631944444444444 0.65625 0.04583333333333333 0.021875
0 0.8534722222222222 0.640234375 0.04861111111111111 0.01796875
0 0.8923611111111112 0.6203125 0.02638888888888889 0.0109375
0 0.6513888888888889 0.54375 0.027777777777777776 0.0171875
0 0.34652777777777777 0.548828125 0.018055555555555554 0.00859375
0 0.059722222222222225 0.61953125 0.03611111111111111 0.0265625
0 0.4527777777777778 0.623046875 0.041666666666666664 0.01484375
0 0.37777777777777777 0.490234375 0.030555555555555555 0.01640625
