0 0.4652777777777778 0.040625 0.044444444444444446 0.025
0 0.4847222222222222 0.0453125 0.030555555555555555 0.025
0 0.45902777777777776 0.058203125 0.04583333333333333 0.02265625
0 0.5319444444444444 0.040234375 0.030555555555555555 0.02578125
0 0.5569444444444445 0.06796875 0.041666666666666664 0.01875
0 0.4951388888888889 0.083203125 0.0375 0.02578125
0 0.5361111111111111 0.079296875 0.016666666666666666 0.01484375
0 0.5069444444444444 0.096875 0.041666666666666664 0.021875
0 0.5590277777777778 0.0921875 0.03194444444444444 0.021875
0 0.46319444444444446 0.1296875 0.03194444444444444 0.0234375
0 0.5659722222222222 0.174609375 0.034722222222222224 0.02578125
0 0.4708333333333333 0.195703125 0.041666666666666664 0.02265625
0 0.5180555555555556 0.175 0.03333333333333333 0.025
0 0.5902777777777778 0.1359375 0.05 0.0265625
0 0.3819444444444444 0.23046875 0.041666666666666664 0.0234375
0 0.44166666666666665 0.17890625 0.030555555555555555 0.0203125
0 0.5097222222222222 0.192578125 0.03333333333333333 0.01953125
0 0.4909722222222222 0.22265625 0.03194444444444444 0.0203125
0 0.5909722222222222 0.241015625 0.03194444444444444 0.01484375
0 0.6104166666666667 0.25078125 0.03194444444444444 0.0171875
0 0.5819444444444445 0.251171875 0.022222222222222223 0.01328125
0 0.3020833333333333 0.266796875 0.05138888888888889 0.03203125
0 0.44375 0.266015625 0.029166666666666667 0.01796875
0 0.70625 0.40546875 0.04861111111111111 0.03125
0 0.6840277777777778 0.39609375 0.0375 0.0234375
0 0.6916666666666667 0.423828125 0.030555555555555555 0.01640625
0 0.4625 0.274609375 0.025 0.01484375
0 0.30625 0.38125 0.034722222222222224 0.025
0 0.375 0.375390625 0.041666666666666664 0.02109375
0 0.4173611111111111 0.3359375 0.018055555555555554 0.0140625
0 0.63125 0.366796875 0.043055555555555555 0.02734375
0 0.6326388888888889 0.3890625 0.04583333333333333 0.021875
0 0.6541666666666667 0.40546875 0.03611111111111111 0.0234375
0 0.44930555555555557 0.430078125 0.029166666666666667 0.02578125
0 0.6173611111111111 0.52109375 0.05138888888888889 0.0234375
0 0.3840277777777778 0.48125 0.043055555555555555 0.028125
0 0.41597222222222224 0.477734375 0.034722222222222224 0.02734375
0 0.6340277777777777 0.594921875 0.0375 0.02734375
0 0.5013888888888889 0.378125 0.022222222222222223 0.009375
0 0.5027777777777778 0.3875 0.016666666666666666 0.0078125
0 0.5201388888888889 0.488671875 0.0375 0.02109375
0 0.61875 0.641015625 0.05416666666666667 0.02734375
0 0.5909722222222222 0.701953125 0.04583333333333333 0.02578125
0 0.6326388888888889 0.7 0.043055555555555555 0.0265625
0 0.42986111111111114 0.63125 0.0375 0.0171875
0 0.9347222222222222 0.46015625 0.03611111111111111 0.0140625
0 0.9854166666666667 0.45078125 0.02638888888888889 0.0140625
0 0.5659722222222222 0.150390625 0.0375 0.02265625
0 0.5333333333333333 0.1171875 0.04722222222222222 0.021875
0 0.48819444444444443 0.139453125 0.043055555555555555 0.02421875
0 0.49375 0.153125 0.0375 0.015625
0 0.5993055555555555 0.49375 0.02361111111111111 0.01875
0 0.5076388888888889 0.642578125 0.03194444444444444 0.01328125
0 0.3958333333333333 0.676953125 0.022222222222222223 0.01171875
0 0.09722222222222222 0.706640625 0.03888888888888889 0.03203125
0 0.05763888888888889 0.698828125 0.029166666666666667 0.02578125
0 0.4361111111111111 0.2390625 0.027777777777777776 0.0171875
0 0.4527777777777778 0.201953125 0.030555555555555555 0.02265625
0 0.5756944444444444 0.191796875 0.018055555555555554 0.01796875
0 0.5159722222222223 0.2796875 0.02361111111111111 0.021875
0 0.5173611111111112 0.26484375 0.015277777777777777 0.0140625
0 0.7402777777777778 0.314453125 0.030555555555555555 0.01484375
0 0.3451388888888889 0.38125 0.015277777777777777 0.0234375
0 0.6465277777777778 0.4328125 0.029166666666666667 0.021875
0 0.6423611111111112 0.453125 0.04027777777777778 0.01875
0 0.7291666666666666 0.427734375 0.041666666666666664 0.02734375
0 0.7284722222222222 0.537109375 0.034722222222222224 0.01953125
