0 0.47430555555555554 0.15546875 0.04027777777777778 0.0265625
0 0.49722222222222223 0.141015625 0.03333333333333333 0.02265625
0 0.6409722222222223 0.284765625 0.04027777777777778 0.02265625
0 0.6555555555555556 0.298828125 0.041666666666666664 0.02109375
0 0.6465277777777778 0.3515625 0.034722222222222224 0.0109375
0 0.6 0.42734375 0.019444444444444445 0.0078125
0 0.6770833333333334 0.456640625 0.029166666666666667 0.01328125
0 0.7881944444444444 0.468359375 0.043055555555555555 0.02890625
0 0.7104166666666667 0.503125 0.034722222222222224 0.028125
0 0.7180555555555556 0.553125 0.05277777777777778 0.025
0 0.6444444444444445 0.519921875 0.041666666666666664 0.02421875
0 0.6152777777777778 0.533984375 0.044444444444444446 0.02421875
0 0.53125 0.518359375 0.05694444444444444 0.02734375
0 0.5034722222222222 0.52421875 0.034722222222222224 0.025
0 0.37222222222222223 0.546484375 0.04722222222222222 0.02890625
0 0.49375 0.628515625 0.04861111111111111 0.02578125
0 0.6291666666666667 0.640234375 0.044444444444444446 0.02265625
0 0.35208333333333336 0.616015625 0.05416666666666667 0.03046875
0 0.36875 0.5859375 0.02361111111111111 0.0125
0 0.05625 0.495703125 0.04027777777777778 0.02421875
0 0.23402777777777778 0.45078125 0.03194444444444444 0.01875
0 0.2590277777777778 0.466796875 0.02361111111111111 0.01484375
0 0.3229166666666667 0.525390625 0.029166666666666667 0.01953125
