0 0.4486111111111111 0.265234375 0.05555555555555555 0.03203125
0 0.18472222222222223 0.474609375 0.05277777777777778 0.03046875
0 0.22916666666666666 0.549609375 0.05 0.03046875
0 0.4638888888888889 0.503515625 0.05 0.03046875
0 0.5256944444444445 0.455078125 0.02638888888888889 0.01328125
0 0.5701388888888889 0.51796875 0.034722222222222224 0.0265625
0 0.5416666666666666 0.511328125 0.044444444444444446 0.02890625
0 0.6909722222222222 0.53359375 0.0375 0.021875
0 0.7645833333333333 0.521875 0.04583333333333333 0.0265625
0 0.7319444444444444 0.525390625 0.027777777777777776 0.01328125
0 0.7083333333333334 0.5390625 0.03888888888888889 0.021875
0 0.7409722222222223 0.537890625 0.02638888888888889 0.01796875
0 0.5631944444444444 0.55703125 0.03194444444444444 0.0234375
0 0.3951388888888889 0.5953125 0.0375 0.0265625
0 0.3861111111111111 0.60546875 0.03333333333333333 0.01875
0 0.47708333333333336 0.6890625 0.05138888888888889 0.0296875
0 0.4388888888888889 0.71796875 0.05 0.021875
0 0.49027777777777776 0.715625 0.04722222222222222 0.0265625
0 0.6958333333333333 0.60234375 0.05 0.0203125
0 0.6548611111111111 0.614453125 0.05416666666666667 0.03046875
0 0.7284722222222222 0.620703125 0.05416666666666667 0.02421875
0 0.8145833333333333 0.60703125 0.05138888888888889 0.0203125
0 0.7444444444444445 0.65703125 0.04722222222222222 0.0375
0 0.5180555555555556 0.679296875 0.04722222222222222 0.02421875
0 0.4284722222222222 0.420703125 0.020833333333333332 0.00859375
0 0.08680555555555555 0.6171875 0.02638888888888889 0.0203125
0 0.125 0.621875 0.025 0.009375
0 0.12152777777777778 0.73515625 0.04861111111111111 0.0296875
0 0.44583333333333336 0.65703125 0.03611111111111111 0.0265625
0 0.6951388888888889 0.698046875 0.05138888888888889 0.02109375
0 0.45 0.81484375 0.04722222222222222 0.025
0 0.45069444444444445 0.457421875 0.043055555555555555 0.02421875
0 0.5493055555555556 0.404296875 0.020833333333333332 0.01171875
0 0.6743055555555556 0.64765625 0.05138888888888889 0.0234375
0 0.6465277777777778 0.584765625 0.04583333333333333 0.02421875
0 0.5986111111111111 0.58046875 0.030555555555555555 0.0125
0 0.9416666666666667 0.51796875 0.041666666666666664 0.015625
