0 0.05 0.72421875 0.06944444444444445 0.021875
0 0.43333333333333335 0.640625 0.025 0.015625
0 0.45694444444444443 0.64453125 0.022222222222222223 0.015625
0 0.46041666666666664 0.626953125 0.04027777777777778 0.01796875
0 0.5402777777777777 0.65390625 0.041666666666666664 0.01875
0 0.5326388888888889 0.594921875 0.043055555555555555 0.01640625
0 0.6118055555555556 0.58203125 0.0375 0.025
0 0.6020833333333333 0.4578125 0.043055555555555555 0.0265625
0 0.5729166666666666 0.466015625 0.04027777777777778 0.02109375
0 0.6555555555555556 0.439453125 0.019444444444444445 0.01171875
0 0.7013888888888888 0.446875 0.019444444444444445 0.015625
0 0.6361111111111111 0.509765625 0.019444444444444445 0.01796875
0 0.6986111111111111 0.545703125 0.030555555555555555 0.02109375
0 0.7458333333333333 0.5296875 0.027777777777777776 0.015625
0 0.7625 0.529296875 0.019444444444444445 0.01484375
0 0.7381944444444445 0.567578125 0.04583333333333333 0.02109375
0 0.64375 0.584375 0.02361111111111111 0.0125
0 0.61875 0.6078125 0.04027777777777778 0.021875
0 0.625 0.625390625 0.03333333333333333 0.01484375
0 0.6923611111111111 0.6296875 0.0375 0.0234375
0 0.7256944444444444 0.6234375 0.04861111111111111 0.0265625
0 0.8159722222222222 0.65546875 0.04583333333333333 0.0125
0 0.7152777777777778 0.649609375 0.03611111111111111 0.02109375
0 0.40902777777777777 0.66875 0.03194444444444444 0.01875
0 0.42916666666666664 0.656640625 0.03611111111111111 0.01640625
0 0.10694444444444444 0.675390625 0.025 0.01796875
0 0.022222222222222223 0.69609375 0.041666666666666664 0.03125
