0 0.15763888888888888 0.16328125 0.034722222222222224 0.01875
0 0.2125 0.191796875 0.05277777777777778 0.03046875
0 0.25277777777777777 0.176171875 0.05 0.03046875
0 0.21736111111111112 0.22109375 0.04861111111111111 0.0296875
0 0.1798611111111111 0.244140625 0.009722222222222222 0.01953125
0 0.18055555555555555 0.31328125 0.019444444444444445 0.025
0 0.17777777777777778 0.334375 0.030555555555555555 0.0234375
0 0.28125 0.236328125 0.05416666666666667 0.02734375
0 0.30694444444444446 0.2515625 0.06666666666666667 0.0359375
0 0.9833333333333333 0.382421875 0.030555555555555555 0.02265625
0 0.3298611111111111 0.301171875 0.04583333333333333 0.02578125
0 0.37569444444444444 0.29921875 0.05138888888888889 0.0265625
0 0.3576388888888889 0.333984375 0.05416666666666667 0.02578125
0 0.43680555555555556 0.380859375 0.07083333333333333 0.02734375
0 0.2826388888888889 0.390234375 0.043055555555555555 0.02734375
0 0.3 0.34921875 0.041666666666666664 0.0234375
0 0.3194444444444444 0.371484375 0.04722222222222222 0.02109375
0 0.27569444444444446 0.411328125 0.034722222222222224 0.01796875
0 0.35347222222222224 0.384765625 0.05694444444444444 0.02421875
0 0.3888888888888889 0.42734375 0.05277777777777778 0.028125
0 0.45694444444444443 0.442578125 0.04722222222222222 0.02109375
0 0.9125 0.46796875 0.04722222222222222 0.021875
0 0.9472222222222222 0.476171875 0.030555555555555555 0.01328125
0 0.9888888888888889 0.4296875 0.019444444444444445 0.01875
0 0.013888888888888888 0.510546875 0.025 0.01796875
0 0.3784722222222222 0.457421875 0.0375 0.01640625
0 0.45625 0.47578125 0.09027777777777778 0.0375
0 0.8506944444444444 0.540625 0.04583333333333333 0.03125
0 0.8284722222222223 0.498046875 0.029166666666666667 0.01640625
0 0.9243055555555556 0.509765625 0.03194444444444444 0.01484375
0 0.7416666666666667 0.63828125 0.04722222222222222 0.0203125
0 0.8972222222222223 0.658203125 0.05555555555555555 0.02890625
0 0.9618055555555556 0.640234375 0.043055555555555555 0.02578125
0 0.8180555555555555 0.597265625 0.025 0.02109375
0 0.3486111111111111 0.51015625 0.058333333333333334 0.0296875
0 0.35208333333333336 0.5359375 0.03194444444444444 0.021875
0 0.4041666666666667 0.559375 0.05277777777777778 0.0234375
0 0.2326388888888889 0.554296875 0.05138888888888889 0.03046875
0 0.2916666666666667 0.548046875 0.04722222222222222 0.02578125
0 0.01875 0.53828125 0.034722222222222224 0.028125
0 0.09861111111111111 0.562109375 0.044444444444444446 0.03046875
0 0.30416666666666664 0.5921875 0.044444444444444446 0.04375
0 0.4131944444444444 0.613671875 0.0375 0.02421875
0 0.5215277777777778 0.715625 0.05138888888888889 0.03125
0 0.5548611111111111 0.7125 0.0375 0.028125
0 0.17777777777777778 0.708203125 0.05277777777777778 0.02734375
0 0.03958333333333333 0.591015625 0.05416666666666667 0.02578125
0 0.13194444444444445 0.554296875 0.058333333333333334 0.04296875
0 0.10347222222222222 0.619921875 0.043055555555555555 0.02421875
0 0.13472222222222222 0.615625 0.016666666666666666 0.0140625
0 0.07361111111111111 0.528125 0.030555555555555555 0.015625
0 0.19027777777777777 0.665625 0.041666666666666664 0.0296875
0 0.3125 0.6640625 0.05 0.03125
0 0.3625 0.657421875 0.03888888888888889 0.02578125
0 0.16597222222222222 0.771484375 0.05416666666666667 0.02734375
0 0.2611111111111111 0.76953125 0.03333333333333333 0.0296875
0 0.28125 0.795703125 0.05138888888888889 0.02421875
0 0.07291666666666667 0.85703125 0.034722222222222224 0.0203125
0 0.18888888888888888 0.831640625 0.058333333333333334 0.02890625
0 0.20277777777777778 0.98046875 0.03611111111111111 0.0375
0 0.30486111111111114 0.482421875 0.02361111111111111 0.01015625
