0 0.24722222222222223 0.403515625 0.016666666666666666 0.00703125
0 0.275 0.41015625 0.030555555555555555 0.0125
0 0.29305555555555557 0.3953125 0.022222222222222223 0.0171875
0 0.41944444444444445 0.38203125 0.025 0.0125
0 0.38125 0.426171875 0.03194444444444444 0.01484375
0 0.26875 0.384375 0.015277777777777777 0.009375
0 0.4888888888888889 0.383984375 0.019444444444444445 0.01484375
0 0.4986111111111111 0.42734375 0.016666666666666666 0.015625
0 0.5611111111111111 0.430859375 0.030555555555555555 0.01640625
0 0.14722222222222223 0.578515625 0.016666666666666666 0.00859375
0 0.3472222222222222 0.581640625 0.027777777777777776 0.01640625
0 0.3076388888888889 0.619921875 0.006944444444444444 0.01015625
0 0.04236111111111111 0.6453125 0.015277777777777777 0.0125
0 0.05763888888888889 0.6453125 0.006944444444444444 0.00625
0 0.13680555555555557 0.680859375 0.018055555555555554 0.01796875
0 0.1673611111111111 0.740625 0.03194444444444444 0.0234375
0 0.1875 0.7078125 0.025 0.015625
0 0.43194444444444446 0.6609375 0.011111111111111112 0.0109375
0 0.47430555555555554 0.4890625 0.0375 0.0125
0 0.4895833333333333 0.289453125 0.02638888888888889 0.01484375
0 0.5013888888888889 0.273828125 0.013888888888888888 0.00703125
0 0.5708333333333333 0.287109375 0.019444444444444445 0.01328125
0 0.6041666666666666 0.28046875 0.027777777777777776 0.0140625
0 0.5680555555555555 0.26875 0.019444444444444445 0.009375
0 0.5847222222222223 0.246875 0.016666666666666666 0.009375
0 0.6097222222222223 0.24140625 0.019444444444444445 0.0109375
0 0.55625 0.2203125 0.02638888888888889 0.0125
0 0.675 0.258203125 0.022222222222222223 0.01640625
0 0.6208333333333333 0.32265625 0.011111111111111112 0.0125
0 0.6597222222222222 0.294140625 0.027777777777777776 0.01484375
0 0.7013888888888888 0.2859375 0.022222222222222223 0.0171875
0 0.6840277777777778 0.3125 0.02638888888888889 0.015625
0 0.7125 0.31328125 0.025 0.0109375
0 0.7527777777777778 0.28828125 0.013888888888888888 0.009375
0 0.7319444444444444 0.41953125 0.011111111111111112 0.0078125
0 0.7777777777777778 0.467578125 0.022222222222222223 0.01015625
0 0.64375 0.56875 0.009722222222222222 0.0109375
0 0.7048611111111112 0.701171875 0.02361111111111111 0.01640625
0 0.71875 0.72109375 0.0125 0.0109375
0 0.8027777777777778 0.74296875 0.019444444444444445 0.009375
0 0.9097222222222222 0.69375 0.025 0.0109375
0 0.8555555555555555 0.766796875 0.013888888888888888 0.01328125
0 0.78125 0.6265625 0.018055555555555554 0.0078125
0 0.4576388888888889 0.448046875 0.018055555555555554 0.00703125
0 0.4701388888888889 0.45625 0.009722222222222222 0.0046875
0 0.6909722222222222 0.690234375 0.020833333333333332 0.00859375
0 0.5180555555555556 0.291796875 0.027777777777777776 0.01953125
0 0.7861111111111111 0.3875 0.019444444444444445 0.0109375
0 0.3541666666666667 0.548046875 0.03333333333333333 0.02578125
0 0.5576388888888889 0.576171875 0.029166666666666667 0.01484375
0 0.5576388888888889 0.6203125 0.020833333333333332 0.0234375
0 0.3590277777777778 0.669921875 0.04027777777777778 0.01796875
0 0.3888888888888889 0.676953125 0.025 0.01640625
0 0.8104166666666667 0.7671875 0.02361111111111111 0.0171875
0 0.9013888888888889 0.76015625 0.027777777777777776 0.0140625
0 0.9402777777777778 0.78125 0.025 0.0203125
0 0.7333333333333333 0.790625 0.019444444444444445 0.01875
0 0.6590277777777778 0.725 0.02638888888888889 0.015625
0 0.6784722222222223 0.733984375 0.03194444444444444 0.01171875
0 0.6645833333333333 0.6953125 0.020833333333333332 0.0140625
0 0.6270833333333333 0.637109375 0.04027777777777778 0.01953125
0 0.6680555555555555 0.609765625 0.03888888888888889 0.01484375
0 0.775 0.7734375 0.03611111111111111 0.01875
0 0.7854166666666667 0.766796875 0.02361111111111111 0.01796875
0 0.7215277777777778 0.775390625 0.020833333333333332 0.01171875
0 0.8055555555555556 0.797265625 0.030555555555555555 0.01953125
0 0.7902777777777777 0.806640625 0.016666666666666666 0.01328125
0 0.8902777777777777 0.81171875 0.030555555555555555 0.0140625
