0 0.7715277777777778 0.6484375 0.034722222222222224 0.0109375
0 0.9201388888888888 0.579296875 0.04027777777777778 0.02109375
0 0.9513888888888888 0.516796875 0.019444444444444445 0.01640625
0 0.8986111111111111 0.5265625 0.030555555555555555 0.0078125
0 0.9736111111111111 0.4953125 0.041666666666666664 0.021875
0 0.9506944444444444 0.477734375 0.034722222222222224 0.01328125
0 0.9118055555555555 0.487109375 0.04583333333333333 0.01796875
0 0.3729166666666667 0.485546875 0.05138888888888889 0.01953125
0 0.29791666666666666 0.454296875 0.020833333333333332 0.00703125
0 0.9881944444444445 0.426171875 0.018055555555555554 0.01484375
0 0.8409722222222222 0.426953125 0.029166666666666667 0.01484375
0 0.9319444444444445 0.41015625 0.03333333333333333 0.0125
0 0.9305555555555556 0.426953125 0.030555555555555555 0.01640625
0 0.9041666666666667 0.429296875 0.022222222222222223 0.01015625
0 0.9527777777777777 0.365625 0.06111111111111111 0.025
0 0.9125 0.348046875 0.04722222222222222 0.02265625
0 0.9395833333333333 0.2703125 0.05138888888888889 0.0265625
0 0.9736111111111111 0.279296875 0.03333333333333333 0.02265625
0 0.98125 0.29921875 0.029166666666666667 0.0296875
0 0.9104166666666667 0.22734375 0.04583333333333333 0.025
0 0.39166666666666666 0.260546875 0.03888888888888889 0.02421875
0 0.42916666666666664 0.269140625 0.041666666666666664 0.01953125
0 0.9770833333333333 0.18046875 0.029166666666666667 0.021875
0 0.9916666666666667 0.180078125 0.011111111111111112 0.02890625
0 0.37083333333333335 0.1921875 0.027777777777777776 0.0234375
0 0.18888888888888888 0.1765625 0.041666666666666664 0.0234375
0 0.20347222222222222 0.129296875 0.04583333333333333 0.02734375
0 0.1527777777777778 0.117578125 0.03333333333333333 0.01953125
0 0.15486111111111112 0.144140625 0.04861111111111111 0.02265625
0 0.19236111111111112 0.14609375 0.034722222222222224 0.0171875
0 0.12916666666666668 0.705078125 0.03333333333333333 0.02578125
0 0.027777777777777776 0.7296875 0.022222222222222223 0.0140625
