0 0.8229166666666666 0.618359375 0.05416666666666667 0.02265625
0 0.8791666666666667 0.601953125 0.06944444444444445 0.03828125
0 0.8333333333333334 0.535546875 0.027777777777777776 0.02734375
0 0.8701388888888889 0.521875 0.0625 0.03125
0 0.9215277777777777 0.530859375 0.04583333333333333 0.03359375
0 0.9395833333333333 0.476953125 0.04583333333333333 0.02265625
0 0.9041666666666667 0.4828125 0.022222222222222223 0.021875
0 0.9729166666666667 0.462890625 0.02361111111111111 0.01171875
0 0.9861111111111112 0.43828125 0.025 0.01875
0 0.5979166666666667 0.324609375 0.05694444444444444 0.03359375
0 0.8458333333333333 0.42109375 0.05277777777777778 0.0234375
0 0.9277777777777778 0.3765625 0.05 0.028125
0 0.9868055555555556 0.380859375 0.02361111111111111 0.01953125
0 0.9458333333333333 0.33828125 0.07777777777777778 0.0328125
