0 0.3423611111111111 0.07421875 0.059722222222222225 0.0375
0 0.3125 0.08125 0.03333333333333333 0.0265625
0 0.36736111111111114 0.106640625 0.05416666666666667 0.03828125
0 0.4173611111111111 0.105078125 0.05138888888888889 0.03515625
0 0.3145833333333333 0.13359375 0.05694444444444444 0.0203125
0 0.27152777777777776 0.1546875 0.06527777777777778 0.0328125
0 0.4576388888888889 0.136328125 0.04583333333333333 0.02578125
0 0.1798611111111111 0.176953125 0.06805555555555555 0.03359375
0 0.5465277777777777 0.201171875 0.04583333333333333 0.02890625
0 0.4791666666666667 0.25390625 0.044444444444444446 0.0234375
0 0.5277777777777778 0.24765625 0.03888888888888889 0.0265625
0 0.13819444444444445 0.204296875 0.020833333333333332 0.01484375
0 0.24166666666666667 0.223046875 0.05 0.03046875
0 0.2875 0.3 0.06666666666666667 0.0421875
0 0.2423611111111111 0.301171875 0.04861111111111111 0.03984375
0 0.3645833333333333 0.323828125 0.059722222222222225 0.03828125
0 0.5 0.325 0.044444444444444446 0.028125
0 0.3298611111111111 0.351953125 0.06805555555555555 0.02421875
0 0.44305555555555554 0.3234375 0.044444444444444446 0.0234375
0 0.58125 0.401171875 0.059722222222222225 0.02578125
0 0.29375 0.40078125 0.07083333333333333 0.0421875
0 0.3645833333333333 0.41796875 0.07083333333333333 0.040625
0 0.30972222222222223 0.43515625 0.04722222222222222 0.034375
0 0.2513888888888889 0.443359375 0.07222222222222222 0.03984375
0 0.09722222222222222 0.373828125 0.06944444444444445 0.02890625
0 0.12361111111111112 0.419921875 0.05555555555555555 0.03515625
0 0.23125 0.4734375 0.043055555555555555 0.0296875
0 0.3958333333333333 0.448046875 0.06388888888888888 0.03203125
0 0.5152777777777777 0.448046875 0.05 0.02734375
0 0.7423611111111111 0.510546875 0.043055555555555555 0.02734375
0 0.7777777777777778 0.519921875 0.044444444444444446 0.02734375
0 0.3645833333333333 0.49609375 0.06805555555555555 0.0390625
0 0.32916666666666666 0.485546875 0.03888888888888889 0.02578125
0 0.3416666666666667 0.522265625 0.07777777777777778 0.03203125
0 0.38680555555555557 0.599609375 0.06805555555555555 0.04453125
0 0.3902777777777778 0.756640625 0.06944444444444445 0.03828125
0 0.24375 0.82734375 0.05138888888888889 0.0375
0 0.21944444444444444 0.766015625 0.09722222222222222 0.03828125
0 0.06319444444444444 0.674609375 0.06527777777777778 0.03203125
0 0.22361111111111112 0.6671875 0.04722222222222222 0.0171875
0 0.09652777777777778 0.574609375 0.03194444444444444 0.03046875
0 0.4722222222222222 0.617578125 0.06111111111111111 0.02890625
0 0.4527777777777778 0.448046875 0.05277777777777778 0.02421875
0 0.1840277777777778 0.78984375 0.06527777777777778 0.0328125
0 0.16944444444444445 0.846875 0.044444444444444446 0.0234375
0 0.10972222222222222 0.81484375 0.025 0.0109375
