0 0.4930555555555556 0.069921875 0.058333333333333334 0.03515625
0 0.4513888888888889 0.06640625 0.04722222222222222 0.03125
0 0.4888888888888889 0.091015625 0.058333333333333334 0.02109375
0 0.4513888888888889 0.160546875 0.06388888888888888 0.03984375
0 0.4173611111111111 0.1671875 0.05416666666666667 0.0375
0 0.34097222222222223 0.258203125 0.04861111111111111 0.02265625
0 0.5305555555555556 0.31015625 0.05277777777777778 0.0359375
0 0.31805555555555554 0.298046875 0.06111111111111111 0.03046875
0 0.47152777777777777 0.33203125 0.0625 0.0359375
0 0.31666666666666665 0.416015625 0.05555555555555555 0.03046875
0 0.47847222222222224 0.3984375 0.043055555555555555 0.0171875
0 0.5083333333333333 0.420703125 0.041666666666666664 0.02734375
0 0.5798611111111112 0.425 0.04861111111111111 0.03125
0 0.6243055555555556 0.408203125 0.05416666666666667 0.02421875
0 0.5486111111111112 0.412109375 0.030555555555555555 0.01640625
0 0.71875 0.509765625 0.04861111111111111 0.02890625
0 0.24027777777777778 0.469921875 0.05 0.02421875
0 0.36319444444444443 0.510546875 0.0375 0.01796875
0 0.29791666666666666 0.477734375 0.0375 0.02578125
0 0.3173611111111111 0.437890625 0.029166666666666667 0.01484375
0 0.24930555555555556 0.442578125 0.059722222222222225 0.03046875
0 0.23680555555555555 0.493359375 0.05694444444444444 0.02734375
0 0.2388888888888889 0.513671875 0.058333333333333334 0.02109375
0 0.28402777777777777 0.597265625 0.0375 0.03671875
0 0.3451388888888889 0.60078125 0.059722222222222225 0.028125
0 0.3375 0.650390625 0.05 0.02734375
0 0.30069444444444443 0.623828125 0.05416666666666667 0.03046875
0 0.20972222222222223 0.587109375 0.03611111111111111 0.02109375
0 0.35347222222222224 0.792578125 0.0625 0.03984375
0 0.2965277777777778 0.7875 0.05416666666666667 0.040625
0 0.34097222222222223 0.84609375 0.043055555555555555 0.03125
0 0.3347222222222222 0.889453125 0.041666666666666664 0.02421875
0 0.24583333333333332 0.679296875 0.058333333333333334 0.03828125
0 0.28402777777777777 0.690234375 0.029166666666666667 0.01796875
0 0.47638888888888886 0.369921875 0.030555555555555555 0.01328125
0 0.5798611111111112 0.7328125 0.02361111111111111 0.0171875
0 0.10138888888888889 0.90234375 0.03611111111111111 0.021875
0 0.13125 0.816796875 0.04583333333333333 0.02890625
