0 0.3576388888888889 0.078125 0.043055555555555555 0.028125
0 0.4201388888888889 0.08515625 0.04861111111111111 0.025
0 0.09236111111111112 0.15859375 0.03194444444444444 0.0171875
0 0.08402777777777778 0.235546875 0.0375 0.01796875
0 0.05277777777777778 0.160546875 0.03611111111111111 0.01953125
0 0.013888888888888888 0.23203125 0.027777777777777776 0.01875
0 0.01875 0.215625 0.02638888888888889 0.0171875
0 0.007638888888888889 0.248828125 0.0125 0.01953125
0 0.42083333333333334 0.106640625 0.044444444444444446 0.02109375
0 0.006944444444444444 0.057421875 0.011111111111111112 0.02265625
0 0.48194444444444445 0.136328125 0.04722222222222222 0.03046875
0 0.9284722222222223 0.244921875 0.034722222222222224 0.02265625
0 0.4965277777777778 0.223828125 0.043055555555555555 0.02578125
0 0.49027777777777776 0.24453125 0.041666666666666664 0.0203125
0 0.9541666666666667 0.246875 0.041666666666666664 0.025
0 0.9916666666666667 0.200390625 0.013888888888888888 0.02265625
0 0.9833333333333333 0.1671875 0.027777777777777776 0.0171875
0 0.0875 0.349609375 0.03888888888888889 0.02265625
0 0.16944444444444445 0.380078125 0.044444444444444446 0.02109375
0 0.15347222222222223 0.418359375 0.034722222222222224 0.01796875
0 0.11527777777777778 0.427734375 0.03611111111111111 0.01953125
0 0.12638888888888888 0.45703125 0.030555555555555555 0.0203125
0 0.12222222222222222 0.405859375 0.03333333333333333 0.01328125
0 0.23125 0.469140625 0.043055555555555555 0.01953125
0 0.38263888888888886 0.5078125 0.0375 0.01875
0 0.40902777777777777 0.520703125 0.03194444444444444 0.01640625
0 0.6125 0.376953125 0.030555555555555555 0.02109375
0 0.6256944444444444 0.433203125 0.04027777777777778 0.02421875
0 0.6611111111111111 0.43515625 0.044444444444444446 0.0234375
0 0.7152777777777778 0.496875 0.044444444444444446 0.021875
0 0.7465277777777778 0.4984375 0.02638888888888889 0.01875
0 0.98125 0.34609375 0.034722222222222224 0.0265625
0 0.8506944444444444 0.43515625 0.03194444444444444 0.0203125
0 0.8895833333333333 0.444140625 0.04027777777777778 0.02265625
0 0.8229166666666666 0.480078125 0.04861111111111111 0.02734375
0 0.5465277777777777 0.54765625 0.0375 0.025
0 0.8631944444444445 0.47421875 0.04027777777777778 0.021875
0 0.9895833333333334 0.41015625 0.018055555555555554 0.0109375
0 0.8805555555555555 0.490625 0.05 0.0234375
0 0.9194444444444444 0.49140625 0.019444444444444445 0.0125
0 0.7694444444444445 0.548828125 0.022222222222222223 0.01328125
0 0.8784722222222222 0.516015625 0.029166666666666667 0.01484375
0 0.6652777777777777 0.59453125 0.04722222222222222 0.021875
0 0.6263888888888889 0.616796875 0.022222222222222223 0.01640625
0 0.42430555555555555 0.7046875 0.05138888888888889 0.0328125
0 0.4534722222222222 0.693359375 0.043055555555555555 0.01328125
0 0.9729166666666667 0.18203125 0.0125 0.0125
0 0.3958333333333333 0.7171875 0.027777777777777776 0.0171875
