0 0.5770833333333333 0.01796875 0.034722222222222224 0.0234375
0 0.5736111111111111 0.0375 0.03333333333333333 0.01875
0 0.5944444444444444 0.025390625 0.030555555555555555 0.02265625
0 0.6493055555555556 0.019140625 0.02361111111111111 0.02265625
0 0.6743055555555556 0.044921875 0.04027777777777778 0.01484375
0 0.6076388888888888 0.0625 0.0375 0.028125
0 0.6506944444444445 0.055078125 0.020833333333333332 0.01796875
0 0.61875 0.076171875 0.0375 0.02265625
0 0.6701388888888888 0.071875 0.02361111111111111 0.0203125
0 0.6472222222222223 0.096484375 0.03888888888888889 0.02265625
0 0.575 0.111328125 0.03611111111111111 0.02421875
0 0.7020833333333333 0.116015625 0.043055555555555555 0.02578125
0 0.6777777777777778 0.1296875 0.03611111111111111 0.021875
0 0.6784722222222223 0.155859375 0.034722222222222224 0.02109375
0 0.63125 0.155859375 0.04027777777777778 0.02734375
0 0.6854166666666667 0.170703125 0.020833333333333332 0.01484375
0 0.6215277777777778 0.169140625 0.02638888888888889 0.02578125
0 0.55 0.160546875 0.03611111111111111 0.01796875
0 0.5777777777777777 0.176953125 0.03888888888888889 0.02578125
0 0.6048611111111111 0.203515625 0.029166666666666667 0.01953125
0 0.5423611111111111 0.215625 0.034722222222222224 0.0234375
0 0.49166666666666664 0.21015625 0.03888888888888889 0.0234375
0 0.6972222222222222 0.22578125 0.030555555555555555 0.0203125
0 0.7173611111111111 0.230859375 0.0375 0.02109375
0 0.4041666666666667 0.248828125 0.04722222222222222 0.02734375
0 0.6236111111111111 0.2578125 0.025 0.0234375
0 0.6256944444444444 0.24609375 0.015277777777777777 0.0171875
0 0.5701388888888889 0.25859375 0.02638888888888889 0.0140625
0 0.55 0.24921875 0.027777777777777776 0.01875
0 0.58125 0.3046875 0.015277777777777777 0.0140625
0 0.8479166666666667 0.295703125 0.029166666666666667 0.01328125
0 0.7361111111111112 0.351953125 0.04722222222222222 0.02578125
0 0.7375 0.37265625 0.041666666666666664 0.01875
0 0.6090277777777777 0.362890625 0.02361111111111111 0.01015625
0 0.6111111111111112 0.373046875 0.016666666666666666 0.01015625
0 0.5208333333333334 0.3203125 0.019444444444444445 0.0171875
0 0.4777777777777778 0.359375 0.044444444444444446 0.0203125
0 0.4097222222222222 0.3625 0.030555555555555555 0.025
0 0.8166666666666667 0.39140625 0.058333333333333334 0.0328125
0 0.7916666666666666 0.3828125 0.03888888888888889 0.0265625
0 0.7625 0.38671875 0.030555555555555555 0.03125
0 0.79375 0.403125 0.02361111111111111 0.0203125
0 0.7576388888888889 0.41796875 0.03194444444444444 0.0171875
0 0.75 0.43515625 0.04722222222222222 0.0265625
0 0.7076388888888889 0.4578125 0.02638888888888889 0.0171875
0 0.6972222222222222 0.4796875 0.019444444444444445 0.0125
0 0.5555555555555556 0.41640625 0.03611111111111111 0.0203125
0 0.625 0.473828125 0.044444444444444446 0.02421875
0 0.48680555555555555 0.46484375 0.043055555555555555 0.0265625
0 0.5194444444444445 0.462890625 0.022222222222222223 0.01640625
0 0.73125 0.5078125 0.034722222222222224 0.0265625
0 0.1375 0.435546875 0.06388888888888888 0.01796875
0 0.7333333333333333 0.580859375 0.03888888888888889 0.02734375
0 0.7173611111111111 0.626171875 0.05416666666666667 0.02890625
0 0.7395833333333334 0.684375 0.043055555555555555 0.0265625
0 0.6993055555555555 0.687890625 0.043055555555555555 0.02734375
0 0.6090277777777777 0.6265625 0.0375 0.0171875
0 0.5263888888888889 0.615625 0.03611111111111111 0.01875
0 0.49166666666666664 0.660546875 0.03888888888888889 0.01484375
0 0.2013888888888889 0.685546875 0.044444444444444446 0.02421875
0 0.16319444444444445 0.67890625 0.034722222222222224 0.0234375
0 0.8284722222222223 0.523828125 0.05416666666666667 0.02421875
0 0.6013888888888889 0.125 0.04722222222222222 0.0359375
0 0.5618055555555556 0.180078125 0.02638888888888889 0.03046875
0 0.5618055555555556 0.45859375 0.03194444444444444 0.015625
0 0.7444444444444445 0.49453125 0.016666666666666666 0.0109375
0 0.8381944444444445 0.4109375 0.0375 0.025
0 0.5402777777777777 0.182421875 0.016666666666666666 0.01328125
0 0.6673611111111111 0.480078125 0.034722222222222224 0.01328125
0 0.8923611111111112 0.33671875 0.020833333333333332 0.0125
0 0.44930555555555557 0.365625 0.015277777777777777 0.025
