0 0.21805555555555556 0.1875 0.03888888888888889 0.021875
0 0.14375 0.269140625 0.034722222222222224 0.01640625
0 0.11527777777777778 0.253125 0.027777777777777776 0.0203125
0 0.11597222222222223 0.267578125 0.020833333333333332 0.01171875
0 0.4354166666666667 0.345703125 0.02638888888888889 0.01796875
0 0.45 0.319921875 0.03333333333333333 0.02109375
0 0.36944444444444446 0.29453125 0.03333333333333333 0.015625
0 0.4013888888888889 0.320703125 0.025 0.01640625
0 0.37777777777777777 0.337109375 0.030555555555555555 0.01640625
0 0.28680555555555554 0.315234375 0.02361111111111111 0.01484375
0 0.34444444444444444 0.305078125 0.025 0.01484375
0 0.3333333333333333 0.20859375 0.027777777777777776 0.015625
0 0.043055555555555555 0.308203125 0.03333333333333333 0.01796875
0 0.05625 0.350390625 0.020833333333333332 0.01171875
0 0.5458333333333333 0.349609375 0.019444444444444445 0.01484375
0 0.1951388888888889 0.519140625 0.02638888888888889 0.01640625
0 0.21458333333333332 0.4734375 0.02638888888888889 0.0171875
0 0.09305555555555556 0.41796875 0.025 0.0140625
0 0.09791666666666667 0.162890625 0.03194444444444444 0.01796875
0 0.6541666666666667 0.37734375 0.019444444444444445 0.015625
0 0.075 0.1546875 0.025 0.0109375
0 0.02361111111111111 0.3234375 0.03611111111111111 0.0171875
0 0.28125 0.243359375 0.015277777777777777 0.01171875
0 0.42569444444444443 0.27890625 0.03194444444444444 0.015625
0 0.36944444444444446 0.3203125 0.03888888888888889 0.015625
0 0.32083333333333336 0.374609375 0.022222222222222223 0.01328125
0 0.12569444444444444 0.470703125 0.02638888888888889 0.02109375
0 0.21319444444444444 0.453125 0.03194444444444444 0.021875
0 0.5034722222222222 0.46328125 0.029166666666666667 0.0125
0 0.6583333333333333 0.43984375 0.03611111111111111 0.015625
0 0.18125 0.5046875 0.02638888888888889 0.0171875
0 0.20555555555555555 0.523046875 0.030555555555555555 0.02109375
0 0.30486111111111114 0.3984375 0.029166666666666667 0.0125
0 0.4284722222222222 0.316796875 0.015277777777777777 0.01328125
