0 0.6055555555555555 0.41015625 0.03611111111111111 0.0234375
0 0.40208333333333335 0.431640625 0.04027777777777778 0.02578125
0 0.41458333333333336 0.041796875 0.04583333333333333 0.02421875
0 0.43333333333333335 0.047265625 0.030555555555555555 0.02421875
0 0.41041666666666665 0.059765625 0.04583333333333333 0.02265625
0 0.48333333333333334 0.044140625 0.030555555555555555 0.02578125
0 0.5097222222222222 0.07109375 0.041666666666666664 0.01875
0 0.4465277777777778 0.085546875 0.0375 0.02578125
0 0.4861111111111111 0.080078125 0.016666666666666666 0.01484375
0 0.4583333333333333 0.09921875 0.041666666666666664 0.021875
0 0.5090277777777777 0.0953125 0.03194444444444444 0.021875
0 0.41458333333333336 0.13359375 0.03194444444444444 0.0234375
0 0.5201388888888889 0.178515625 0.034722222222222224 0.02578125
0 0.42083333333333334 0.198046875 0.03888888888888889 0.02265625
0 0.4701388888888889 0.17265625 0.03194444444444444 0.01875
0 0.5402777777777777 0.140625 0.04722222222222222 0.0265625
0 0.3333333333333333 0.23203125 0.041666666666666664 0.0234375
0 0.4597222222222222 0.193359375 0.03333333333333333 0.01953125
0 0.4423611111111111 0.225 0.03194444444444444 0.0203125
0 0.5395833333333333 0.24296875 0.03194444444444444 0.0140625
0 0.5590277777777778 0.253125 0.03194444444444444 0.0171875
0 0.5333333333333333 0.254296875 0.022222222222222223 0.01328125
0 0.2534722222222222 0.267578125 0.05138888888888889 0.03203125
0 0.39166666666666666 0.267578125 0.030555555555555555 0.01953125
0 0.6548611111111111 0.408984375 0.04861111111111111 0.03046875
0 0.6340277777777777 0.4 0.0375 0.0234375
0 0.6416666666666667 0.426953125 0.030555555555555555 0.01640625
0 0.4111111111111111 0.278515625 0.025 0.01484375
0 0.25763888888888886 0.38125 0.034722222222222224 0.025
0 0.3263888888888889 0.378125 0.044444444444444446 0.021875
0 0.36736111111111114 0.33671875 0.018055555555555554 0.0140625
0 0.5826388888888889 0.37109375 0.043055555555555555 0.0265625
0 0.5840277777777778 0.39296875 0.04583333333333333 0.021875
0 0.56875 0.52265625 0.05138888888888889 0.0234375
0 0.3368055555555556 0.48359375 0.043055555555555555 0.028125
0 0.3645833333333333 0.476171875 0.034722222222222224 0.02734375
0 0.58125 0.597265625 0.0375 0.02734375
0 0.4486111111111111 0.3796875 0.022222222222222223 0.009375
0 0.4513888888888889 0.3890625 0.016666666666666666 0.0078125
0 0.4701388888888889 0.490234375 0.0375 0.02109375
0 0.5673611111111111 0.6421875 0.05416666666666667 0.0296875
0 0.5368055555555555 0.703515625 0.04861111111111111 0.02578125
0 0.3770833333333333 0.6359375 0.0375 0.0171875
0 0.8847222222222222 0.4625 0.03611111111111111 0.0140625
0 0.9451388888888889 0.453125 0.034722222222222224 0.0140625
0 0.9736111111111111 0.30546875 0.025 0.0140625
0 0.48333333333333334 0.1171875 0.04722222222222222 0.0234375
0 0.5173611111111112 0.150390625 0.04027777777777778 0.02578125
0 0.5930555555555556 0.455078125 0.027777777777777776 0.01640625
0 0.03888888888888889 0.709375 0.06111111111111111 0.0234375
0 0.44027777777777777 0.145703125 0.041666666666666664 0.02265625
0 0.4444444444444444 0.156640625 0.03611111111111111 0.01328125
0 0.3923611111111111 0.18046875 0.029166666666666667 0.01875
0 0.4041666666666667 0.2 0.030555555555555555 0.0203125
0 0.5305555555555556 0.192578125 0.013888888888888888 0.01171875
0 0.4652777777777778 0.267578125 0.019444444444444445 0.01484375
0 0.46805555555555556 0.28125 0.019444444444444445 0.0140625
0 0.6868055555555556 0.31796875 0.02638888888888889 0.0109375
0 0.7319444444444444 0.379296875 0.013888888888888888 0.01171875
0 0.40069444444444446 0.371484375 0.018055555555555554 0.01171875
0 0.425 0.321484375 0.016666666666666666 0.00859375
0 0.5979166666666667 0.436328125 0.029166666666666667 0.01953125
0 0.6743055555555556 0.537890625 0.029166666666666667 0.02109375
0 0.38680555555555557 0.241015625 0.02638888888888889 0.01484375
0 0.2972222222222222 0.38203125 0.013888888888888888 0.021875
0 0.5472222222222223 0.496484375 0.016666666666666666 0.02109375
0 0.5083333333333333 0.4921875 0.03888888888888889 0.025
0 0.3458333333333333 0.58984375 0.019444444444444445 0.0109375
0 0.5770833333333333 0.70078125 0.043055555555555555 0.0265625
0 0.45625 0.644921875 0.02638888888888889 0.01328125
0 0.34305555555555556 0.6796875 0.022222222222222223 0.009375
0 0.6791666666666667 0.4265625 0.03888888888888889 0.025
