0 0.09513888888888888 0.440625 0.043055555555555555 0.025
0 0.15555555555555556 0.4671875 0.03333333333333333 0.021875
0 0.9833333333333333 0.396484375 0.030555555555555555 0.02421875
0 0.85625 0.478515625 0.043055555555555555 0.01953125
0 0.09652777777777778 0.478125 0.03194444444444444 0.0171875
0 0.09236111111111112 0.48828125 0.020833333333333332 0.0125
0 0.11180555555555556 0.4921875 0.018055555555555554 0.0125
0 0.14791666666666667 0.50078125 0.04583333333333333 0.0171875
0 0.16666666666666666 0.511328125 0.044444444444444446 0.02109375
0 0.1638888888888889 0.541015625 0.03611111111111111 0.02421875
0 0.26666666666666666 0.73671875 0.06666666666666667 0.0359375
0 0.2673611111111111 0.76171875 0.02638888888888889 0.0125
0 0.26875 0.832421875 0.05694444444444444 0.03671875
0 0.9840277777777777 0.59140625 0.029166666666666667 0.01875
0 0.9868055555555556 0.615625 0.02361111111111111 0.0140625
