0 0.3951388888888889 0.131640625 0.04027777777777778 0.02109375
0 0.4173611111111111 0.1140625 0.034722222222222224 0.01875
0 0.5027777777777778 0.11796875 0.030555555555555555 0.0171875
0 0.5701388888888889 0.26171875 0.0375 0.025
0 0.5895833333333333 0.2765625 0.04027777777777778 0.0265625
0 0.5465277777777777 0.271875 0.02638888888888889 0.0125
0 0.5673611111111111 0.325 0.04027777777777778 0.009375
0 0.5069444444444444 0.411328125 0.03611111111111111 0.01796875
0 0.5979166666666667 0.433984375 0.0375 0.01484375
0 0.6326388888888889 0.45703125 0.04861111111111111 0.0296875
0 0.6236111111111111 0.48671875 0.041666666666666664 0.03125
0 0.6229166666666667 0.534375 0.04583333333333333 0.025
0 0.5569444444444445 0.50078125 0.04722222222222222 0.025
0 0.5236111111111111 0.515234375 0.027777777777777776 0.01953125
0 0.44305555555555554 0.496875 0.05 0.0296875
0 0.4173611111111111 0.504296875 0.029166666666666667 0.02421875
0 0.40347222222222223 0.608203125 0.04583333333333333 0.02421875
0 0.5416666666666666 0.620703125 0.041666666666666664 0.02265625
0 0.2465277777777778 0.59453125 0.05416666666666667 0.028125
0 0.2625 0.562890625 0.030555555555555555 0.02265625
0 0.28125 0.523828125 0.029166666666666667 0.02734375
0 0.18055555555555555 0.444921875 0.030555555555555555 0.01328125
0 0.15625 0.43046875 0.034722222222222224 0.0171875
