0 0.7118055555555556 0.098046875 0.05138888888888889 0.02421875
0 0.80625 0.135546875 0.05694444444444444 0.02421875
0 0.6597222222222222 0.1109375 0.025 0.021875
0 0.7208333333333333 0.134375 0.05 0.0296875
0 0.6729166666666667 0.194921875 0.05694444444444444 0.03515625
0 0.60625 0.281640625 0.0375 0.03203125
0 0.5743055555555555 0.31875 0.04583333333333333 0.03125
0 0.6041666666666666 0.31640625 0.030555555555555555 0.0328125
0 0.9666666666666667 0.425390625 0.05555555555555555 0.03359375
0 0.9256944444444445 0.49765625 0.06805555555555555 0.034375
0 0.8951388888888889 0.521875 0.059722222222222225 0.0203125
0 0.6951388888888889 0.4671875 0.059722222222222225 0.025
0 0.6881944444444444 0.511328125 0.05416666666666667 0.02578125
0 0.7347222222222223 0.48046875 0.05 0.0265625
0 0.7291666666666666 0.53203125 0.05277777777777778 0.01875
0 0.6819444444444445 0.59296875 0.06666666666666667 0.0359375
0 0.7694444444444445 0.54609375 0.03611111111111111 0.028125
0 0.85625 0.605859375 0.05138888888888889 0.03828125
0 0.9069444444444444 0.624609375 0.05555555555555555 0.03046875
0 0.9604166666666667 0.64375 0.05416666666666667 0.028125
0 0.9118055555555555 0.668359375 0.05694444444444444 0.02734375
0 0.9611111111111111 0.6921875 0.041666666666666664 0.015625
0 0.8791666666666667 0.691015625 0.03611111111111111 0.02265625
0 0.5423611111111111 0.62890625 0.05694444444444444 0.0359375
0 0.6291666666666667 0.492578125 0.05 0.03515625
0 0.6888888888888889 0.429296875 0.030555555555555555 0.02578125
0 0.8138888888888889 0.26328125 0.022222222222222223 0.021875
0 0.5527777777777778 0.324609375 0.030555555555555555 0.02890625
0 0.6486111111111111 0.46875 0.03333333333333333 0.0234375
0 0.05138888888888889 0.26328125 0.06666666666666667 0.03125
0 0.011111111111111112 0.303515625 0.019444444444444445 0.01953125
0 0.07013888888888889 0.28984375 0.015277777777777777 0.021875
0 0.029861111111111113 0.46171875 0.059722222222222225 0.0234375
0 0.11944444444444445 0.4578125 0.05277777777777778 0.0296875
0 0.14583333333333334 0.510546875 0.03888888888888889 0.01484375
0 0.35694444444444445 0.777734375 0.05 0.02421875
0 0.48680555555555555 0.738671875 0.0375 0.03046875
0 0.9909722222222223 0.695703125 0.015277777777777777 0.02421875
0 0.9159722222222222 0.7921875 0.04583333333333333 0.025
0 0.9506944444444444 0.811328125 0.043055555555555555 0.02578125
0 0.6763888888888889 0.6546875 0.019444444444444445 0.0140625
0 0.7493055555555556 0.65078125 0.029166666666666667 0.0125
0 0.9326388888888889 0.57421875 0.02361111111111111 0.0140625
0 0.8354166666666667 0.56171875 0.02638888888888889 0.0109375
0 0.7972222222222223 0.2375 0.019444444444444445 0.0109375
