0 0.4625 0.280859375 0.05 0.03046875
0 0.5798611111111112 0.419140625 0.0375 0.01796875
0 0.20694444444444443 0.48046875 0.04722222222222222 0.0296875
0 0.2388888888888889 0.55625 0.05555555555555555 0.0296875
0 0.4798611111111111 0.515625 0.04861111111111111 0.028125
0 0.46319444444444446 0.472265625 0.03194444444444444 0.02109375
0 0.5298611111111111 0.467578125 0.02361111111111111 0.01484375
0 0.5444444444444444 0.528125 0.03611111111111111 0.0296875
0 0.11736111111111111 0.62265625 0.0625 0.028125
0 0.58125 0.567578125 0.034722222222222224 0.02265625
0 0.5743055555555555 0.532421875 0.03194444444444444 0.02890625
0 0.6881944444444444 0.55234375 0.03194444444444444 0.01875
0 0.4305555555555556 0.671875 0.03333333333333333 0.025
0 0.11388888888888889 0.737109375 0.03611111111111111 0.02578125
0 0.4236111111111111 0.731640625 0.05 0.02265625
0 0.4013888888888889 0.751171875 0.022222222222222223 0.02109375
0 0.4597222222222222 0.70546875 0.05 0.0296875
0 0.47152777777777777 0.728125 0.04583333333333333 0.025
0 0.5055555555555555 0.693359375 0.03888888888888889 0.02734375
0 0.6465277777777778 0.667578125 0.05694444444444444 0.02890625
0 0.7423611111111111 0.674609375 0.04027777777777778 0.02265625
0 0.6784722222222223 0.71640625 0.02638888888888889 0.0203125
0 0.7118055555555556 0.7140625 0.04861111111111111 0.021875
0 0.7111111111111111 0.640234375 0.05 0.02421875
0 0.6770833333333334 0.622265625 0.05138888888888889 0.01796875
0 0.6513888888888889 0.60546875 0.06388888888888888 0.028125
0 0.6034722222222222 0.594140625 0.043055555555555555 0.00859375
0 0.70625 0.5578125 0.04861111111111111 0.01875
0 0.7972222222222223 0.629296875 0.05277777777777778 0.02109375
0 0.7597222222222222 0.541015625 0.04722222222222222 0.02265625
0 0.7263888888888889 0.544140625 0.025 0.01484375
0 0.9347222222222222 0.537890625 0.03333333333333333 0.01953125
0 0.9701388888888889 0.537109375 0.0375 0.01484375
0 0.44166666666666665 0.38203125 0.016666666666666666 0.0125
0 0.44722222222222224 0.4328125 0.030555555555555555 0.0125
0 0.5347222222222222 0.70703125 0.025 0.01875
0 0.6409722222222223 0.6296875 0.020833333333333332 0.0203125
0 0.3993055555555556 0.608203125 0.02361111111111111 0.02578125
