0 0.7048611111111112 0.116796875 0.04583333333333333 0.02890625
0 0.6520833333333333 0.08359375 0.04027777777777778 0.0203125
0 0.6138888888888889 0.188671875 0.05 0.02890625
0 0.7145833333333333 0.10390625 0.04027777777777778 0.021875
0 0.49722222222222223 0.295703125 0.03888888888888889 0.02578125
0 0.4215277777777778 0.338671875 0.04583333333333333 0.02578125
0 0.55 0.29921875 0.030555555555555555 0.0234375
0 0.5972222222222222 0.374609375 0.041666666666666664 0.02890625
0 0.5576388888888889 0.378125 0.043055555555555555 0.028125
0 0.4444444444444444 0.381640625 0.04722222222222222 0.02578125
0 0.4826388888888889 0.388671875 0.043055555555555555 0.02890625
0 0.5236111111111111 0.40703125 0.05 0.0234375
0 0.42777777777777776 0.462890625 0.04722222222222222 0.02890625
0 0.58125 0.44375 0.04861111111111111 0.0265625
0 0.7388888888888889 0.49609375 0.044444444444444446 0.0234375
0 0.65 0.371484375 0.03333333333333333 0.01640625
0 0.7173611111111111 0.560546875 0.04027777777777778 0.02109375
0 0.5215277777777778 0.538671875 0.034722222222222224 0.02421875
0 0.4465277777777778 0.5234375 0.04583333333333333 0.0171875
0 0.6020833333333333 0.34140625 0.04861111111111111 0.025
0 0.6354166666666666 0.608203125 0.04583333333333333 0.03046875
0 0.6909722222222222 0.577734375 0.05416666666666667 0.02109375
0 0.7145833333333333 0.71015625 0.043055555555555555 0.0234375
0 0.675 0.71484375 0.03333333333333333 0.0171875
0 0.48541666666666666 0.616796875 0.04861111111111111 0.02578125
0 0.45902777777777776 0.634375 0.04027777777777778 0.0265625
0 0.4284722222222222 0.60703125 0.05694444444444444 0.025
0 0.46875 0.594921875 0.04027777777777778 0.02109375
0 0.4534722222222222 0.702734375 0.0375 0.02265625
0 0.5479166666666667 0.89609375 0.07083333333333333 0.0484375
0 0.95625 0.80703125 0.059722222222222225 0.0328125
0 0.9645833333333333 0.839453125 0.05138888888888889 0.02578125
0 0.3284722222222222 0.775390625 0.05138888888888889 0.02421875
0 0.3597222222222222 0.540234375 0.03333333333333333 0.02265625
0 0.6715277777777777 0.741015625 0.05416666666666667 0.02890625
0 0.23055555555555557 0.604296875 0.058333333333333334 0.03046875
0 0.6638888888888889 0.11640625 0.030555555555555555 0.0203125
0 0.5208333333333334 0.296875 0.022222222222222223 0.021875
0 0.5381944444444444 0.41796875 0.03194444444444444 0.01875
0 0.5333333333333333 0.437890625 0.025 0.01796875
0 0.4583333333333333 0.540625 0.013888888888888888 0.0203125
0 0.49166666666666664 0.47890625 0.05 0.0234375
0 0.7451388888888889 0.762890625 0.02638888888888889 0.01640625
0 0.6215277777777778 0.865234375 0.05694444444444444 0.01484375
0 0.9333333333333333 0.873046875 0.04722222222222222 0.01328125
0 0.9590277777777778 0.857421875 0.05138888888888889 0.01640625
0 0.3055555555555556 0.752734375 0.022222222222222223 0.01484375
0 0.5506944444444445 0.569921875 0.009722222222222222 0.01796875
