0 0.6347222222222222 0.177734375 0.05 0.02578125
0 0.5534722222222223 0.197265625 0.0375 0.02890625
0 0.5138888888888888 0.268359375 0.058333333333333334 0.03046875
0 0.6236111111111111 0.255078125 0.041666666666666664 0.02421875
0 0.5875 0.214453125 0.03333333333333333 0.01796875
0 0.5326388888888889 0.3046875 0.04583333333333333 0.03125
0 0.4583333333333333 0.305859375 0.03888888888888889 0.02734375
0 0.5027777777777778 0.309375 0.030555555555555555 0.021875
0 0.48125 0.34140625 0.03194444444444444 0.0234375
0 0.6354166666666666 0.308203125 0.04583333333333333 0.02734375
0 0.6041666666666666 0.3328125 0.03888888888888889 0.015625
0 0.4097222222222222 0.386328125 0.05277777777777778 0.02578125
0 0.45625 0.371484375 0.05694444444444444 0.02421875
0 0.43125 0.40234375 0.029166666666666667 0.0140625
0 0.5881944444444445 0.393359375 0.05416666666666667 0.02890625
0 0.5520833333333334 0.35546875 0.018055555555555554 0.0140625
0 0.5930555555555556 0.4203125 0.041666666666666664 0.025
0 0.6881944444444444 0.434375 0.043055555555555555 0.028125
0 0.4048611111111111 0.44296875 0.043055555555555555 0.01875
0 0.5208333333333334 0.44765625 0.044444444444444446 0.0265625
0 0.5930555555555556 0.47421875 0.030555555555555555 0.0203125
0 0.6361111111111111 0.468359375 0.05555555555555555 0.02578125
0 0.39861111111111114 0.472265625 0.044444444444444446 0.02734375
0 0.38055555555555554 0.48125 0.022222222222222223 0.0140625
0 0.48333333333333334 0.479296875 0.05 0.02109375
0 0.4826388888888889 0.454296875 0.0375 0.01640625
0 0.51875 0.515234375 0.04027777777777778 0.02265625
0 0.49166666666666664 0.670703125 0.041666666666666664 0.02265625
0 0.6326388888888889 0.609375 0.043055555555555555 0.0265625
0 0.5354166666666667 0.534375 0.034722222222222224 0.01875
0 0.5395833333333333 0.5578125 0.04583333333333333 0.0296875
0 0.6590277777777778 0.496875 0.02361111111111111 0.0203125
0 0.7208333333333333 0.591015625 0.027777777777777776 0.01953125
0 0.7104166666666667 0.530859375 0.029166666666666667 0.01328125
0 0.7888888888888889 0.562890625 0.03888888888888889 0.02109375
0 0.7979166666666667 0.5234375 0.043055555555555555 0.021875
0 0.7506944444444444 0.61484375 0.02361111111111111 0.0140625
0 0.8826388888888889 0.616796875 0.043055555555555555 0.02734375
0 0.7986111111111112 0.628125 0.022222222222222223 0.0125
0 0.5159722222222223 0.69765625 0.05138888888888889 0.0234375
0 0.525 0.717578125 0.05555555555555555 0.02890625
0 0.49236111111111114 0.740625 0.04861111111111111 0.0296875
0 0.6930555555555555 0.822265625 0.05277777777777778 0.02890625
0 0.4534722222222222 0.48515625 0.020833333333333332 0.0171875
0 0.5673611111111111 0.593359375 0.029166666666666667 0.01484375
0 0.9145833333333333 0.578515625 0.02638888888888889 0.02109375
0 0.83125 0.513671875 0.020833333333333332 0.00703125
