0 0.09583333333333334 0.604296875 0.041666666666666664 0.02265625
0 0.0798611111111111 0.11875 0.03194444444444444 0.015625
0 0.05138888888888889 0.150390625 0.027777777777777776 0.01484375
0 0.04027777777777778 0.1625 0.025 0.015625
0 0.7277777777777777 0.49765625 0.025 0.01875
0 0.7506944444444444 0.50390625 0.020833333333333332 0.0140625
0 0.7263888888888889 0.469140625 0.03888888888888889 0.01953125
0 0.8125 0.4015625 0.03888888888888889 0.01875
0 0.9451388888888889 0.337890625 0.0375 0.02265625
0 0.8451388888888889 0.38125 0.03194444444444444 0.01875
0 0.3611111111111111 0.5484375 0.03888888888888889 0.01875
0 0.3375 0.533203125 0.027777777777777776 0.01796875
0 0.3055555555555556 0.37890625 0.030555555555555555 0.01875
0 0.3145833333333333 0.34375 0.029166666666666667 0.0203125
0 0.2673611111111111 0.341015625 0.02361111111111111 0.01484375
0 0.15763888888888888 0.362890625 0.03194444444444444 0.02109375
0 0.13402777777777777 0.3734375 0.034722222222222224 0.0171875
0 0.07222222222222222 0.501953125 0.03611111111111111 0.01953125
0 0.41041666666666665 0.508984375 0.02638888888888889 0.01328125
0 0.49444444444444446 0.43515625 0.030555555555555555 0.0140625
0 0.42291666666666666 0.261328125 0.03194444444444444 0.01484375
0 0.3284722222222222 0.298828125 0.02361111111111111 0.01484375
0 0.45625 0.175390625 0.029166666666666667 0.02109375
0 0.19722222222222222 0.168359375 0.025 0.01328125
0 0.28402777777777777 0.133203125 0.029166666666666667 0.01953125
0 0.31319444444444444 0.1328125 0.018055555555555554 0.0125
0 0.22152777777777777 0.146875 0.03194444444444444 0.01875
0 0.25 0.146875 0.019444444444444445 0.015625
0 0.16597222222222222 0.156640625 0.02638888888888889 0.01796875
0 0.6423611111111112 0.3921875 0.02638888888888889 0.0109375
0 0.46041666666666664 0.4234375 0.02361111111111111 0.0171875
0 0.15694444444444444 0.323828125 0.03333333333333333 0.01171875
0 0.0798611111111111 0.2625 0.02638888888888889 0.015625
0 0.42083333333333334 0.23359375 0.025 0.015625
0 0.28958333333333336 0.253125 0.029166666666666667 0.01875
0 0.11041666666666666 0.5171875 0.03194444444444444 0.0125
0 0.37222222222222223 0.219921875 0.025 0.01015625
0 0.0125 0.138671875 0.025 0.01484375
0 0.05347222222222222 0.117578125 0.020833333333333332 0.01796875
0 0.08402777777777778 0.107421875 0.02638888888888889 0.01015625
0 0.1326388888888889 0.2453125 0.02361111111111111 0.0125
0 0.36736111111111114 0.20546875 0.03194444444444444 0.0171875
0 0.07291666666666667 0.20546875 0.020833333333333332 0.0171875
0 0.0763888888888889 0.22734375 0.030555555555555555 0.0140625
0 0.02361111111111111 0.3765625 0.027777777777777776 0.0171875
0 0.08888888888888889 0.547265625 0.03611111111111111 0.00859375
0 0.1451388888888889 0.567578125 0.03194444444444444 0.02109375
0 0.12777777777777777 0.595703125 0.030555555555555555 0.01953125
0 0.4152777777777778 0.51875 0.030555555555555555 0.0125
0 0.2881944444444444 0.365625 0.03194444444444444 0.0140625
0 0.34305555555555556 0.346875 0.025 0.0171875
0 0.5020833333333333 0.420703125 0.02361111111111111 0.01484375
0 0.07777777777777778 0.45234375 0.016666666666666666 0.015625
0 0.3819444444444444 0.508984375 0.022222222222222223 0.01328125
0 0.4861111111111111 0.507421875 0.030555555555555555 0.01640625
0 0.4861111111111111 0.519921875 0.030555555555555555 0.01015625
0 0.4152777777777778 0.404296875 0.027777777777777776 0.01328125
0 0.28402777777777777 0.4046875 0.02638888888888889 0.0109375
0 0.5701388888888889 0.340234375 0.02638888888888889 0.01640625
0 0.6951388888888889 0.336328125 0.02638888888888889 0.01171875
0 0.9875 0.316796875 0.022222222222222223 0.03359375
0 0.7215277777777778 0.4171875 0.02361111111111111 0.0109375
0 0.7854166666666667 0.409765625 0.02638888888888889 0.02109375
0 0.925 0.37890625 0.041666666666666664 0.021875
0 0.7090277777777778 0.50625 0.03194444444444444 0.0171875
0 0.7555555555555555 0.483984375 0.030555555555555555 0.02578125
0 0.7944444444444444 0.4390625 0.03333333333333333 0.01875
0 0.58125 0.465625 0.034722222222222224 0.0125
0 0.6034722222222222 0.4515625 0.018055555555555554 0.0109375
0 0.9375 0.60625 0.030555555555555555 0.0265625
0 0.975 0.61328125 0.04722222222222222 0.03125
0 0.23541666666666666 0.202734375 0.03194444444444444 0.01484375
