0 0.39444444444444443 0.262109375 0.05 0.03046875
0 0.5340277777777778 0.402734375 0.0375 0.01796875
0 0.15416666666666667 0.471875 0.04722222222222222 0.0296875
0 0.18888888888888888 0.54609375 0.05555555555555555 0.0296875
0 0.4284722222222222 0.5 0.04861111111111111 0.028125
0 0.4076388888888889 0.457421875 0.03194444444444444 0.02109375
0 0.47430555555555554 0.453515625 0.02361111111111111 0.01484375
0 0.4888888888888889 0.509375 0.03611111111111111 0.0296875
0 0.11736111111111111 0.62265625 0.0625 0.028125
0 0.5409722222222222 0.551171875 0.034722222222222224 0.02265625
0 0.5173611111111112 0.516796875 0.03194444444444444 0.02890625
0 0.6298611111111111 0.53359375 0.03194444444444444 0.01875
0 0.06111111111111111 0.726953125 0.03611111111111111 0.02578125
0 0.3729166666666667 0.716796875 0.04861111111111111 0.02265625
0 0.3458333333333333 0.739453125 0.022222222222222223 0.02109375
0 0.40694444444444444 0.690625 0.05 0.0296875
0 0.41875 0.7125 0.04583333333333333 0.025
0 0.45 0.682421875 0.03888888888888889 0.02734375
0 0.5854166666666667 0.650390625 0.05694444444444444 0.02890625
0 0.6923611111111111 0.658984375 0.04027777777777778 0.02265625
0 0.6506944444444445 0.69609375 0.04861111111111111 0.021875
0 0.6541666666666667 0.621484375 0.05 0.02421875
0 0.6152777777777778 0.605078125 0.05555555555555555 0.01640625
0 0.5590277777777778 0.575390625 0.04027777777777778 0.00859375
0 0.6479166666666667 0.53828125 0.04861111111111111 0.01875
0 0.7361111111111112 0.608984375 0.05277777777777778 0.02109375
0 0.6986111111111111 0.521484375 0.04722222222222222 0.02265625
0 0.6805555555555556 0.5359375 0.025 0.0140625
0 0.8902777777777777 0.516015625 0.03333333333333333 0.01953125
0 0.9243055555555556 0.515234375 0.0375 0.01484375
0 0.4083333333333333 0.36796875 0.016666666666666666 0.0125
0 0.3888888888888889 0.41875 0.030555555555555555 0.0125
0 0.3840277777777778 0.658203125 0.02361111111111111 0.02578125
0 0.6694444444444444 0.5265625 0.027777777777777776 0.015625
0 0.6069444444444444 0.587109375 0.06111111111111111 0.02734375
0 0.5902777777777778 0.57734375 0.03333333333333333 0.0125
0 0.40208333333333335 0.80625 0.05416666666666667 0.028125
