0 0.0125 0.291015625 0.019444444444444445 0.01171875
0 0.02638888888888889 0.26796875 0.025 0.01875
0 0.06041666666666667 0.298046875 0.02638888888888889 0.01796875
0 0.07361111111111111 0.25390625 0.030555555555555555 0.0203125
0 0.07152777777777777 0.26796875 0.029166666666666667 0.0140625
0 0.1 0.283203125 0.03888888888888889 0.01640625
0 0.12638888888888888 0.276171875 0.022222222222222223 0.01171875
0 0.13125 0.2484375 0.020833333333333332 0.0078125
0 0.19791666666666666 0.240625 0.02638888888888889 0.0078125
0 0.1388888888888889 0.347265625 0.025 0.01171875
0 0.1701388888888889 0.33828125 0.0375 0.0203125
0 0.175 0.316015625 0.016666666666666666 0.01171875
0 0.23958333333333334 0.3578125 0.02638888888888889 0.0125
0 0.25763888888888886 0.365234375 0.02638888888888889 0.01015625
0 0.27361111111111114 0.392578125 0.022222222222222223 0.01171875
0 0.3236111111111111 0.35078125 0.025 0.009375
0 0.3215277777777778 0.364453125 0.018055555555555554 0.01015625
0 0.33125 0.377734375 0.02638888888888889 0.01171875
0 0.30069444444444443 0.275390625 0.05416666666666667 0.03515625
0 0.3541666666666667 0.302734375 0.058333333333333334 0.03671875
0 0.4305555555555556 0.383203125 0.05555555555555555 0.03515625
0 0.38472222222222224 0.429296875 0.022222222222222223 0.01171875
0 0.36527777777777776 0.434375 0.013888888888888888 0.009375
0 0.5277777777777778 0.3421875 0.025 0.01875
0 0.02638888888888889 0.4390625 0.027777777777777776 0.0109375
0 0.025 0.523046875 0.03888888888888889 0.02109375
0 0.08819444444444445 0.498828125 0.03194444444444444 0.02265625
0 0.014583333333333334 0.590234375 0.029166666666666667 0.03046875
0 0.07222222222222222 0.5640625 0.03333333333333333 0.01875
0 0.13194444444444445 0.52734375 0.05 0.021875
0 0.013888888888888888 0.6640625 0.025 0.0234375
0 0.04722222222222222 0.662890625 0.019444444444444445 0.01484375
0 0.04097222222222222 0.63515625 0.020833333333333332 0.01875
0 0.08888888888888889 0.622265625 0.03333333333333333 0.01484375
0 0.17569444444444443 0.604296875 0.02638888888888889 0.01640625
0 0.21319444444444444 0.664453125 0.018055555555555554 0.01328125
0 0.19791666666666666 0.53828125 0.020833333333333332 0.0125
0 0.21041666666666667 0.515234375 0.020833333333333332 0.01171875
0 0.2534722222222222 0.5546875 0.03194444444444444 0.0265625
0 0.29305555555555557 0.48515625 0.041666666666666664 0.0171875
0 0.3527777777777778 0.55234375 0.022222222222222223 0.015625
0 0.3854166666666667 0.54765625 0.034722222222222224 0.015625
0 0.41180555555555554 0.54140625 0.02638888888888889 0.0140625
0 0.49583333333333335 0.602734375 0.027777777777777776 0.01640625
0 0.46875 0.537109375 0.02638888888888889 0.01640625
0 0.4736111111111111 0.56640625 0.025 0.0140625
0 0.4951388888888889 0.535546875 0.029166666666666667 0.01484375
0 0.6006944444444444 0.561328125 0.02361111111111111 0.01328125
0 0.6402777777777777 0.637890625 0.025 0.01171875
0 0.7784722222222222 0.58359375 0.029166666666666667 0.01875
0 0.5715277777777777 0.319921875 0.03194444444444444 0.01015625
0 0.5506944444444445 0.3140625 0.0375 0.00625
0 0.6944444444444444 0.3734375 0.027777777777777776 0.0125
0 0.5638888888888889 0.43828125 0.027777777777777776 0.015625
0 0.6152777777777778 0.448828125 0.044444444444444446 0.02109375
0 0.6291666666666667 0.467578125 0.044444444444444446 0.02578125
0 0.6861111111111111 0.536328125 0.05555555555555555 0.03203125
0 0.7263888888888889 0.556640625 0.05 0.02734375
0 0.9423611111111111 0.56875 0.03194444444444444 0.0171875
0 0.9125 0.53671875 0.030555555555555555 0.0203125
0 0.9833333333333333 0.4890625 0.030555555555555555 0.028125
0 0.95 0.500390625 0.05 0.02734375
0 0.8493055555555555 0.46796875 0.05138888888888889 0.028125
0 0.7631944444444444 0.458203125 0.05416666666666667 0.02578125
0 0.6541666666666667 0.43046875 0.03333333333333333 0.0234375
0 0.6895833333333333 0.4421875 0.04861111111111111 0.0265625
0 0.7 0.403125 0.03333333333333333 0.0109375
0 0.7868055555555555 0.35859375 0.04583333333333333 0.0234375
0 0.7701388888888889 0.39765625 0.020833333333333332 0.015625
0 0.8090277777777778 0.39765625 0.0375 0.025
0 0.8493055555555555 0.416015625 0.043055555555555555 0.02265625
0 0.9048611111111111 0.387109375 0.04027777777777778 0.02109375
0 0.9416666666666667 0.3875 0.027777777777777776 0.0109375
0 0.9083333333333333 0.42734375 0.05555555555555555 0.0203125
0 0.8201388888888889 0.2796875 0.020833333333333332 0.0171875
0 0.8451388888888889 0.276953125 0.0375 0.02265625
0 0.8770833333333333 0.261328125 0.04583333333333333 0.02578125
0 0.8895833333333333 0.2453125 0.029166666666666667 0.0109375
0 0.89375 0.278515625 0.03194444444444444 0.01953125
0 0.9270833333333334 0.2796875 0.04583333333333333 0.01875
0 0.9895833333333334 0.2578125 0.018055555555555554 0.025
0 0.7666666666666667 0.1140625 0.03333333333333333 0.0234375
0 0.8013888888888889 0.11640625 0.03333333333333333 0.0203125
0 0.8256944444444444 0.11484375 0.018055555555555554 0.0171875
0 0.8465277777777778 0.12265625 0.03194444444444444 0.01875
0 0.8756944444444444 0.098828125 0.03194444444444444 0.01953125
0 0.9326388888888889 0.0640625 0.0375 0.01875
0 0.9118055555555555 0.09140625 0.0375 0.0203125
0 0.9166666666666666 0.11328125 0.03333333333333333 0.0203125
0 0.9208333333333333 0.165625 0.03333333333333333 0.0171875
0 0.9631944444444445 0.140625 0.04583333333333333 0.0203125
0 0.99375 0.115625 0.006944444444444444 0.0140625
0 0.08194444444444444 0.45546875 0.013888888888888888 0.009375
0 0.9583333333333334 0.58671875 0.027777777777777776 0.0125
0 0.10069444444444445 0.25859375 0.02638888888888889 0.0203125
0 0.20347222222222222 0.33515625 0.02638888888888889 0.015625
0 0.3819444444444444 0.376171875 0.019444444444444445 0.00859375
0 0.8361111111111111 0.088671875 0.019444444444444445 0.01171875
0 0.9416666666666667 0.116796875 0.03888888888888889 0.01953125
0 0.5805555555555556 0.380859375 0.022222222222222223 0.01171875
0 0.3333333333333333 0.33125 0.058333333333333334 0.03125
