0 0.7326388888888888 0.53515625 0.04583333333333333 0.0265625
0 0.7965277777777777 0.49375 0.04583333333333333 0.0234375
0 0.8680555555555556 0.4609375 0.05555555555555555 0.034375
0 0.6958333333333333 0.51171875 0.044444444444444446 0.025
0 0.5319444444444444 0.47578125 0.041666666666666664 0.0234375
0 0.38680555555555557 0.46484375 0.0375 0.0203125
0 0.2263888888888889 0.483203125 0.03333333333333333 0.02421875
0 0.36180555555555555 0.49453125 0.034722222222222224 0.0203125
0 0.1625 0.469140625 0.030555555555555555 0.02265625
0 0.10694444444444444 0.470703125 0.03888888888888889 0.02265625
0 0.18194444444444444 0.380078125 0.03333333333333333 0.01796875
0 0.1361111111111111 0.326953125 0.03611111111111111 0.01953125
0 0.3576388888888889 0.319140625 0.03194444444444444 0.01640625
0 0.7534722222222222 0.191796875 0.04583333333333333 0.02421875
0 0.9027777777777778 0.31171875 0.041666666666666664 0.01875
0 0.8597222222222223 0.308984375 0.041666666666666664 0.02578125
0 0.7652777777777777 0.3140625 0.044444444444444446 0.0265625
0 0.9430555555555555 0.17109375 0.03333333333333333 0.0265625
0 0.31666666666666665 0.307421875 0.03333333333333333 0.01484375
0 0.09583333333333334 0.4796875 0.03888888888888889 0.0234375
0 0.34097222222222223 0.47421875 0.02361111111111111 0.0171875
0 0.7256944444444444 0.514453125 0.034722222222222224 0.02109375
0 0.7597222222222222 0.507421875 0.025 0.01015625
0 0.9430555555555555 0.46171875 0.027777777777777776 0.0109375
0 0.9604166666666667 0.482421875 0.0375 0.02109375
0 0.9840277777777777 0.498046875 0.029166666666666667 0.02578125
0 0.96875 0.501953125 0.0375 0.02265625
0 0.9902777777777778 0.56015625 0.016666666666666666 0.021875
0 0.0763888888888889 0.325390625 0.025 0.01171875
0 0.1909722222222222 0.32890625 0.03194444444444444 0.015625
0 0.16527777777777777 0.3625 0.016666666666666666 0.0109375
0 0.05694444444444444 0.272265625 0.03333333333333333 0.01953125
0 0.050694444444444445 0.316796875 0.02638888888888889 0.01015625
0 0.06736111111111111 0.3140625 0.0125 0.0125
0 0.009027777777777777 0.278125 0.015277777777777777 0.015625
0 0.8013888888888889 0.3 0.03888888888888889 0.025
0 0.8729166666666667 0.320703125 0.018055555555555554 0.01171875
0 0.2222222222222222 0.408984375 0.030555555555555555 0.01328125
0 0.7131944444444445 0.1953125 0.043055555555555555 0.028125
0 0.0125 0.1515625 0.025 0.0203125
0 0.011111111111111112 0.208203125 0.019444444444444445 0.01796875
0 0.029861111111111113 0.3015625 0.018055555555555554 0.015625
0 0.9791666666666666 0.16015625 0.03888888888888889 0.025
0 0.9888888888888889 0.184375 0.019444444444444445 0.0140625
0 0.9618055555555556 0.197265625 0.04583333333333333 0.02421875
0 0.9583333333333334 0.32421875 0.027777777777777776 0.0125
0 0.39166666666666666 0.43828125 0.030555555555555555 0.0125
0 0.36944444444444446 0.3921875 0.025 0.0109375
0 0.3236111111111111 0.392578125 0.027777777777777776 0.01171875
0 0.37222222222222223 0.375 0.016666666666666666 0.0140625
