0 0.05 0.295703125 0.016666666666666666 0.00703125
0 0.10972222222222222 0.36484375 0.019444444444444445 0.0125
0 0.13680555555555557 0.368359375 0.03194444444444444 0.01328125
0 0.15208333333333332 0.3546875 0.018055555555555554 0.015625
0 0.2263888888888889 0.3453125 0.022222222222222223 0.009375
0 0.1763888888888889 0.33671875 0.016666666666666666 0.009375
0 0.2423611111111111 0.38671875 0.029166666666666667 0.0171875
0 0.27291666666666664 0.35625 0.009722222222222222 0.00625
0 0.3111111111111111 0.340625 0.016666666666666666 0.0109375
0 0.38055555555555554 0.381640625 0.019444444444444445 0.01484375
0 0.36180555555555555 0.406640625 0.015277777777777777 0.00390625
0 0.5020833333333333 0.375390625 0.009722222222222222 0.01328125
0 0.2361111111111111 0.453125 0.016666666666666666 0.0125
0 0.34930555555555554 0.526171875 0.020833333333333332 0.01171875
0 0.23055555555555557 0.563671875 0.025 0.01015625
0 0.4125 0.58828125 0.03333333333333333 0.0109375
0 0.4263888888888889 0.594140625 0.013888888888888888 0.01171875
0 0.4486111111111111 0.600390625 0.016666666666666666 0.01484375
0 0.47430555555555554 0.564453125 0.020833333333333332 0.01015625
0 0.5965277777777778 0.559765625 0.009722222222222222 0.00859375
0 0.6284722222222222 0.59375 0.02361111111111111 0.0109375
0 0.6013888888888889 0.593359375 0.008333333333333333 0.00859375
0 0.5493055555555556 0.60703125 0.009722222222222222 0.0109375
0 0.5451388888888888 0.659765625 0.029166666666666667 0.02421875
0 0.5916666666666667 0.6546875 0.016666666666666666 0.00625
0 0.5076388888888889 0.686328125 0.015277777777777777 0.01171875
0 0.5263888888888889 0.69296875 0.022222222222222223 0.0125
0 0.5902777777777778 0.697265625 0.013888888888888888 0.01015625
0 0.5541666666666667 0.68125 0.011111111111111112 0.0109375
0 0.6680555555555555 0.70390625 0.022222222222222223 0.009375
0 0.7194444444444444 0.734375 0.022222222222222223 0.01875
0 0.6993055555555555 0.683203125 0.009722222222222222 0.01953125
0 0.8590277777777777 0.680859375 0.0125 0.01171875
0 0.8479166666666667 0.45 0.015277777777777777 0.0078125
0 0.8145833333333333 0.41640625 0.018055555555555554 0.0078125
0 0.65625 0.434375 0.015277777777777777 0.009375
0 0.4479166666666667 0.458984375 0.0125 0.01328125
0 0.5576388888888889 0.440234375 0.02638888888888889 0.01484375
0 0.78125 0.38671875 0.009722222222222222 0.0078125
0 0.5520833333333334 0.41875 0.02361111111111111 0.0203125
0 0.6 0.440234375 0.016666666666666666 0.01015625
0 0.6513888888888889 0.341015625 0.027777777777777776 0.01484375
0 0.6256944444444444 0.32109375 0.018055555555555554 0.009375
0 0.5388888888888889 0.2953125 0.022222222222222223 0.0125
0 0.55625 0.266796875 0.02638888888888889 0.01640625
0 0.5847222222222223 0.264453125 0.025 0.01484375
0 0.6111111111111112 0.241015625 0.013888888888888888 0.01328125
0 0.5347222222222222 0.250390625 0.030555555555555555 0.01640625
0 0.5388888888888889 0.208984375 0.022222222222222223 0.01015625
0 0.48333333333333334 0.233984375 0.022222222222222223 0.01328125
0 0.45625 0.239453125 0.02361111111111111 0.01484375
0 0.45555555555555555 0.2234375 0.022222222222222223 0.0125
0 0.3923611111111111 0.229296875 0.015277777777777777 0.00859375
0 0.3770833333333333 0.24453125 0.02638888888888889 0.0171875
0 0.40555555555555556 0.246875 0.027777777777777776 0.0171875
0 0.5013888888888889 0.186328125 0.011111111111111112 0.01015625
0 0.47152777777777777 0.190234375 0.006944444444444444 0.01171875
0 0.5430555555555555 0.169921875 0.022222222222222223 0.01171875
0 0.5208333333333334 0.145703125 0.022222222222222223 0.00859375
0 0.4326388888888889 0.171875 0.02361111111111111 0.015625
0 0.5319444444444444 0.2765625 0.008333333333333333 0.00625
0 0.16805555555555557 0.634375 0.019444444444444445 0.0140625
0 0.13819444444444445 0.396484375 0.020833333333333332 0.02109375
0 0.5076388888888889 0.168359375 0.04027777777777778 0.01015625
0 0.8263888888888888 0.429296875 0.022222222222222223 0.00859375
0 0.8409722222222222 0.423046875 0.02361111111111111 0.01328125
0 0.32569444444444445 0.537890625 0.029166666666666667 0.02265625
0 0.5680555555555555 0.540234375 0.022222222222222223 0.01171875
0 0.5486111111111112 0.53828125 0.016666666666666666 0.0078125
0 0.33194444444444443 0.580859375 0.022222222222222223 0.02265625
0 0.3034722222222222 0.58046875 0.0125 0.0109375
0 0.28194444444444444 0.58046875 0.019444444444444445 0.0125
0 0.21458333333333332 0.583203125 0.03194444444444444 0.01484375
0 0.6631944444444444 0.7375 0.029166666666666667 0.01875
0 0.8756944444444444 0.697265625 0.02638888888888889 0.01015625
0 0.9 0.682421875 0.019444444444444445 0.01171875
0 0.9256944444444445 0.669140625 0.015277777777777777 0.01328125
0 0.5395833333333333 0.62109375 0.029166666666666667 0.0140625
0 0.76875 0.726171875 0.043055555555555555 0.01640625
0 0.8444444444444444 0.7265625 0.03333333333333333 0.0109375
0 0.7736111111111111 0.778515625 0.027777777777777776 0.01796875
0 0.8215277777777777 0.765625 0.02638888888888889 0.0171875
