0 0.19722222222222222 0.612890625 0.025 0.01953125
0 0.27708333333333335 0.5 0.03194444444444444 0.0140625
0 0.15902777777777777 0.460546875 0.059722222222222225 0.02734375
0 0.21597222222222223 0.462890625 0.04861111111111111 0.02578125
0 0.02013888888888889 0.38203125 0.04027777777777778 0.028125
0 0.00625 0.405859375 0.0125 0.01796875
0 0.14097222222222222 0.353125 0.04583333333333333 0.01875
0 0.20972222222222223 0.358203125 0.044444444444444446 0.02421875
0 0.24930555555555556 0.33046875 0.05416666666666667 0.0328125
0 0.28541666666666665 0.3484375 0.043055555555555555 0.015625
0 0.2777777777777778 0.315234375 0.03333333333333333 0.02109375
0 0.19236111111111112 0.284765625 0.05416666666666667 0.01953125
0 0.02638888888888889 0.268359375 0.041666666666666664 0.02421875
0 0.2048611111111111 0.26328125 0.034722222222222224 0.0171875
0 0.2826388888888889 0.203125 0.0375 0.025
0 0.81875 0.200390625 0.0375 0.02578125
0 0.8583333333333333 0.2109375 0.05 0.0296875
0 0.8166666666666667 0.126171875 0.03888888888888889 0.02109375
0 0.03125 0.201953125 0.0625 0.03359375
0 0.04097222222222222 0.154296875 0.05138888888888889 0.02578125
0 0.05555555555555555 0.1734375 0.03611111111111111 0.0125
0 0.018055555555555554 0.17109375 0.030555555555555555 0.0140625
0 0.1875 0.15390625 0.04722222222222222 0.025
0 0.08402777777777778 0.043359375 0.04861111111111111 0.02890625
0 0.7208333333333333 0.047265625 0.05 0.03359375
0 0.6826388888888889 0.063671875 0.04583333333333333 0.02421875
0 0.6347222222222222 0.0671875 0.044444444444444446 0.025
0 0.29791666666666666 0.394921875 0.0375 0.01015625
0 0.22013888888888888 0.482421875 0.015277777777777777 0.01015625
0 0.26805555555555555 0.294921875 0.030555555555555555 0.02265625
0 0.6451388888888889 0.03515625 0.05694444444444444 0.01875
0 0.7090277777777778 0.103515625 0.04027777777777778 0.03203125
0 0.19722222222222222 0.3046875 0.013888888888888888 0.0140625
0 0.17083333333333334 0.436328125 0.025 0.01484375
0 0.19791666666666666 0.59375 0.02361111111111111 0.0125
0 0.14791666666666667 0.5484375 0.018055555555555554 0.0125
0 0.40902777777777777 0.731640625 0.043055555555555555 0.02890625
0 0.5722222222222222 0.692578125 0.041666666666666664 0.02890625
0 0.8583333333333333 0.4484375 0.05555555555555555 0.028125
