0 0.7770833333333333 0.169140625 0.04027777777777778 0.02265625
0 0.8027777777777778 0.150390625 0.03333333333333333 0.01796875
0 0.6805555555555556 0.534765625 0.04722222222222222 0.02890625
0 0.60625 0.504296875 0.04861111111111111 0.02578125
0 0.8270833333333333 0.509375 0.043055555555555555 0.028125
0 0.7944444444444444 0.6140625 0.04722222222222222 0.0234375
0 0.6652777777777777 0.596875 0.044444444444444446 0.025
0 0.37083333333333335 0.49140625 0.04722222222222222 0.028125
0 0.5395833333333333 0.444140625 0.043055555555555555 0.02890625
0 0.9409722222222222 0.512890625 0.0375 0.01953125
0 0.9034722222222222 0.523828125 0.04861111111111111 0.02421875
0 0.9631944444444445 0.459375 0.043055555555555555 0.028125
0 0.8659722222222223 0.43515625 0.05416666666666667 0.03125
0 0.93125 0.28125 0.04583333333333333 0.025
0 0.9493055555555555 0.304296875 0.034722222222222224 0.02578125
0 0.9319444444444445 0.351171875 0.03333333333333333 0.02265625
0 0.2534722222222222 0.431640625 0.043055555555555555 0.02734375
0 0.5652777777777778 0.459375 0.03888888888888889 0.021875
0 0.6506944444444445 0.514453125 0.043055555555555555 0.02890625
0 0.6305555555555555 0.43125 0.05 0.0234375
0 0.7909722222222222 0.51484375 0.04583333333333333 0.0234375
0 0.8854166666666666 0.152734375 0.03194444444444444 0.01953125
0 0.9208333333333333 0.62734375 0.03611111111111111 0.0171875
0 0.9909722222222223 0.537890625 0.015277777777777777 0.02578125
0 0.7791666666666667 0.339453125 0.041666666666666664 0.02421875
0 0.6631944444444444 0.570703125 0.04861111111111111 0.02734375
