0 0.39444444444444443 0.084765625 0.05555555555555555 0.03671875
0 0.4125 0.05234375 0.041666666666666664 0.0203125
0 0.47152777777777777 0.053515625 0.034722222222222224 0.03046875
0 0.4652777777777778 0.08515625 0.03888888888888889 0.03125
0 0.2777777777777778 0.119921875 0.044444444444444446 0.01953125
0 0.4423611111111111 0.11640625 0.029166666666666667 0.0140625
0 0.29791666666666666 0.15703125 0.05416666666666667 0.0390625
0 0.4979166666666667 0.16328125 0.05416666666666667 0.0234375
0 0.31875 0.19609375 0.05416666666666667 0.028125
0 0.3145833333333333 0.216796875 0.04583333333333333 0.02265625
0 0.27569444444444446 0.22578125 0.059722222222222225 0.0265625
0 0.39861111111111114 0.2484375 0.05 0.021875
0 0.20833333333333334 0.1765625 0.041666666666666664 0.0078125
0 0.9333333333333333 0.228515625 0.04722222222222222 0.02421875
0 0.9416666666666667 0.24921875 0.044444444444444446 0.025
0 0.9784722222222222 0.256640625 0.04027777777777778 0.01796875
0 0.5131944444444444 0.268359375 0.043055555555555555 0.03359375
0 0.5513888888888889 0.277734375 0.05 0.03203125
0 0.022916666666666665 0.453125 0.043055555555555555 0.028125
0 0.11458333333333333 0.384765625 0.05694444444444444 0.02734375
0 0.37777777777777777 0.381640625 0.041666666666666664 0.02734375
0 0.4201388888888889 0.386328125 0.043055555555555555 0.02421875
0 0.17777777777777778 0.43125 0.044444444444444446 0.028125
0 0.2881944444444444 0.41015625 0.0125 0.01875
0 0.23472222222222222 0.4359375 0.025 0.0203125
0 0.26944444444444443 0.44375 0.044444444444444446 0.0234375
0 0.24375 0.467578125 0.04027777777777778 0.02109375
0 0.2798611111111111 0.471484375 0.0375 0.01640625
0 0.3576388888888889 0.476171875 0.0125 0.01953125
0 0.3055555555555556 0.491796875 0.025 0.01640625
0 0.3145833333333333 0.521875 0.05138888888888889 0.028125
0 0.37083333333333335 0.441015625 0.041666666666666664 0.02109375
0 0.40694444444444444 0.459765625 0.05277777777777778 0.03046875
0 0.94375 0.380078125 0.05416666666666667 0.02734375
0 0.9777777777777777 0.39921875 0.041666666666666664 0.03125
0 0.44513888888888886 0.46640625 0.04583333333333333 0.025
0 0.4388888888888889 0.4828125 0.03333333333333333 0.015625
0 0.47638888888888886 0.471875 0.05 0.0265625
0 0.5680555555555555 0.48046875 0.03888888888888889 0.0203125
0 0.5944444444444444 0.4703125 0.03888888888888889 0.01875
0 0.6694444444444444 0.52421875 0.030555555555555555 0.0140625
0 0.39652777777777776 0.58828125 0.05138888888888889 0.0296875
0 0.35555555555555557 0.59921875 0.058333333333333334 0.0296875
0 0.2611111111111111 0.555078125 0.05 0.02734375
0 0.24930555555555556 0.575390625 0.03194444444444444 0.02109375
0 0.27152777777777776 0.57421875 0.018055555555555554 0.0171875
0 0.2965277777777778 0.553515625 0.02638888888888889 0.03203125
0 0.4486111111111111 0.716796875 0.058333333333333334 0.03359375
0 0.4798611111111111 0.7734375 0.0625 0.0265625
0 0.17708333333333334 0.631640625 0.04861111111111111 0.02578125
0 0.04861111111111111 0.623046875 0.027777777777777776 0.01015625
0 0.4361111111111111 0.573046875 0.027777777777777776 0.01015625
0 0.2791666666666667 0.680859375 0.03333333333333333 0.01640625
