0 0.18611111111111112 0.13671875 0.044444444444444446 0.025
0 0.2076388888888889 0.162109375 0.04861111111111111 0.02421875
0 0.10277777777777777 0.2375 0.04722222222222222 0.021875
0 0.16805555555555557 0.269921875 0.04722222222222222 0.02734375
0 0.15138888888888888 0.2859375 0.027777777777777776 0.015625
0 0.09583333333333334 0.303515625 0.044444444444444446 0.02265625
0 0.034722222222222224 0.290234375 0.04722222222222222 0.02265625
0 0.13472222222222222 0.32890625 0.027777777777777776 0.0109375
0 0.21180555555555555 0.307421875 0.04583333333333333 0.02109375
0 0.2298611111111111 0.226953125 0.03194444444444444 0.01953125
0 0.25 0.19375 0.044444444444444446 0.0203125
0 0.2902777777777778 0.201171875 0.03888888888888889 0.02109375
0 0.3284722222222222 0.20078125 0.04027777777777778 0.0265625
0 0.3090277777777778 0.222265625 0.0375 0.02578125
0 0.3458333333333333 0.220703125 0.03888888888888889 0.02265625
0 0.2604166666666667 0.230078125 0.043055555555555555 0.02734375
0 0.28680555555555554 0.247265625 0.05694444444444444 0.02265625
0 0.3284722222222222 0.275 0.04583333333333333 0.0328125
0 0.37916666666666665 0.2828125 0.05277777777777778 0.034375
0 0.3993055555555556 0.240625 0.034722222222222224 0.0125
0 0.5104166666666666 0.22265625 0.05416666666666667 0.0296875
0 0.4444444444444444 0.272265625 0.05555555555555555 0.02890625
0 0.5319444444444444 0.288671875 0.06111111111111111 0.03359375
0 0.5986111111111111 0.265234375 0.05277777777777778 0.03359375
0 0.4222222222222222 0.298046875 0.05 0.03359375
0 0.37777777777777777 0.321484375 0.058333333333333334 0.03359375
0 0.4236111111111111 0.31875 0.03611111111111111 0.0140625
0 0.4326388888888889 0.33359375 0.04583333333333333 0.0265625
0 0.49444444444444446 0.323828125 0.05 0.03046875
0 0.6145833333333334 0.29375 0.020833333333333332 0.0140625
0 0.6597222222222222 0.30625 0.04722222222222222 0.0328125
0 0.7020833333333333 0.26484375 0.02361111111111111 0.0203125
0 0.7576388888888889 0.265234375 0.05416666666666667 0.03203125
0 0.8048611111111111 0.2421875 0.0375 0.021875
0 0.7611111111111111 0.30625 0.03888888888888889 0.0203125
0 0.8125 0.32890625 0.030555555555555555 0.021875
0 0.8465277777777778 0.33515625 0.034722222222222224 0.021875
0 0.85625 0.3453125 0.0375 0.0125
0 0.5875 0.33828125 0.041666666666666664 0.0203125
0 0.6305555555555555 0.366015625 0.030555555555555555 0.01796875
0 0.6638888888888889 0.3703125 0.03611111111111111 0.0171875
0 0.8368055555555556 0.38203125 0.04027777777777778 0.0234375
0 0.8743055555555556 0.421484375 0.043055555555555555 0.02265625
0 0.8375 0.502734375 0.041666666666666664 0.02265625
0 0.9368055555555556 0.50078125 0.0375 0.0171875
0 0.5611111111111111 0.3828125 0.03611111111111111 0.0234375
0 0.49027777777777776 0.370703125 0.041666666666666664 0.02734375
0 0.4548611111111111 0.368359375 0.03194444444444444 0.02265625
0 0.26875 0.36328125 0.04027777777777778 0.0296875
0 0.35 0.390234375 0.04722222222222222 0.02421875
0 0.43680555555555556 0.384375 0.03194444444444444 0.0140625
0 0.13402777777777777 0.4328125 0.059722222222222225 0.03125
0 0.19583333333333333 0.448828125 0.04722222222222222 0.02734375
0 0.8180555555555555 0.5296875 0.025 0.0140625
0 0.8520833333333333 0.557421875 0.04027777777777778 0.02578125
0 0.9381944444444444 0.562890625 0.04583333333333333 0.02265625
0 0.9284722222222223 0.578125 0.043055555555555555 0.0234375
0 0.45694444444444443 0.462890625 0.03888888888888889 0.02109375
0 0.37222222222222223 0.4625 0.05555555555555555 0.015625
0 0.3034722222222222 0.491015625 0.04027777777777778 0.02265625
0 0.41597222222222224 0.524609375 0.04027777777777778 0.02265625
0 0.058333333333333334 0.548046875 0.03333333333333333 0.02265625
0 0.08472222222222223 0.552734375 0.019444444444444445 0.01640625
0 0.15763888888888888 0.550390625 0.034722222222222224 0.02734375
0 0.31805555555555554 0.628125 0.030555555555555555 0.015625
0 0.3423611111111111 0.6390625 0.034722222222222224 0.015625
0 0.41597222222222224 0.56953125 0.043055555555555555 0.0171875
0 0.9715277777777778 0.659375 0.04027777777777778 0.0203125
0 0.7847222222222222 0.683984375 0.03888888888888889 0.00859375
0 0.7888888888888889 0.737890625 0.030555555555555555 0.02265625
0 0.7659722222222223 0.783984375 0.04583333333333333 0.02890625
0 0.7402777777777778 0.80234375 0.04722222222222222 0.0296875
0 0.7201388888888889 0.826953125 0.05416666666666667 0.03203125
0 0.7006944444444444 0.846484375 0.043055555555555555 0.02890625
0 0.022916666666666665 0.06328125 0.043055555555555555 0.05
0 0.07291666666666667 0.033203125 0.043055555555555555 0.01953125
0 0.15486111111111112 0.01171875 0.04027777777777778 0.01875
0 0.2826388888888889 0.623828125 0.02361111111111111 0.01171875
