0 0.20625 0.126171875 0.03194444444444444 0.01953125
0 0.23402777777777778 0.1296875 0.029166666666666667 0.0171875
0 0.2534722222222222 0.130078125 0.015277777777777777 0.01484375
0 0.27152777777777776 0.138671875 0.02361111111111111 0.01484375
0 0.29097222222222224 0.11796875 0.02638888888888889 0.0171875
0 0.3215277777777778 0.112890625 0.029166666666666667 0.02109375
0 0.3284722222222222 0.1328125 0.029166666666666667 0.0171875
0 0.34930555555555554 0.137109375 0.018055555555555554 0.01328125
0 0.33055555555555555 0.1796875 0.027777777777777776 0.0171875
0 0.3625 0.15859375 0.03611111111111111 0.0203125
0 0.08194444444444444 0.323046875 0.022222222222222223 0.00703125
0 0.15416666666666667 0.345703125 0.030555555555555555 0.01796875
0 0.005555555555555556 0.301953125 0.011111111111111112 0.01328125
0 0.044444444444444446 0.36015625 0.022222222222222223 0.0171875
0 0.00625 0.4015625 0.009722222222222222 0.0140625
0 0.01875 0.4125 0.029166666666666667 0.01875
0 0.06736111111111111 0.42734375 0.04027777777777778 0.0234375
0 0.013194444444444444 0.4953125 0.02638888888888889 0.028125
0 0.04652777777777778 0.515234375 0.04583333333333333 0.02265625
0 0.07222222222222222 0.532421875 0.025 0.01328125
0 0.11458333333333333 0.51796875 0.029166666666666667 0.0171875
0 0.14722222222222223 0.52734375 0.030555555555555555 0.0171875
0 0.18958333333333333 0.546875 0.029166666666666667 0.015625
0 0.14930555555555555 0.605078125 0.018055555555555554 0.01328125
0 0.29930555555555555 0.534375 0.0375 0.021875
0 0.10833333333333334 0.40859375 0.027777777777777776 0.0203125
0 0.1486111111111111 0.43828125 0.03333333333333333 0.021875
0 0.1951388888888889 0.46484375 0.04027777777777778 0.021875
0 0.2263888888888889 0.4578125 0.05 0.021875
0 0.28055555555555556 0.4453125 0.041666666666666664 0.028125
0 0.2423611111111111 0.372265625 0.02638888888888889 0.01796875
0 0.4826388888888889 0.037890625 0.02638888888888889 0.01796875
0 0.48055555555555557 0.053125 0.030555555555555555 0.0171875
0 0.5361111111111111 0.058203125 0.025 0.01640625
0 0.5604166666666667 0.11875 0.03194444444444444 0.0203125
0 0.6208333333333333 0.059765625 0.016666666666666666 0.01171875
0 0.6333333333333333 0.0828125 0.027777777777777776 0.0203125
0 0.6451388888888889 0.09765625 0.029166666666666667 0.021875
0 0.6701388888888888 0.198046875 0.05416666666666667 0.03359375
0 0.7680555555555556 0.132421875 0.016666666666666666 0.01796875
0 0.5756944444444444 0.183984375 0.034722222222222224 0.02578125
0 0.5013888888888889 0.172265625 0.044444444444444446 0.03046875
0 0.45625 0.18125 0.04861111111111111 0.0296875
0 0.49583333333333335 0.201171875 0.03888888888888889 0.02421875
0 0.40069444444444446 0.2375 0.043055555555555555 0.028125
0 0.23680555555555555 0.273828125 0.020833333333333332 0.01796875
0 0.22847222222222222 0.27734375 0.02638888888888889 0.015625
0 0.2798611111111111 0.278125 0.02638888888888889 0.0171875
0 0.30486111111111114 0.28359375 0.02638888888888889 0.0203125
0 0.9159722222222222 0.222265625 0.04027777777777778 0.02109375
0 0.8715277777777778 0.22578125 0.04027777777777778 0.021875
0 0.8708333333333333 0.25390625 0.04722222222222222 0.025
0 0.8 0.26796875 0.05 0.028125
0 0.34444444444444444 0.26484375 0.03611111111111111 0.0203125
0 0.39791666666666664 0.295703125 0.034722222222222224 0.01796875
0 0.3416666666666667 0.27734375 0.030555555555555555 0.0171875
0 0.40625 0.31171875 0.03194444444444444 0.0171875
0 0.3861111111111111 0.50078125 0.044444444444444446 0.0234375
0 0.39652777777777776 0.4 0.05694444444444444 0.0265625
0 0.4423611111111111 0.430859375 0.05416666666666667 0.03046875
0 0.5694444444444444 0.434765625 0.030555555555555555 0.01640625
0 0.6583333333333333 0.45546875 0.027777777777777776 0.0109375
0 0.6409722222222223 0.420703125 0.02638888888888889 0.01328125
0 0.7506944444444444 0.4546875 0.029166666666666667 0.01875
0 0.44722222222222224 0.5 0.027777777777777776 0.0171875
0 0.49583333333333335 0.51953125 0.044444444444444446 0.0265625
0 0.5729166666666666 0.5140625 0.04861111111111111 0.025
0 0.4097222222222222 0.253515625 0.03333333333333333 0.01640625
0 0.4444444444444444 0.242578125 0.041666666666666664 0.02734375
0 0.5027777777777778 0.2421875 0.041666666666666664 0.0265625
0 0.5493055555555556 0.25 0.04583333333333333 0.021875
0 0.49166666666666664 0.268359375 0.041666666666666664 0.02109375
0 0.46458333333333335 0.2734375 0.02638888888888889 0.025
0 0.5 0.284765625 0.044444444444444446 0.02265625
0 0.5465277777777777 0.29375 0.0375 0.0203125
0 0.5819444444444445 0.31328125 0.03888888888888889 0.021875
0 0.5006944444444444 0.603515625 0.029166666666666667 0.01484375
0 0.5111111111111111 0.620703125 0.013888888888888888 0.01484375
0 0.6055555555555555 0.64453125 0.016666666666666666 0.0140625
0 0.625 0.544921875 0.03888888888888889 0.02265625
0 0.6263888888888889 0.598046875 0.022222222222222223 0.01484375
0 0.6465277777777778 0.57578125 0.043055555555555555 0.01875
0 0.7743055555555556 0.31328125 0.04583333333333333 0.0234375
0 0.8659722222222223 0.333984375 0.043055555555555555 0.02890625
0 0.7590277777777777 0.33125 0.0375 0.0203125
0 0.8902777777777777 0.36171875 0.03333333333333333 0.015625
0 0.7506944444444444 0.509765625 0.043055555555555555 0.02265625
0 0.7173611111111111 0.533203125 0.034722222222222224 0.02109375
0 0.7368055555555556 0.54765625 0.04027777777777778 0.0265625
0 0.8055555555555556 0.624609375 0.041666666666666664 0.02109375
0 0.68125 0.725390625 0.02361111111111111 0.01796875
0 0.6909722222222222 0.7421875 0.034722222222222224 0.0109375
0 0.7416666666666667 0.7125 0.027777777777777776 0.0171875
0 0.9416666666666667 0.34765625 0.03333333333333333 0.0171875
0 0.9430555555555555 0.58359375 0.030555555555555555 0.0171875
0 0.8701388888888889 0.6609375 0.018055555555555554 0.00625
0 0.6854166666666667 0.104296875 0.029166666666666667 0.01171875
0 0.2625 0.2609375 0.05 0.021875
0 0.3472222222222222 0.091796875 0.03611111111111111 0.01484375
0 0.27152777777777776 0.105859375 0.020833333333333332 0.01015625
0 0.6708333333333333 0.08828125 0.03333333333333333 0.021875
0 0.7930555555555555 0.13828125 0.03333333333333333 0.0109375
0 0.17916666666666667 0.38203125 0.030555555555555555 0.015625
0 0.2013888888888889 0.40390625 0.05555555555555555 0.0296875
0 0.3145833333333333 0.405859375 0.03194444444444444 0.02890625
0 0.3680555555555556 0.411328125 0.027777777777777776 0.01328125
0 0.9125 0.5328125 0.022222222222222223 0.01875
0 0.9944444444444445 0.607421875 0.008333333333333333 0.01484375
