0 0.044444444444444446 0.457421875 0.041666666666666664 0.02109375
0 0.175 0.38515625 0.041666666666666664 0.015625
0 0.2965277777777778 0.30390625 0.029166666666666667 0.01875
0 0.27847222222222223 0.321484375 0.02638888888888889 0.01640625
0 0.7756944444444445 0.45078125 0.020833333333333332 0.0203125
0 0.6993055555555555 0.365625 0.0375 0.0203125
0 0.011805555555555555 0.317578125 0.020833333333333332 0.01953125
0 0.29305555555555557 0.32890625 0.030555555555555555 0.009375
0 0.6652777777777777 0.351171875 0.03888888888888889 0.02421875
0 0.027083333333333334 0.44609375 0.03194444444444444 0.0125
0 0.07430555555555556 0.451953125 0.02638888888888889 0.01171875
0 0.8076388888888889 0.4375 0.02638888888888889 0.0140625
