0 0.6861111111111111 0.037109375 0.03333333333333333 0.02890625
0 0.7340277777777777 0.042578125 0.05416666666666667 0.03046875
0 0.74375 0.023046875 0.0375 0.01015625
0 0.6229166666666667 0.117578125 0.04861111111111111 0.03203125
0 0.5152777777777777 0.2265625 0.05 0.0296875
0 0.5604166666666667 0.231640625 0.02361111111111111 0.02578125
0 0.5673611111111111 0.212890625 0.04861111111111111 0.01953125
0 0.4354166666666667 0.27109375 0.04861111111111111 0.025
0 0.46319444444444446 0.318359375 0.05694444444444444 0.03046875
0 0.4965277777777778 0.32578125 0.043055555555555555 0.03125
0 0.5680555555555555 0.313671875 0.041666666666666664 0.03046875
0 0.6104166666666667 0.312109375 0.05416666666666667 0.03046875
0 0.6020833333333333 0.283984375 0.029166666666666667 0.01484375
0 0.6583333333333333 0.308203125 0.022222222222222223 0.01640625
0 0.5291666666666667 0.34609375 0.04722222222222222 0.0296875
0 0.5451388888888888 0.356640625 0.034722222222222224 0.01640625
0 0.5979166666666667 0.378515625 0.05138888888888889 0.02734375
0 0.4388888888888889 0.399609375 0.05555555555555555 0.03203125
0 0.5083333333333333 0.419921875 0.044444444444444446 0.02578125
0 0.53125 0.408203125 0.02361111111111111 0.01640625
0 0.6875 0.42890625 0.025 0.0125
0 0.7395833333333334 0.437109375 0.029166666666666667 0.02109375
0 0.5354166666666667 0.4796875 0.029166666666666667 0.0265625
0 0.46319444444444446 0.47265625 0.04027777777777778 0.0390625
0 0.37430555555555556 0.4828125 0.043055555555555555 0.0203125
0 0.22916666666666666 0.54140625 0.044444444444444446 0.0265625
0 0.4423611111111111 0.54453125 0.05416666666666667 0.0234375
0 0.48333333333333334 0.5359375 0.03888888888888889 0.0203125
0 0.5555555555555556 0.515625 0.022222222222222223 0.0203125
0 0.5055555555555555 0.55546875 0.044444444444444446 0.025
0 0.6444444444444445 0.54765625 0.04722222222222222 0.0265625
0 0.6965277777777777 0.518359375 0.04027777777777778 0.02578125
0 0.7270833333333333 0.501171875 0.04583333333333333 0.02734375
0 0.47152777777777777 0.575 0.0375 0.03125
0 0.31319444444444444 0.69296875 0.03194444444444444 0.0171875
0 0.46319444444444446 0.6390625 0.043055555555555555 0.028125
0 0.3284722222222222 0.71640625 0.0375 0.01875
0 0.6833333333333333 0.652734375 0.025 0.01953125
0 0.7180555555555556 0.647265625 0.044444444444444446 0.02109375
0 0.6902777777777778 0.676953125 0.022222222222222223 0.01796875
0 0.7576388888888889 0.698828125 0.043055555555555555 0.02109375
0 0.9736111111111111 0.7328125 0.05 0.0359375
0 0.9736111111111111 0.774609375 0.05 0.02421875
0 0.6034722222222222 0.828515625 0.059722222222222225 0.04296875
0 0.6701388888888888 0.009765625 0.034722222222222224 0.01640625
