0 0.9645833333333333 0.31953125 0.05416666666666667 0.03125
0 0.7597222222222222 0.420703125 0.03333333333333333 0.01328125
0 0.6513888888888889 0.409375 0.022222222222222223 0.0171875
0 0.6888888888888889 0.48515625 0.03333333333333333 0.0140625
0 0.18680555555555556 0.46640625 0.04861111111111111 0.028125
0 0.18888888888888888 0.487109375 0.030555555555555555 0.01328125
0 0.7638888888888888 0.615625 0.019444444444444445 0.0125
0 0.14652777777777778 0.615234375 0.05138888888888889 0.02421875
0 0.10902777777777778 0.63984375 0.043055555555555555 0.03125
0 0.16041666666666668 0.656640625 0.0375 0.01484375
0 0.1326388888888889 0.676171875 0.05416666666666667 0.02265625
0 0.14791666666666667 0.726171875 0.018055555555555554 0.01328125
