0 0.019444444444444445 0.218359375 0.03888888888888889 0.02109375
0 0.075 0.46796875 0.04722222222222222 0.021875
0 0.15833333333333333 0.412890625 0.022222222222222223 0.02109375
0 0.19166666666666668 0.423828125 0.025 0.01640625
0 0.24027777777777778 0.43828125 0.030555555555555555 0.0234375
0 0.2111111111111111 0.40703125 0.03333333333333333 0.01875
0 0.06319444444444444 0.628125 0.02361111111111111 0.0171875
0 0.35694444444444445 0.628125 0.025 0.021875
0 0.34930555555555554 0.603515625 0.015277777777777777 0.00859375
0 0.47638888888888886 0.558203125 0.025 0.01171875
0 0.5333333333333333 0.5453125 0.022222222222222223 0.009375
0 0.6215277777777778 0.590234375 0.015277777777777777 0.01484375
0 0.42083333333333334 0.66796875 0.022222222222222223 0.0140625
0 0.6597222222222222 0.642578125 0.027777777777777776 0.02109375
0 0.6833333333333333 0.6140625 0.022222222222222223 0.0125
0 0.5291666666666667 0.48984375 0.011111111111111112 0.0109375
0 0.8006944444444445 0.526953125 0.029166666666666667 0.01953125
0 0.84375 0.58515625 0.029166666666666667 0.015625
0 0.8680555555555556 0.597265625 0.025 0.02109375
0 0.7916666666666666 0.506640625 0.030555555555555555 0.01484375
0 0.8236111111111111 0.501953125 0.013888888888888888 0.00859375
0 0.9097222222222222 0.4578125 0.019444444444444445 0.0109375
0 0.9486111111111111 0.35234375 0.016666666666666666 0.0140625
0 0.9333333333333333 0.331640625 0.019444444444444445 0.00859375
0 0.825 0.353515625 0.027777777777777776 0.01796875
0 0.9145833333333333 0.309765625 0.02361111111111111 0.01328125
0 0.8423611111111111 0.309375 0.02638888888888889 0.015625
0 0.7395833333333334 0.31953125 0.029166666666666667 0.015625
0 0.7215277777777778 0.3359375 0.02638888888888889 0.0140625
0 0.6944444444444444 0.3296875 0.016666666666666666 0.015625
0 0.6729166666666667 0.30390625 0.015277777777777777 0.0125
0 0.9291666666666667 0.213671875 0.027777777777777776 0.01796875
0 0.9576388888888889 0.2171875 0.029166666666666667 0.01875
0 0.9423611111111111 0.19765625 0.0125 0.009375
0 0.9208333333333333 0.584765625 0.013888888888888888 0.00703125
0 0.6368055555555555 0.537890625 0.009722222222222222 0.00703125
0 0.12430555555555556 0.409375 0.020833333333333332 0.00625
0 0.15833333333333333 0.687890625 0.013888888888888888 0.01640625
0 0.7986111111111112 0.473828125 0.025 0.01640625
0 0.8861111111111111 0.473828125 0.011111111111111112 0.00859375
0 0.7673611111111112 0.551953125 0.029166666666666667 0.01328125
0 0.7777777777777778 0.566015625 0.019444444444444445 0.01015625
0 0.15208333333333332 0.5921875 0.0375 0.0125
0 0.07777777777777778 0.701953125 0.03888888888888889 0.03046875
0 0.21805555555555556 0.619140625 0.041666666666666664 0.02109375
0 0.7263888888888889 0.6265625 0.04722222222222222 0.021875
0 0.7916666666666666 0.62109375 0.041666666666666664 0.015625
0 0.7243055555555555 0.36796875 0.020833333333333332 0.0140625
0 0.84375 0.406640625 0.02638888888888889 0.01484375
0 0.8854166666666666 0.383984375 0.029166666666666667 0.01484375
0 0.9736111111111111 0.410546875 0.03333333333333333 0.01640625
0 0.9194444444444444 0.41796875 0.025 0.01875
