0 0.3486111111111111 0.10078125 0.027777777777777776 0.0296875
0 0.30833333333333335 0.12421875 0.019444444444444445 0.021875
0 0.3333333333333333 0.159375 0.030555555555555555 0.0203125
0 0.3638888888888889 0.14609375 0.027777777777777776 0.0203125
0 0.3902777777777778 0.25859375 0.03888888888888889 0.0234375
0 0.28888888888888886 0.219140625 0.027777777777777776 0.01328125
0 0.19305555555555556 0.237890625 0.041666666666666664 0.02578125
0 0.1638888888888889 0.24296875 0.027777777777777776 0.021875
0 0.2625 0.376953125 0.030555555555555555 0.01796875
0 0.3388888888888889 0.37734375 0.03611111111111111 0.025
0 0.3638888888888889 0.42265625 0.044444444444444446 0.0265625
0 0.9916666666666667 0.112109375 0.013888888888888888 0.02265625
0 0.9409722222222222 0.16953125 0.043055555555555555 0.021875
0 0.8576388888888888 0.2078125 0.043055555555555555 0.0296875
0 0.9902777777777778 0.16953125 0.016666666666666666 0.0203125
0 0.9847222222222223 0.20390625 0.027777777777777776 0.0171875
0 0.9118055555555555 0.325 0.04861111111111111 0.028125
0 0.8319444444444445 0.32734375 0.03333333333333333 0.0234375
0 0.9152777777777777 0.434375 0.044444444444444446 0.0265625
0 0.9444444444444444 0.430859375 0.027777777777777776 0.01953125
0 0.8645833333333334 0.340625 0.018055555555555554 0.021875
0 0.9548611111111112 0.4890625 0.05138888888888889 0.0203125
0 0.9006944444444445 0.545703125 0.034722222222222224 0.01328125
0 0.8951388888888889 0.596484375 0.02638888888888889 0.01328125
0 0.5569444444444445 0.6453125 0.03888888888888889 0.0234375
0 0.5916666666666667 0.65546875 0.044444444444444446 0.0265625
0 0.8625 0.631640625 0.030555555555555555 0.02109375
0 0.3388888888888889 0.13359375 0.041666666666666664 0.03125
0 0.9694444444444444 0.2828125 0.03333333333333333 0.01875
0 0.9659722222222222 0.36328125 0.03194444444444444 0.015625
0 0.9722222222222222 0.382421875 0.03611111111111111 0.02265625
0 0.9694444444444444 0.433203125 0.025 0.01953125
0 0.011805555555555555 0.421484375 0.02361111111111111 0.02265625
0 0.16597222222222222 0.565625 0.0375 0.021875
0 0.20208333333333334 0.640625 0.018055555555555554 0.0140625
0 0.9229166666666667 0.589453125 0.029166666666666667 0.01640625
0 0.9541666666666667 0.54375 0.022222222222222223 0.015625
