0 0.5618055555555556 0.1546875 0.034722222222222224 0.021875
0 0.5868055555555556 0.138671875 0.04027777777777778 0.02109375
0 0.6715277777777777 0.13828125 0.020833333333333332 0.0140625
0 0.7298611111111111 0.281640625 0.0375 0.02265625
0 0.7395833333333334 0.2953125 0.04861111111111111 0.021875
0 0.7201388888888889 0.342578125 0.034722222222222224 0.01484375
0 0.6375 0.437109375 0.030555555555555555 0.01796875
0 0.7513888888888889 0.4484375 0.03611111111111111 0.015625
0 0.8375 0.46640625 0.041666666666666664 0.0265625
0 0.7847222222222222 0.50078125 0.030555555555555555 0.015625
0 0.7173611111111111 0.51328125 0.04861111111111111 0.021875
0 0.6868055555555556 0.5265625 0.034722222222222224 0.0203125
0 0.7902777777777777 0.54375 0.05 0.025
0 0.6076388888888888 0.50859375 0.05138888888888889 0.0265625
0 0.5819444444444445 0.517578125 0.030555555555555555 0.01796875
0 0.5673611111111111 0.61640625 0.043055555555555555 0.0265625
0 0.6965277777777777 0.63046875 0.043055555555555555 0.021875
0 0.42083333333333334 0.60234375 0.044444444444444446 0.025
0 0.4305555555555556 0.570703125 0.027777777777777776 0.02109375
0 0.45694444444444443 0.532421875 0.025 0.02578125
0 0.8298611111111112 0.3703125 0.02361111111111111 0.009375
0 0.31666666666666665 0.441796875 0.03611111111111111 0.02109375
0 0.34097222222222223 0.454296875 0.02361111111111111 0.01328125
0 0.12916666666666668 0.488671875 0.041666666666666664 0.02421875
0 0.011111111111111112 0.4328125 0.019444444444444445 0.0140625
