0 0.24930555555555556 0.15625 0.043055555555555555 0.028125
0 0.18125 0.169921875 0.04027777777777778 0.02578125
0 0.21458333333333332 0.19609375 0.02361111111111111 0.021875
0 0.2701388888888889 0.190625 0.034722222222222224 0.0234375
0 0.33541666666666664 0.20859375 0.03194444444444444 0.0234375
0 0.3159722222222222 0.233984375 0.03194444444444444 0.01796875
0 0.3736111111111111 0.240625 0.03611111111111111 0.021875
0 0.49236111111111114 0.172265625 0.034722222222222224 0.02265625
0 0.5236111111111111 0.1796875 0.03888888888888889 0.0203125
0 0.49444444444444446 0.1953125 0.030555555555555555 0.0140625
0 0.4527777777777778 0.1921875 0.03333333333333333 0.0234375
0 0.38819444444444445 0.191796875 0.0375 0.02265625
0 0.41805555555555557 0.1984375 0.03333333333333333 0.0171875
0 0.4486111111111111 0.21484375 0.03611111111111111 0.0171875
0 0.4388888888888889 0.22890625 0.030555555555555555 0.0109375
0 0.4131944444444444 0.2234375 0.04027777777777778 0.0234375
0 0.3840277777777778 0.2078125 0.0375 0.01875
0 0.3729166666666667 0.217578125 0.029166666666666667 0.01484375
0 0.5152777777777777 0.256640625 0.03888888888888889 0.02421875
0 0.55 0.252734375 0.03333333333333333 0.02265625
0 0.5368055555555555 0.275390625 0.029166666666666667 0.02265625
0 0.5090277777777777 0.280859375 0.04027777777777778 0.02265625
0 0.7180555555555556 0.198046875 0.07222222222222222 0.04453125
0 0.7805555555555556 0.22578125 0.07222222222222222 0.0453125
0 0.83125 0.287109375 0.05138888888888889 0.02109375
0 0.8541666666666666 0.3171875 0.075 0.04375
0 0.7243055555555555 0.287109375 0.043055555555555555 0.02578125
0 0.10208333333333333 0.191015625 0.02638888888888889 0.01796875
0 0.04861111111111111 0.229296875 0.03611111111111111 0.02265625
0 0.08611111111111111 0.23125 0.03611111111111111 0.021875
0 0.10972222222222222 0.244921875 0.041666666666666664 0.01953125
0 0.07847222222222222 0.25546875 0.04027777777777778 0.0234375
0 0.17847222222222223 0.242578125 0.04027777777777778 0.02265625
0 0.24583333333333332 0.25 0.030555555555555555 0.0140625
0 0.22152777777777777 0.253515625 0.02638888888888889 0.01640625
0 0.6729166666666667 0.251953125 0.034722222222222224 0.01328125
0 0.6833333333333333 0.28359375 0.041666666666666664 0.0203125
0 0.9472222222222222 0.317578125 0.04722222222222222 0.02265625
0 0.9444444444444444 0.259765625 0.03888888888888889 0.01796875
0 0.9555555555555556 0.285546875 0.03333333333333333 0.02421875
0 0.9090277777777778 0.387890625 0.043055555555555555 0.02109375
0 0.6631944444444444 0.303125 0.029166666666666667 0.0171875
0 0.6222222222222222 0.296484375 0.03333333333333333 0.01484375
0 0.6229166666666667 0.312109375 0.03194444444444444 0.01640625
0 0.6298611111111111 0.325390625 0.029166666666666667 0.01796875
0 0.6527777777777778 0.323046875 0.025 0.01484375
0 0.6729166666666667 0.324609375 0.018055555555555554 0.01328125
0 0.5645833333333333 0.341796875 0.02638888888888889 0.01484375
0 0.5493055555555556 0.313671875 0.02638888888888889 0.01796875
0 0.5305555555555556 0.305078125 0.030555555555555555 0.01953125
0 0.425 0.39140625 0.022222222222222223 0.0140625
0 0.1375 0.311328125 0.03888888888888889 0.02265625
0 0.017361111111111112 0.237109375 0.034722222222222224 0.02109375
0 0.029861111111111113 0.258984375 0.034722222222222224 0.01953125
0 0.13194444444444445 0.375390625 0.03611111111111111 0.01953125
0 0.19027777777777777 0.35625 0.025 0.015625
0 0.1701388888888889 0.41640625 0.02638888888888889 0.015625
0 0.2326388888888889 0.36171875 0.02361111111111111 0.015625
0 0.25 0.36953125 0.019444444444444445 0.0125
0 0.29305555555555557 0.472265625 0.041666666666666664 0.02109375
0 0.3638888888888889 0.479296875 0.044444444444444446 0.02265625
0 0.05138888888888889 0.512890625 0.05555555555555555 0.02421875
0 0.3375 0.4859375 0.027777777777777776 0.0171875
0 0.42430555555555555 0.51875 0.034722222222222224 0.0234375
0 0.43472222222222223 0.4765625 0.030555555555555555 0.0125
0 0.49444444444444446 0.48125 0.04722222222222222 0.0265625
0 0.4486111111111111 0.44921875 0.03611111111111111 0.0296875
0 0.6625 0.43671875 0.044444444444444446 0.0203125
0 0.8013888888888889 0.494140625 0.030555555555555555 0.02109375
0 0.8319444444444445 0.49453125 0.03333333333333333 0.0203125
0 0.8972222222222223 0.4765625 0.03888888888888889 0.015625
0 0.9291666666666667 0.52421875 0.030555555555555555 0.01875
0 0.8076388888888889 0.526953125 0.03194444444444444 0.01796875
0 0.8270833333333333 0.5640625 0.034722222222222224 0.01875
0 0.7201388888888889 0.498046875 0.0375 0.01796875
0 0.6965277777777777 0.505078125 0.034722222222222224 0.02265625
0 0.6645833333333333 0.51015625 0.02638888888888889 0.01875
0 0.6111111111111112 0.512890625 0.03333333333333333 0.02734375
0 0.5611111111111111 0.5046875 0.03611111111111111 0.01875
0 0.4756944444444444 0.5640625 0.0375 0.0234375
0 0.36180555555555555 0.54609375 0.05694444444444444 0.0359375
0 0.3888888888888889 0.59375 0.03333333333333333 0.0234375
0 0.3798611111111111 0.625 0.034722222222222224 0.0296875
0 0.4979166666666667 0.62265625 0.02361111111111111 0.0140625
0 0.32708333333333334 0.666015625 0.04583333333333333 0.02578125
0 0.2798611111111111 0.61328125 0.059722222222222225 0.0296875
0 0.28680555555555554 0.587109375 0.04861111111111111 0.02578125
0 0.2388888888888889 0.535546875 0.044444444444444446 0.02890625
0 0.10555555555555556 0.57109375 0.05277777777777778 0.025
0 0.18055555555555555 0.56640625 0.058333333333333334 0.025
0 0.2111111111111111 0.62421875 0.030555555555555555 0.0171875
0 0.08888888888888889 0.603515625 0.030555555555555555 0.01484375
0 0.15069444444444444 0.6671875 0.02638888888888889 0.01875
0 0.15902777777777777 0.5953125 0.029166666666666667 0.0140625
0 0.050694444444444445 0.581640625 0.043055555555555555 0.01953125
0 0.029861111111111113 0.557421875 0.04861111111111111 0.02421875
0 0.021527777777777778 0.362109375 0.0375 0.02109375
0 0.027083333333333334 0.278515625 0.0375 0.02265625
0 0.6784722222222223 0.38203125 0.03194444444444444 0.0140625
0 0.31527777777777777 0.419921875 0.030555555555555555 0.01796875
0 0.3 0.394140625 0.03333333333333333 0.01484375
0 0.27361111111111114 0.509765625 0.044444444444444446 0.00703125
0 0.3145833333333333 0.5328125 0.020833333333333332 0.015625
0 0.73125 0.2640625 0.06805555555555555 0.0375
0 0.7638888888888888 0.282421875 0.041666666666666664 0.02890625
0 0.37916666666666665 0.436328125 0.025 0.01640625
