0 0.6722222222222223 0.118359375 0.03611111111111111 0.02265625
0 0.7041666666666667 0.121875 0.027777777777777776 0.021875
0 0.7263888888888889 0.120703125 0.022222222222222223 0.01640625
0 0.7479166666666667 0.12890625 0.02638888888888889 0.0171875
0 0.7409722222222223 0.096484375 0.015277777777777777 0.01015625
0 0.7722222222222223 0.103125 0.03333333333333333 0.0234375
0 0.8083333333333333 0.0984375 0.03611111111111111 0.025
0 0.8305555555555556 0.072265625 0.022222222222222223 0.02109375
0 0.8097222222222222 0.12265625 0.030555555555555555 0.0203125
0 0.8340277777777778 0.124609375 0.02638888888888889 0.01484375
0 0.8520833333333333 0.14765625 0.034722222222222224 0.021875
0 0.8131944444444444 0.171484375 0.03194444444444444 0.01640625
0 0.8965277777777778 0.12265625 0.034722222222222224 0.0203125
0 0.9347222222222222 0.1234375 0.03611111111111111 0.01875
0 0.9194444444444444 0.1625 0.030555555555555555 0.015625
0 0.06388888888888888 0.322265625 0.03333333333333333 0.02109375
0 0.07916666666666666 0.22109375 0.030555555555555555 0.015625
0 0.02638888888888889 0.26953125 0.025 0.009375
0 0.11041666666666666 0.23046875 0.015277777777777777 0.009375
0 0.1284722222222222 0.262890625 0.05138888888888889 0.03359375
0 0.17916666666666667 0.290234375 0.05277777777777778 0.03203125
0 0.17083333333333334 0.318359375 0.05 0.02578125
0 0.31875 0.26015625 0.02361111111111111 0.0125
0 0.30694444444444446 0.301171875 0.027777777777777776 0.01796875
0 0.25625 0.3671875 0.05694444444444444 0.03125
0 0.3597222222222222 0.33828125 0.027777777777777776 0.0078125
0 0.058333333333333334 0.501953125 0.022222222222222223 0.01171875
0 0.14375 0.465625 0.0375 0.0171875
0 0.10555555555555556 0.531640625 0.027777777777777776 0.02109375
0 0.125 0.497265625 0.013888888888888888 0.01015625
0 0.1673611111111111 0.48125 0.02638888888888889 0.0125
0 0.005555555555555556 0.5953125 0.008333333333333333 0.0125
0 0.08402777777777778 0.581640625 0.029166666666666667 0.01640625
0 0.06597222222222222 0.60078125 0.02638888888888889 0.0140625
0 0.125 0.64140625 0.025 0.0171875
0 0.17569444444444443 0.52890625 0.02638888888888889 0.015625
0 0.27291666666666664 0.481640625 0.020833333333333332 0.01015625
0 0.25833333333333336 0.533203125 0.025 0.01484375
0 0.2875 0.530859375 0.030555555555555555 0.01484375
0 0.3138888888888889 0.525390625 0.025 0.01640625
0 0.38055555555555554 0.5859375 0.03333333333333333 0.0140625
0 0.3527777777777778 0.52265625 0.025 0.015625
0 0.37569444444444444 0.5203125 0.02638888888888889 0.0125
0 0.3611111111111111 0.551953125 0.027777777777777776 0.01484375
0 0.5520833333333334 0.625 0.018055555555555554 0.0140625
0 0.6354166666666666 0.573828125 0.034722222222222224 0.01796875
0 0.59375 0.552734375 0.03194444444444444 0.01796875
0 0.5638888888888889 0.541015625 0.022222222222222223 0.01328125
0 0.4895833333333333 0.521484375 0.05138888888888889 0.03359375
0 0.5305555555555556 0.543359375 0.041666666666666664 0.02265625
0 0.4951388888888889 0.550390625 0.02361111111111111 0.01328125
0 0.5340277777777778 0.332421875 0.02638888888888889 0.00703125
0 0.5548611111111111 0.373046875 0.02638888888888889 0.01484375
0 0.6326388888888889 0.35625 0.04027777777777778 0.0203125
0 0.6541666666666667 0.397265625 0.03333333333333333 0.02109375
0 0.7354166666666667 0.387109375 0.03194444444444444 0.01640625
0 0.48194444444444445 0.419921875 0.030555555555555555 0.02109375
0 0.4736111111111111 0.45859375 0.030555555555555555 0.0203125
0 0.5180555555555556 0.430078125 0.058333333333333334 0.02734375
0 0.5645833333333333 0.448828125 0.04583333333333333 0.02421875
0 0.58125 0.46328125 0.020833333333333332 0.0125
0 0.6513888888888889 0.462890625 0.04722222222222222 0.03046875
0 0.7763888888888889 0.5625 0.03333333333333333 0.0171875
0 0.7083333333333334 0.4234375 0.05555555555555555 0.01875
0 0.7152777777777778 0.491015625 0.04722222222222222 0.02578125
0 0.7597222222222222 0.48515625 0.04722222222222222 0.0234375
0 0.8208333333333333 0.469921875 0.05277777777777778 0.03046875
0 0.9951388888888889 0.666015625 0.006944444444444444 0.01484375
0 0.9395833333333333 0.5359375 0.05416666666666667 0.025
0 0.9722222222222222 0.41875 0.05277777777777778 0.0390625
0 0.9430555555555555 0.441015625 0.041666666666666664 0.03203125
0 0.9333333333333333 0.471484375 0.03333333333333333 0.02421875
0 0.8659722222222223 0.427734375 0.05416666666666667 0.03359375
0 0.6944444444444444 0.27890625 0.022222222222222223 0.0203125
0 0.7145833333333333 0.278125 0.034722222222222224 0.021875
0 0.7458333333333333 0.265234375 0.04722222222222222 0.02109375
0 0.7576388888888889 0.281640625 0.02361111111111111 0.01953125
0 0.7909722222222222 0.283984375 0.03194444444444444 0.02109375
0 0.8493055555555555 0.264453125 0.04027777777777778 0.02109375
0 0.8368055555555556 0.279296875 0.034722222222222224 0.01953125
0 0.9027777777777778 0.2953125 0.03333333333333333 0.0203125
0 0.8951388888888889 0.316796875 0.034722222222222224 0.01796875
0 0.9729166666666667 0.3453125 0.02361111111111111 0.015625
0 0.9777777777777777 0.324609375 0.03611111111111111 0.02265625
0 0.9618055555555556 0.2296875 0.04861111111111111 0.034375
0 0.99375 0.229296875 0.006944444444444444 0.02578125
0 0.9791666666666666 0.273046875 0.027777777777777776 0.02421875
0 0.29375 0.41953125 0.015277777777777777 0.0125
0 0.3145833333333333 0.416015625 0.02638888888888889 0.01484375
0 0.9138888888888889 0.25078125 0.041666666666666664 0.021875
0 0.9777777777777777 0.18984375 0.041666666666666664 0.0390625
0 0.016666666666666666 0.244140625 0.022222222222222223 0.01484375
0 0.04583333333333333 0.24140625 0.025 0.015625
0 0.44722222222222224 0.36796875 0.03333333333333333 0.0171875
0 0.018055555555555554 0.5265625 0.030555555555555555 0.015625
0 0.16458333333333333 0.43203125 0.02361111111111111 0.0171875
