0 0.5270833333333333 0.197265625 0.04583333333333333 0.02734375
0 0.3076388888888889 0.356640625 0.034722222222222224 0.01953125
0 0.3423611111111111 0.358203125 0.034722222222222224 0.01640625
0 0.33611111111111114 0.426953125 0.041666666666666664 0.02265625
0 0.3458333333333333 0.45859375 0.041666666666666664 0.021875
0 0.12569444444444444 0.49296875 0.020833333333333332 0.0125
0 0.12361111111111112 0.526953125 0.013888888888888888 0.00859375
0 0.28402777777777777 0.544140625 0.034722222222222224 0.01796875
0 0.32013888888888886 0.551171875 0.04861111111111111 0.01484375
0 0.3159722222222222 0.6015625 0.04027777777777778 0.0171875
0 0.2972222222222222 0.65625 0.05 0.0203125
0 0.1875 0.44375 0.027777777777777776 0.015625
0 0.7263888888888889 0.4296875 0.03888888888888889 0.0234375
0 0.6736111111111112 0.3953125 0.027777777777777776 0.01875
0 0.6548611111111111 0.408203125 0.029166666666666667 0.01640625
0 0.5159722222222223 0.45078125 0.03194444444444444 0.0203125
0 0.5625 0.437109375 0.030555555555555555 0.01640625
0 0.625 0.397265625 0.025 0.01796875
0 0.9159722222222222 0.56171875 0.02638888888888889 0.009375
0 0.8069444444444445 0.6671875 0.019444444444444445 0.0140625
0 0.9027777777777778 0.666796875 0.03333333333333333 0.01953125
0 0.95 0.659765625 0.025 0.01171875
0 0.2513888888888889 0.446484375 0.030555555555555555 0.02265625
0 0.08888888888888889 0.5375 0.041666666666666664 0.0203125
0 0.11597222222222223 0.5375 0.015277777777777777 0.0125
0 0.1284722222222222 0.509375 0.02361111111111111 0.0125
0 0.2791666666666667 0.6171875 0.058333333333333334 0.0265625
0 0.5097222222222222 0.735546875 0.04722222222222222 0.01015625
0 0.6402777777777777 0.6796875 0.013888888888888888 0.01875
0 0.6868055555555556 0.615625 0.018055555555555554 0.01875
0 0.8777777777777778 0.634765625 0.044444444444444446 0.01484375
0 0.9513888888888888 0.6828125 0.019444444444444445 0.021875
0 0.8270833333333333 0.623828125 0.015277777777777777 0.01015625
