0 0.004166666666666667 0.2109375 0.008333333333333333 0.009375
0 0.004861111111111111 0.24453125 0.006944444444444444 0.015625
0 0.01597222222222222 0.2453125 0.018055555555555554 0.0171875
0 0.009027777777777777 0.29921875 0.0125 0.015625
0 0.06805555555555555 0.283984375 0.027777777777777776 0.01328125
0 0.08402777777777778 0.2625 0.02638888888888889 0.0171875
0 0.12152777777777778 0.2921875 0.029166666666666667 0.015625
0 0.13541666666666666 0.246875 0.034722222222222224 0.021875
0 0.13333333333333333 0.26328125 0.030555555555555555 0.0109375
0 0.12569444444444444 0.270703125 0.018055555555555554 0.00859375
0 0.16527777777777777 0.255078125 0.025 0.01796875
0 0.19236111111111112 0.24609375 0.02361111111111111 0.0125
0 0.18888888888888888 0.270703125 0.022222222222222223 0.01328125
0 0.16458333333333333 0.27734375 0.03194444444444444 0.0171875
0 0.22777777777777777 0.230078125 0.027777777777777776 0.02265625
0 0.19930555555555557 0.34453125 0.015277777777777777 0.0109375
0 0.23541666666666666 0.3359375 0.04027777777777778 0.021875
0 0.2611111111111111 0.333203125 0.016666666666666666 0.00859375
0 0.2423611111111111 0.310546875 0.015277777777777777 0.01015625
0 0.38472222222222224 0.270703125 0.058333333333333334 0.03671875
0 0.4340277777777778 0.301171875 0.05694444444444444 0.03671875
0 0.40902777777777777 0.327734375 0.05694444444444444 0.03046875
0 0.2902777777777778 0.3546875 0.022222222222222223 0.0125
0 0.30833333333333335 0.36171875 0.025 0.0125
0 0.325 0.3890625 0.025 0.0125
0 0.3770833333333333 0.346875 0.029166666666666667 0.0125
0 0.375 0.3609375 0.022222222222222223 0.0125
0 0.3854166666666667 0.373046875 0.020833333333333332 0.01171875
0 0.4048611111111111 0.373828125 0.02361111111111111 0.01328125
0 0.41388888888888886 0.429296875 0.016666666666666666 0.00859375
0 0.4354166666666667 0.426171875 0.02361111111111111 0.01015625
0 0.018055555555555554 0.515234375 0.03611111111111111 0.02265625
0 0.006944444444444444 0.5453125 0.013888888888888888 0.0171875
0 0.003472222222222222 0.625 0.006944444444444444 0.015625
0 0.02638888888888889 0.703515625 0.04722222222222222 0.02578125
0 0.08680555555555555 0.51875 0.034722222222222224 0.021875
0 0.06944444444444445 0.58828125 0.05555555555555555 0.0296875
0 0.13541666666666666 0.5609375 0.0375 0.01875
0 0.1375 0.618359375 0.025 0.01640625
0 0.10277777777777777 0.63203125 0.019444444444444445 0.01875
0 0.07916666666666666 0.662109375 0.03333333333333333 0.02265625
0 0.1111111111111111 0.662109375 0.022222222222222223 0.01328125
0 0.25555555555555554 0.661328125 0.019444444444444445 0.01484375
0 0.22569444444444445 0.60078125 0.029166666666666667 0.01875
0 0.1361111111111111 0.45 0.019444444444444445 0.009375
0 0.15416666666666667 0.494140625 0.027777777777777776 0.02109375
0 0.19722222222222222 0.524609375 0.041666666666666664 0.02734375
0 0.2569444444444444 0.5109375 0.027777777777777776 0.0078125
0 0.3611111111111111 0.484765625 0.03888888888888889 0.01796875
0 0.31805555555555554 0.552734375 0.030555555555555555 0.02265625
0 0.3597222222222222 0.5234375 0.013888888888888888 0.0046875
0 0.40347222222222223 0.549609375 0.029166666666666667 0.01640625
0 0.4395833333333333 0.54609375 0.029166666666666667 0.0171875
0 0.4597222222222222 0.5390625 0.025 0.0125
0 0.5076388888888889 0.380859375 0.059722222222222225 0.03515625
0 0.6388888888888888 0.3171875 0.027777777777777776 0.0125
0 0.8361111111111111 0.1109375 0.03333333333333333 0.021875
0 0.8673611111111111 0.11328125 0.03194444444444444 0.01875
0 0.8958333333333334 0.11015625 0.025 0.015625
0 0.9152777777777777 0.121484375 0.03333333333333333 0.01484375
0 0.9444444444444444 0.09453125 0.03333333333333333 0.0203125
0 0.9916666666666667 0.0609375 0.011111111111111112 0.0140625
0 0.9805555555555555 0.0890625 0.03611111111111111 0.025
0 0.9833333333333333 0.111328125 0.025 0.01640625
0 0.9881944444444445 0.163671875 0.018055555555555554 0.01953125
0 0.5993055555555555 0.334375 0.02638888888888889 0.0140625
0 0.8916666666666667 0.27890625 0.025 0.015625
0 0.9180555555555555 0.276171875 0.03888888888888889 0.02578125
0 0.9527777777777777 0.259765625 0.044444444444444446 0.02421875
0 0.9631944444444445 0.243359375 0.03194444444444444 0.01015625
0 0.9854166666666667 0.2421875 0.02361111111111111 0.01875
0 0.9631944444444445 0.27734375 0.03194444444444444 0.021875
0 0.9888888888888889 0.279296875 0.019444444444444445 0.02109375
0 0.525 0.537890625 0.027777777777777776 0.01640625
0 0.5527777777777778 0.53515625 0.025 0.0140625
0 0.5333333333333333 0.56640625 0.027777777777777776 0.0171875
0 0.55 0.601171875 0.030555555555555555 0.01328125
0 0.6569444444444444 0.56171875 0.025 0.0171875
0 0.6923611111111111 0.571484375 0.029166666666666667 0.01328125
0 0.7520833333333333 0.371875 0.029166666666666667 0.0140625
0 0.6256944444444444 0.437109375 0.034722222222222224 0.01640625
0 0.6854166666666667 0.4484375 0.04027777777777778 0.025
0 0.7027777777777777 0.470703125 0.044444444444444446 0.02421875
0 0.7673611111111112 0.539453125 0.059722222222222225 0.03515625
0 0.8055555555555556 0.558984375 0.04722222222222222 0.02578125
0 0.8395833333333333 0.587109375 0.029166666666666667 0.01953125
0 0.98125 0.53984375 0.03194444444444444 0.01875
0 0.7340277777777777 0.4296875 0.02361111111111111 0.0234375
0 0.7326388888888888 0.45078125 0.029166666666666667 0.0109375
0 0.7652777777777777 0.442578125 0.05277777777777778 0.02890625
0 0.8618055555555556 0.35625 0.04583333333333333 0.0203125
0 0.8819444444444444 0.400390625 0.041666666666666664 0.01953125
0 0.9791666666666666 0.3890625 0.03611111111111111 0.0234375
0 0.8465277777777778 0.459375 0.05416666666666667 0.028125
0 0.9236111111111112 0.4171875 0.041666666666666664 0.021875
0 0.9326388888888889 0.470703125 0.04861111111111111 0.02734375
0 0.9819444444444444 0.430078125 0.03333333333333333 0.02421875
0 0.015277777777777777 0.407421875 0.025 0.01796875
0 0.7791666666666667 0.403125 0.03611111111111111 0.0125
0 0.6333333333333333 0.373046875 0.030555555555555555 0.02421875
0 0.6819444444444445 0.6359375 0.022222222222222223 0.0125
0 0.7458333333333333 0.60390625 0.022222222222222223 0.0125
