0 0.4361111111111111 0.0203125 0.03888888888888889 0.021875
0 0.5569444444444445 0.044140625 0.05277777777777778 0.03515625
0 0.2048611111111111 0.249609375 0.05416666666666667 0.02890625
0 0.24583333333333332 0.237109375 0.05277777777777778 0.02578125
0 0.26875 0.229296875 0.043055555555555555 0.02734375
0 0.27847222222222223 0.26171875 0.05694444444444444 0.0265625
0 0.10833333333333334 0.28984375 0.04722222222222222 0.025
0 0.5034722222222222 0.17265625 0.03194444444444444 0.0296875
0 0.5770833333333333 0.09609375 0.034722222222222224 0.028125
0 0.5520833333333334 0.10703125 0.0375 0.0328125
0 0.6041666666666666 0.14375 0.044444444444444446 0.03125
0 0.5736111111111111 0.178515625 0.04722222222222222 0.03359375
0 0.4791666666666667 0.201953125 0.044444444444444446 0.02578125
0 0.5388888888888889 0.184375 0.03611111111111111 0.0203125
0 0.5083333333333333 0.25078125 0.05277777777777778 0.03125
0 0.5541666666666667 0.233203125 0.05 0.02734375
0 0.5986111111111111 0.231640625 0.03611111111111111 0.02734375
0 0.4479166666666667 0.282421875 0.043055555555555555 0.02421875
0 0.4263888888888889 0.262109375 0.013888888888888888 0.01328125
0 0.09027777777777778 0.384375 0.041666666666666664 0.025
0 0.050694444444444445 0.392578125 0.05138888888888889 0.03046875
0 0.013888888888888888 0.39140625 0.025 0.0234375
0 0.018055555555555554 0.409765625 0.030555555555555555 0.01953125
0 0.4986111111111111 0.280859375 0.058333333333333334 0.03203125
0 0.6430555555555556 0.283203125 0.05555555555555555 0.02890625
0 0.2298611111111111 0.4375 0.04027777777777778 0.0296875
0 0.5201388888888889 0.3234375 0.029166666666666667 0.034375
0 0.4479166666666667 0.30234375 0.02361111111111111 0.0125
0 0.45902777777777776 0.3671875 0.05138888888888889 0.0296875
0 0.43333333333333335 0.379296875 0.030555555555555555 0.02421875
0 0.5513888888888889 0.284765625 0.05 0.03671875
0 0.54375 0.344921875 0.05138888888888889 0.03203125
0 0.6 0.341015625 0.058333333333333334 0.03515625
0 0.65 0.31640625 0.05277777777777778 0.0296875
0 0.22430555555555556 0.471484375 0.04861111111111111 0.02109375
0 0.03263888888888889 0.487890625 0.04861111111111111 0.02421875
0 0.3958333333333333 0.46953125 0.05277777777777778 0.0203125
0 0.4798611111111111 0.434375 0.05416666666666667 0.034375
0 0.3854166666666667 0.49921875 0.03194444444444444 0.015625
0 0.5930555555555556 0.490234375 0.044444444444444446 0.02734375
0 0.6402777777777777 0.4859375 0.05277777777777778 0.0328125
0 0.7118055555555556 0.362890625 0.05694444444444444 0.03515625
0 0.7298611111111111 0.4578125 0.04027777777777778 0.0296875
0 0.4479166666666667 0.55078125 0.04583333333333333 0.0234375
0 0.46458333333333335 0.59140625 0.04027777777777778 0.0234375
0 0.2590277777777778 0.66328125 0.02361111111111111 0.021875
0 0.37569444444444444 0.636328125 0.04027777777777778 0.02578125
0 0.6458333333333334 0.608984375 0.058333333333333334 0.03671875
0 0.6930555555555555 0.63046875 0.05555555555555555 0.021875
0 0.6215277777777778 0.5265625 0.029166666666666667 0.021875
0 0.5638888888888889 0.540234375 0.022222222222222223 0.02109375
0 0.5881944444444445 0.55390625 0.04861111111111111 0.021875
0 0.7652777777777777 0.454296875 0.03611111111111111 0.02734375
0 0.6715277777777777 0.430078125 0.03194444444444444 0.01953125
0 0.6909722222222222 0.4109375 0.02638888888888889 0.0203125
0 0.7486111111111111 0.50234375 0.044444444444444446 0.01875
0 0.3034722222222222 0.682421875 0.04027777777777778 0.01640625
0 0.3138888888888889 0.7328125 0.03888888888888889 0.021875
0 0.5666666666666667 0.634375 0.05555555555555555 0.0296875
0 0.7777777777777778 0.60546875 0.05 0.0296875
0 0.5666666666666667 0.5 0.03333333333333333 0.0265625
0 0.9319444444444445 0.58984375 0.05 0.0296875
0 0.81875 0.619140625 0.05138888888888889 0.01953125
0 0.8777777777777778 0.624609375 0.05 0.02109375
0 0.8875 0.592578125 0.03333333333333333 0.01484375
0 0.9208333333333333 0.622265625 0.03611111111111111 0.02265625
0 0.9680555555555556 0.63359375 0.04722222222222222 0.028125
0 0.1763888888888889 0.78515625 0.05555555555555555 0.025
0 0.019444444444444445 0.78359375 0.03888888888888889 0.0296875
0 0.009722222222222222 0.831640625 0.016666666666666666 0.02890625
0 0.5555555555555556 0.84609375 0.04722222222222222 0.01875
0 0.6034722222222222 0.75859375 0.04583333333333333 0.01875
0 0.725 0.7765625 0.04722222222222222 0.03125
0 0.7541666666666667 0.76328125 0.03888888888888889 0.0203125
0 0.7131944444444445 0.716015625 0.04027777777777778 0.02265625
0 0.7680555555555556 0.671484375 0.04722222222222222 0.03359375
0 0.6583333333333333 0.891796875 0.06388888888888888 0.03984375
0 0.8166666666666667 0.882421875 0.05277777777777778 0.03984375
0 0.9111111111111111 0.86953125 0.025 0.0109375
0 0.9701388888888889 0.80859375 0.04861111111111111 0.0375
0 0.85 0.71328125 0.03888888888888889 0.028125
0 0.7875 0.635546875 0.05555555555555555 0.02890625
0 0.8076388888888889 0.64765625 0.03194444444444444 0.015625
0 0.9736111111111111 0.769140625 0.05 0.02890625
0 0.32013888888888886 0.841015625 0.04583333333333333 0.03046875
0 0.8486111111111111 0.78046875 0.058333333333333334 0.025
0 0.875 0.805859375 0.044444444444444446 0.02421875
0 0.8090277777777778 0.79609375 0.0375 0.0234375
0 0.8388888888888889 0.815625 0.027777777777777776 0.021875
0 0.88125 0.72421875 0.043055555555555555 0.0265625
0 0.25277777777777777 0.406640625 0.041666666666666664 0.02265625
0 0.26319444444444445 0.498046875 0.043055555555555555 0.01796875
0 0.8013888888888889 0.3015625 0.058333333333333334 0.03125
0 0.9277777777777778 0.298828125 0.05 0.02890625
0 0.9819444444444444 0.311328125 0.03333333333333333 0.03203125
0 0.7236111111111111 0.325 0.027777777777777776 0.0265625
0 0.29791666666666666 0.43046875 0.02638888888888889 0.0125
0 0.8479166666666667 0.9875 0.0763888888888889 0.0234375
