0 0.47152777777777777 0.058203125 0.03194444444444444 0.02578125
0 0.5006944444444444 0.074609375 0.04583333333333333 0.02890625
0 0.4409722222222222 0.0953125 0.043055555555555555 0.0234375
0 0.4791666666666667 0.08984375 0.03611111111111111 0.0140625
0 0.39166666666666666 0.113671875 0.022222222222222223 0.02421875
0 0.4597222222222222 0.141015625 0.03888888888888889 0.02890625
0 0.48680555555555555 0.13984375 0.020833333333333332 0.0265625
0 0.4361111111111111 0.170703125 0.030555555555555555 0.02421875
0 0.5076388888888889 0.178125 0.029166666666666667 0.0234375
0 0.4791666666666667 0.197265625 0.041666666666666664 0.02421875
0 0.44930555555555557 0.2171875 0.05138888888888889 0.0296875
0 0.3861111111111111 0.187109375 0.05277777777777778 0.03046875
0 0.39375 0.2421875 0.02361111111111111 0.0171875
0 0.35138888888888886 0.280859375 0.044444444444444446 0.02109375
0 0.33611111111111114 0.29453125 0.03333333333333333 0.0140625
0 0.525 0.226953125 0.041666666666666664 0.02109375
0 0.5013888888888889 0.25390625 0.03611111111111111 0.0265625
0 0.6027777777777777 0.290625 0.03611111111111111 0.0265625
0 0.6673611111111111 0.319921875 0.04861111111111111 0.02578125
0 0.6826388888888889 0.3328125 0.034722222222222224 0.0234375
0 0.5270833333333333 0.316796875 0.04027777777777778 0.01953125
0 0.48541666666666666 0.330859375 0.029166666666666667 0.01796875
0 0.5173611111111112 0.33671875 0.029166666666666667 0.015625
0 0.4736111111111111 0.37578125 0.05 0.0234375
0 0.2076388888888889 0.376953125 0.0375 0.01796875
0 0.37569444444444444 0.446875 0.043055555555555555 0.0234375
0 0.6402777777777777 0.4234375 0.03611111111111111 0.021875
0 0.6972222222222222 0.441015625 0.03333333333333333 0.02578125
0 0.6131944444444445 0.44140625 0.0375 0.0234375
0 0.5173611111111112 0.48359375 0.04583333333333333 0.0203125
0 0.5375 0.503515625 0.03888888888888889 0.02734375
0 0.5854166666666667 0.52734375 0.029166666666666667 0.015625
0 0.32708333333333334 0.508203125 0.04861111111111111 0.02734375
0 0.2777777777777778 0.5015625 0.044444444444444446 0.0265625
0 0.5388888888888889 0.54453125 0.03333333333333333 0.0234375
0 0.51875 0.567578125 0.03194444444444444 0.01953125
0 0.34305555555555556 0.5734375 0.05 0.0296875
0 0.36666666666666664 0.592578125 0.03888888888888889 0.02421875
0 0.29930555555555555 0.608203125 0.034722222222222224 0.01796875
0 0.5104166666666666 0.64609375 0.043055555555555555 0.025
0 0.5534722222222223 0.63359375 0.034722222222222224 0.01875
0 0.4986111111111111 0.724609375 0.04722222222222222 0.02734375
0 0.5256944444444445 0.77265625 0.0375 0.0296875
0 0.5861111111111111 0.85078125 0.03888888888888889 0.0328125
0 0.4152777777777778 0.13671875 0.05 0.0296875
0 0.5034722222222222 0.35703125 0.02361111111111111 0.0203125
0 0.6381944444444444 0.445703125 0.0375 0.02734375
0 0.2375 0.576171875 0.03333333333333333 0.02109375
0 0.3958333333333333 0.558203125 0.022222222222222223 0.01484375
0 0.5236111111111111 0.628125 0.030555555555555555 0.0203125
0 0.4756944444444444 0.6484375 0.02638888888888889 0.0265625
0 0.5951388888888889 0.712109375 0.04861111111111111 0.02890625
0 0.425 0.769140625 0.030555555555555555 0.02109375
0 0.9590277777777778 0.797265625 0.0625 0.02265625
0 0.6388888888888888 0.845703125 0.041666666666666664 0.03046875
0 0.24513888888888888 0.6171875 0.02638888888888889 0.0171875
0 0.40555555555555556 0.572265625 0.016666666666666666 0.01484375
