0 0.5277777777777778 0.20078125 0.04722222222222222 0.0265625
0 0.34375 0.3609375 0.029166666666666667 0.0171875
0 0.3104166666666667 0.356640625 0.0375 0.02109375
0 0.6715277777777777 0.393359375 0.034722222222222224 0.01953125
0 0.725 0.428515625 0.03888888888888889 0.02734375
0 0.6534722222222222 0.410546875 0.02361111111111111 0.01484375
0 0.6256944444444444 0.399609375 0.02361111111111111 0.02265625
0 0.5659722222222222 0.433984375 0.04027777777777778 0.01328125
0 0.51875 0.4546875 0.04027777777777778 0.0234375
0 0.33402777777777776 0.430078125 0.04861111111111111 0.02421875
0 0.34652777777777777 0.461328125 0.04583333333333333 0.01953125
0 0.28194444444444444 0.544140625 0.030555555555555555 0.02578125
0 0.3236111111111111 0.55 0.044444444444444446 0.015625
0 0.30277777777777776 0.655859375 0.05 0.02734375
0 0.3194444444444444 0.605078125 0.03333333333333333 0.02109375
0 0.27569444444444446 0.6203125 0.05694444444444444 0.021875
0 0.9208333333333333 0.56171875 0.027777777777777776 0.009375
0 0.8131944444444444 0.6671875 0.03194444444444444 0.01875
0 0.9493055555555555 0.660546875 0.02638888888888889 0.01328125
0 0.24861111111111112 0.445703125 0.027777777777777776 0.02109375
0 0.18472222222222223 0.446875 0.022222222222222223 0.015625
0 0.08819444444444445 0.538671875 0.04583333333333333 0.01953125
0 0.12013888888888889 0.526171875 0.02361111111111111 0.01484375
0 0.11458333333333333 0.547265625 0.020833333333333332 0.00859375
0 0.13125 0.502734375 0.020833333333333332 0.02265625
0 0.525 0.73671875 0.044444444444444446 0.0140625
0 0.65 0.677734375 0.011111111111111112 0.01640625
0 0.8791666666666667 0.63515625 0.041666666666666664 0.0171875
0 0.9055555555555556 0.66640625 0.044444444444444446 0.021875
0 0.95 0.681640625 0.019444444444444445 0.02265625
