0 0.6180555555555556 0.12265625 0.044444444444444446 0.0125
0 0.6354166666666666 0.146875 0.04583333333333333 0.0296875
0 0.6604166666666667 0.18125 0.0375 0.0296875
0 0.6208333333333333 0.17265625 0.044444444444444446 0.0140625
0 0.5805555555555556 0.20390625 0.06111111111111111 0.034375
0 0.5069444444444444 0.225390625 0.058333333333333334 0.03203125
0 0.4888888888888889 0.24921875 0.06111111111111111 0.028125
0 0.5340277777777778 0.2875 0.04861111111111111 0.0265625
0 0.5715277777777777 0.3421875 0.043055555555555555 0.0328125
0 0.6229166666666667 0.338671875 0.0625 0.03046875
0 0.6875 0.355078125 0.05277777777777778 0.01953125
0 0.39444444444444443 0.406640625 0.06944444444444445 0.02109375
0 0.63125 0.431640625 0.05694444444444444 0.03515625
0 0.5472222222222223 0.366015625 0.03611111111111111 0.02109375
0 0.5736111111111111 0.501171875 0.041666666666666664 0.02109375
0 0.6083333333333333 0.475 0.06388888888888888 0.034375
0 0.6868055555555556 0.448046875 0.04583333333333333 0.03046875
0 0.6541666666666667 0.452734375 0.025 0.02265625
0 0.6409722222222223 0.546484375 0.04583333333333333 0.02421875
0 0.7138888888888889 0.46875 0.03888888888888889 0.0203125
0 0.6881944444444444 0.51796875 0.04861111111111111 0.021875
0 0.7097222222222223 0.615625 0.04722222222222222 0.0328125
0 0.4201388888888889 0.60390625 0.04027777777777778 0.0171875
0 0.33541666666666664 0.70546875 0.0625 0.034375
0 0.4486111111111111 0.68671875 0.04722222222222222 0.025
0 0.23055555555555557 0.613671875 0.025 0.01484375
0 0.23055555555555557 0.64765625 0.019444444444444445 0.015625
0 0.5722222222222222 0.791796875 0.03888888888888889 0.03359375
0 0.7729166666666667 0.767578125 0.07083333333333333 0.02109375
0 0.6208333333333333 0.298046875 0.027777777777777776 0.01171875
0 0.4375 0.457421875 0.05555555555555555 0.02890625
0 0.9722222222222222 0.526953125 0.05 0.02421875
0 0.7590277777777777 0.4703125 0.04027777777777778 0.021875
0 0.14097222222222222 0.70078125 0.034722222222222224 0.0140625
