0 0.3840277777777778 0.010546875 0.04027777777777778 0.01953125
0 0.4083333333333333 0.010546875 0.027777777777777776 0.01953125
0 0.25416666666666665 0.115625 0.041666666666666664 0.0265625
0 0.29097222222222224 0.119921875 0.034722222222222224 0.02421875
0 0.3194444444444444 0.12265625 0.025 0.025
0 0.17152777777777778 0.161328125 0.04861111111111111 0.02890625
0 0.1951388888888889 0.20703125 0.05138888888888889 0.0328125
0 0.23680555555555555 0.2109375 0.04027777777777778 0.0359375
0 0.30069444444444443 0.240234375 0.059722222222222225 0.03203125
0 0.3284722222222222 0.205859375 0.04027777777777778 0.02890625
0 0.37083333333333335 0.20390625 0.05277777777777778 0.03125
0 0.37222222222222223 0.165625 0.030555555555555555 0.0203125
0 0.41597222222222224 0.200390625 0.015277777777777777 0.01953125
0 0.3861111111111111 0.17890625 0.013888888888888888 0.0203125
0 0.4583333333333333 0.1984375 0.019444444444444445 0.009375
0 0.46805555555555556 0.219140625 0.025 0.01484375
0 0.4388888888888889 0.238671875 0.019444444444444445 0.02265625
0 0.3333333333333333 0.270703125 0.041666666666666664 0.02578125
0 0.3090277777777778 0.266015625 0.029166666666666667 0.01953125
0 0.1875 0.289453125 0.05277777777777778 0.02890625
0 0.25555555555555554 0.307421875 0.05 0.02890625
0 0.3625 0.2984375 0.030555555555555555 0.028125
0 0.2013888888888889 0.3546875 0.041666666666666664 0.0203125
0 0.12083333333333333 0.371484375 0.025 0.01953125
0 0.03263888888888889 0.431640625 0.02638888888888889 0.01484375
0 0.2 0.433203125 0.03333333333333333 0.02265625
0 0.23402777777777778 0.422265625 0.043055555555555555 0.02578125
0 0.24513888888888888 0.444921875 0.04583333333333333 0.02734375
0 0.25277777777777777 0.462109375 0.027777777777777776 0.01328125
0 0.28402777777777777 0.36875 0.059722222222222225 0.0375
0 0.375 0.3578125 0.022222222222222223 0.0109375
0 0.48333333333333334 0.39140625 0.04722222222222222 0.0265625
0 0.9444444444444444 0.35 0.03888888888888889 0.01875
0 0.9805555555555555 0.352734375 0.019444444444444445 0.01328125
0 0.83125 0.44296875 0.02638888888888889 0.0125
0 0.9236111111111112 0.45625 0.05 0.0203125
0 0.4576388888888889 0.4140625 0.043055555555555555 0.0265625
0 0.4027777777777778 0.39140625 0.013888888888888888 0.0125
0 0.3993055555555556 0.440234375 0.04583333333333333 0.02734375
0 0.21319444444444444 0.52109375 0.034722222222222224 0.009375
0 0.2013888888888889 0.469140625 0.016666666666666666 0.01328125
0 0.08680555555555555 0.573828125 0.029166666666666667 0.02109375
0 0.10694444444444444 0.595703125 0.03611111111111111 0.02421875
0 0.24930555555555556 0.68984375 0.07083333333333333 0.0375
0 0.2923611111111111 0.68984375 0.029166666666666667 0.028125
0 0.6680555555555555 0.665625 0.027777777777777776 0.0140625
0 0.6881944444444444 0.651953125 0.043055555555555555 0.02578125
0 0.6770833333333334 0.616796875 0.04861111111111111 0.03046875
0 0.8875 0.503125 0.03333333333333333 0.015625
0 0.9006944444444445 0.525390625 0.05138888888888889 0.02109375
0 0.7479166666666667 0.52578125 0.029166666666666667 0.015625
0 0.43819444444444444 0.54140625 0.04027777777777778 0.0203125
0 0.47708333333333336 0.53671875 0.043055555555555555 0.0234375
0 0.5555555555555556 0.50859375 0.022222222222222223 0.0078125
0 0.43333333333333335 0.562109375 0.044444444444444446 0.01953125
0 0.4777777777777778 0.579296875 0.044444444444444446 0.02890625
0 0.8986111111111111 0.656640625 0.06111111111111111 0.02421875
0 0.8354166666666667 0.582421875 0.034722222222222224 0.01484375
0 0.9840277777777777 0.553125 0.029166666666666667 0.0140625
0 0.8861111111111111 0.711328125 0.03611111111111111 0.02578125
