0 0.35625 0.112109375 0.04027777777777778 0.02578125
0 0.37916666666666665 0.1078125 0.016666666666666666 0.0171875
0 0.36875 0.081640625 0.02638888888888889 0.01953125
0 0.33541666666666664 0.071875 0.03194444444444444 0.0171875
0 0.3298611111111111 0.053125 0.0375 0.025
0 0.28888888888888886 0.048828125 0.044444444444444446 0.02578125
0 0.3215277777777778 0.10078125 0.043055555555555555 0.0265625
0 0.33402777777777776 0.11953125 0.04583333333333333 0.021875
0 0.3284722222222222 0.135546875 0.04027777777777778 0.02109375
0 0.24444444444444444 0.095703125 0.027777777777777776 0.02265625
0 0.21041666666666667 0.0875 0.0375 0.03125
0 0.19236111111111112 0.100390625 0.03194444444444444 0.02109375
0 0.044444444444444446 0.1109375 0.05 0.028125
0 0.020833333333333332 0.157421875 0.03888888888888889 0.03515625
0 0.059027777777777776 0.184765625 0.0375 0.01796875
0 0.02847222222222222 0.2015625 0.05416666666666667 0.0359375
0 0.19930555555555557 0.134765625 0.04027777777777778 0.02578125
0 0.19375 0.069921875 0.034722222222222224 0.02421875
0 0.45555555555555555 0.0640625 0.044444444444444446 0.0234375
0 0.49444444444444446 0.074609375 0.03611111111111111 0.02109375
0 0.40347222222222223 0.129296875 0.0375 0.02265625
0 0.5145833333333333 0.136328125 0.043055555555555555 0.02421875
0 0.5541666666666667 0.1046875 0.03888888888888889 0.0203125
0 0.5875 0.09609375 0.030555555555555555 0.0171875
0 0.5798611111111112 0.118359375 0.029166666666666667 0.01640625
0 0.6243055555555556 0.1125 0.02638888888888889 0.0203125
0 0.6458333333333334 0.118359375 0.04722222222222222 0.02890625
0 0.6673611111111111 0.095703125 0.04583333333333333 0.02578125
0 0.6854166666666667 0.06875 0.043055555555555555 0.025
0 0.7381944444444445 0.0609375 0.06805555555555555 0.0296875
0 0.7340277777777777 0.02890625 0.04027777777777778 0.0265625
0 0.7930555555555555 0.056640625 0.022222222222222223 0.02109375
0 0.8479166666666667 0.09921875 0.0375 0.025
0 0.7076388888888889 0.094921875 0.02638888888888889 0.03203125
0 0.7201388888888889 0.09921875 0.03194444444444444 0.03125
0 0.7590277777777777 0.10234375 0.05416666666666667 0.0328125
0 0.7597222222222222 0.078125 0.025 0.015625
0 0.8430555555555556 0.081640625 0.03888888888888889 0.01328125
0 0.8597222222222223 0.133203125 0.03888888888888889 0.02734375
0 0.9895833333333334 0.18125 0.018055555555555554 0.0171875
0 0.9347222222222222 0.212890625 0.05555555555555555 0.03671875
0 0.9513888888888888 0.279296875 0.06666666666666667 0.04140625
0 0.5055555555555555 0.165625 0.041666666666666664 0.0203125
0 0.5541666666666667 0.183984375 0.019444444444444445 0.01953125
0 0.6145833333333334 0.21640625 0.0375 0.0234375
0 0.6541666666666667 0.185546875 0.041666666666666664 0.02734375
0 0.6854166666666667 0.17734375 0.0375 0.025
0 0.7465277777777778 0.214453125 0.05138888888888889 0.01328125
0 0.8305555555555556 0.237109375 0.03611111111111111 0.01953125
0 0.8493055555555555 0.37734375 0.05138888888888889 0.0296875
0 0.8833333333333333 0.373046875 0.03611111111111111 0.02265625
0 0.5493055555555556 0.22578125 0.05694444444444444 0.0234375
0 0.5305555555555556 0.253515625 0.05555555555555555 0.02890625
0 0.40902777777777777 0.2328125 0.05138888888888889 0.03125
0 0.3215277777777778 0.193359375 0.034722222222222224 0.01953125
0 0.35 0.214453125 0.03333333333333333 0.01796875
0 0.3215277777777778 0.21015625 0.03194444444444444 0.015625
0 0.2222222222222222 0.199609375 0.041666666666666664 0.02421875
0 0.19027777777777777 0.186328125 0.030555555555555555 0.02265625
0 0.40069444444444446 0.296484375 0.04027777777777778 0.03046875
0 0.4652777777777778 0.2921875 0.04722222222222222 0.0265625
0 0.4909722222222222 0.289453125 0.029166666666666667 0.02578125
0 0.37222222222222223 0.18125 0.03888888888888889 0.0140625
0 0.16805555555555557 0.232421875 0.03888888888888889 0.02109375
0 0.33611111111111114 0.333203125 0.05277777777777778 0.03515625
0 0.31527777777777777 0.351171875 0.022222222222222223 0.01484375
0 0.14166666666666666 0.283984375 0.03888888888888889 0.02109375
0 0.04722222222222222 0.308984375 0.05555555555555555 0.02734375
0 0.1423611111111111 0.316015625 0.043055555555555555 0.01953125
0 0.07916666666666666 0.36796875 0.027777777777777776 0.0171875
0 0.058333333333333334 0.356640625 0.041666666666666664 0.01640625
0 0.36666666666666664 0.35703125 0.058333333333333334 0.03125
0 0.41944444444444445 0.37421875 0.044444444444444446 0.0265625
0 0.6270833333333333 0.29609375 0.03194444444444444 0.015625
0 0.8458333333333333 0.415234375 0.04722222222222222 0.03671875
0 0.6791666666666667 0.422265625 0.06111111111111111 0.03046875
0 0.6333333333333333 0.443359375 0.03333333333333333 0.02578125
0 0.5055555555555555 0.483203125 0.08333333333333333 0.04140625
0 0.46805555555555556 0.53984375 0.06666666666666667 0.0234375
0 0.5840277777777778 0.593359375 0.07361111111111111 0.03828125
0 0.6659722222222222 0.591015625 0.04583333333333333 0.02421875
0 0.7645833333333333 0.6015625 0.06527777777777778 0.0328125
0 0.9402777777777778 0.60703125 0.025 0.0265625
0 0.21944444444444444 0.6703125 0.05277777777777778 0.0328125
0 0.2652777777777778 0.710546875 0.044444444444444446 0.02734375
0 0.3701388888888889 0.59609375 0.04583333333333333 0.025
0 0.5743055555555555 0.743359375 0.08194444444444444 0.04921875
0 0.7694444444444445 0.662890625 0.03888888888888889 0.01640625
0 0.9243055555555556 0.66953125 0.034722222222222224 0.0203125
0 0.05625 0.683203125 0.05694444444444444 0.02265625
0 0.017361111111111112 0.66484375 0.03194444444444444 0.025
0 0.014583333333333334 0.687109375 0.02361111111111111 0.02265625
0 0.04236111111111111 0.707421875 0.06527777777777778 0.02890625
0 0.07430555555555556 0.131640625 0.02638888888888889 0.01640625
0 0.3576388888888889 0.228515625 0.02638888888888889 0.01171875
0 0.4909722222222222 0.23671875 0.020833333333333332 0.0125
0 0.8034722222222223 0.34453125 0.05138888888888889 0.021875
0 0.8006944444444445 0.693359375 0.0375 0.01796875
0 0.44305555555555554 0.562890625 0.027777777777777776 0.01484375
0 0.5020833333333333 0.573046875 0.05416666666666667 0.03359375
