0 0.5125 0.0375 0.041666666666666664 0.028125
0 0.5402777777777777 0.0515625 0.03333333333333333 0.0296875
0 0.5138888888888888 0.065625 0.041666666666666664 0.01875
0 0.47291666666666665 0.07421875 0.04027777777777778 0.0265625
0 0.42569444444444443 0.09140625 0.02361111111111111 0.0265625
0 0.44722222222222224 0.114453125 0.04722222222222222 0.02421875
0 0.4895833333333333 0.11875 0.04583333333333333 0.028125
0 0.5138888888888888 0.11953125 0.027777777777777776 0.0265625
0 0.5402777777777777 0.15859375 0.03333333333333333 0.0265625
0 0.42291666666666666 0.161328125 0.04583333333333333 0.02734375
0 0.47291666666666665 0.147265625 0.0375 0.02265625
0 0.5097222222222222 0.17578125 0.041666666666666664 0.028125
0 0.5590277777777778 0.201953125 0.04027777777777778 0.02265625
0 0.48194444444444445 0.19375 0.05 0.0296875
0 0.425 0.218359375 0.03333333333333333 0.01796875
0 0.38958333333333334 0.258984375 0.04027777777777778 0.02421875
0 0.37222222222222223 0.268359375 0.025 0.01953125
0 0.6284722222222222 0.268359375 0.03194444444444444 0.02109375
0 0.5319444444444444 0.23046875 0.03888888888888889 0.025
0 0.2423611111111111 0.349609375 0.03194444444444444 0.01640625
0 0.5145833333333333 0.35078125 0.04861111111111111 0.0265625
0 0.6902777777777778 0.296484375 0.04722222222222222 0.01953125
0 0.7055555555555556 0.3109375 0.03333333333333333 0.025
0 0.5430555555555555 0.332421875 0.025 0.01328125
0 0.6618055555555555 0.39921875 0.0375 0.025
0 0.4 0.419921875 0.04722222222222222 0.02265625
0 0.4097222222222222 0.401953125 0.03333333333333333 0.01953125
0 0.5555555555555556 0.291015625 0.05 0.01484375
0 0.7152777777777778 0.415234375 0.03611111111111111 0.02265625
0 0.6375 0.415234375 0.05 0.02734375
0 0.6618055555555555 0.42265625 0.043055555555555555 0.0234375
0 0.3638888888888889 0.4796875 0.05 0.0296875
0 0.31666666666666665 0.4734375 0.05277777777777778 0.028125
0 0.5472222222222223 0.457421875 0.04722222222222222 0.02421875
0 0.3784722222222222 0.54375 0.05416666666666667 0.0296875
0 0.32708333333333334 0.576953125 0.043055555555555555 0.02109375
0 0.5395833333333333 0.615234375 0.04027777777777778 0.02109375
0 0.5159722222222223 0.619921875 0.018055555555555554 0.01328125
0 0.40069444444444446 0.559375 0.043055555555555555 0.0234375
0 0.41180555555555554 0.53046875 0.04027777777777778 0.0125
0 0.5680555555555555 0.4765625 0.041666666666666664 0.025
0 0.6076388888888888 0.50390625 0.029166666666666667 0.021875
0 0.27152777777777776 0.5453125 0.02638888888888889 0.015625
0 0.54375 0.538671875 0.034722222222222224 0.01953125
0 0.5659722222222222 0.515625 0.0375 0.0234375
0 0.5513888888888889 0.598828125 0.030555555555555555 0.01953125
0 0.5819444444444445 0.60546875 0.03333333333333333 0.015625
0 0.5284722222222222 0.691015625 0.04861111111111111 0.02734375
0 0.6347222222222222 0.671875 0.016666666666666666 0.0140625
0 0.5555555555555556 0.733984375 0.03611111111111111 0.03046875
0 0.6111111111111112 0.6859375 0.022222222222222223 0.0125
0 0.45625 0.732421875 0.034722222222222224 0.01640625
0 0.6152777777777778 0.808984375 0.03888888888888889 0.03203125
0 0.5152777777777777 0.309765625 0.030555555555555555 0.02421875
0 0.5458333333333333 0.30859375 0.030555555555555555 0.021875
0 0.3229166666666667 0.3625 0.02361111111111111 0.0109375
0 0.44513888888888886 0.526171875 0.018055555555555554 0.01796875
0 0.5638888888888889 0.712109375 0.027777777777777776 0.01328125
0 0.9638888888888889 0.762109375 0.058333333333333334 0.02109375
0 0.075 0.385546875 0.025 0.01171875
0 0.04236111111111111 0.373828125 0.015277777777777777 0.01171875
0 0.016666666666666666 0.340234375 0.025 0.01171875
0 0.017361111111111112 0.423046875 0.029166666666666667 0.01328125
0 0.034722222222222224 0.462890625 0.03611111111111111 0.01640625
0 0.03194444444444444 0.48046875 0.03333333333333333 0.01875
0 0.06458333333333334 0.4796875 0.03194444444444444 0.01875
0 0.33402777777777776 0.441796875 0.04583333333333333 0.02109375
