0 0.015277777777777777 0.153515625 0.025 0.01796875
0 0.0375 0.162109375 0.027777777777777776 0.01796875
0 0.008333333333333333 0.16953125 0.013888888888888888 0.0140625
0 0.02361111111111111 0.179296875 0.025 0.01484375
0 0.21597222222222223 0.091015625 0.02638888888888889 0.01484375
0 0.21805555555555556 0.10546875 0.027777777777777776 0.0125
0 0.26666666666666666 0.111328125 0.022222222222222223 0.01484375
0 0.24305555555555555 0.15390625 0.025 0.0125
0 0.2875 0.166796875 0.03333333333333333 0.01640625
0 0.35 0.1359375 0.030555555555555555 0.0203125
0 0.3680555555555556 0.15 0.030555555555555555 0.0171875
0 0.06597222222222222 0.1734375 0.02361111111111111 0.0140625
0 0.07569444444444444 0.217578125 0.02638888888888889 0.01328125
0 0.10833333333333334 0.2 0.044444444444444446 0.01875
0 0.13680555555555557 0.22578125 0.04861111111111111 0.0265625
0 0.18055555555555555 0.216796875 0.044444444444444446 0.02578125
0 0.17916666666666667 0.24375 0.044444444444444446 0.021875
0 0.0125 0.291015625 0.019444444444444445 0.02578125
0 0.02013888888888889 0.305859375 0.034722222222222224 0.01953125
0 0.03611111111111111 0.31171875 0.025 0.015625
0 0.07222222222222222 0.29609375 0.030555555555555555 0.0203125
0 0.08888888888888889 0.27265625 0.041666666666666664 0.021875
0 0.13055555555555556 0.277734375 0.044444444444444446 0.02578125
0 0.11944444444444445 0.323828125 0.030555555555555555 0.01484375
0 0.18611111111111112 0.28125 0.03888888888888889 0.025
0 0.1763888888888889 0.305078125 0.03611111111111111 0.02734375
0 0.225 0.287109375 0.03611111111111111 0.02578125
0 0.19236111111111112 0.3171875 0.0375 0.021875
0 0.052083333333333336 0.416015625 0.05416666666666667 0.01953125
0 0.09166666666666666 0.44375 0.05555555555555555 0.028125
0 0.059722222222222225 0.510546875 0.03888888888888889 0.02265625
0 0.1625 0.526953125 0.04722222222222222 0.02578125
0 0.24444444444444444 0.52421875 0.04722222222222222 0.021875
0 0.2465277777777778 0.451171875 0.034722222222222224 0.01953125
0 0.3854166666666667 0.47265625 0.029166666666666667 0.0171875
0 0.19652777777777777 0.60703125 0.029166666666666667 0.0203125
0 0.2298611111111111 0.628515625 0.015277777777777777 0.01484375
0 0.3215277777777778 0.604296875 0.02361111111111111 0.01640625
0 0.3277777777777778 0.582421875 0.03888888888888889 0.01953125
0 0.2916666666666667 0.552734375 0.044444444444444446 0.02265625
0 0.3729166666666667 0.54140625 0.04027777777777778 0.0203125
0 0.39444444444444443 0.552734375 0.03888888888888889 0.02265625
0 0.4041666666666667 0.5203125 0.041666666666666664 0.0203125
0 0.37916666666666665 0.7234375 0.027777777777777776 0.0203125
0 0.3909722222222222 0.7375 0.03194444444444444 0.0140625
0 0.4354166666666667 0.709375 0.03194444444444444 0.0171875
0 0.46458333333333335 0.624609375 0.043055555555555555 0.01953125
0 0.25555555555555554 0.22890625 0.041666666666666664 0.0203125
0 0.25625 0.3125 0.029166666666666667 0.021875
0 0.2375 0.325 0.03611111111111111 0.021875
0 0.27291666666666664 0.343359375 0.04027777777777778 0.01796875
0 0.22291666666666668 0.363671875 0.0375 0.01953125
0 0.2763888888888889 0.36875 0.027777777777777776 0.0140625
0 0.33541666666666664 0.2421875 0.05138888888888889 0.03125
0 0.47708333333333336 0.183203125 0.029166666666666667 0.01796875
0 0.44722222222222224 0.30625 0.044444444444444446 0.025
0 0.42291666666666666 0.34375 0.043055555555555555 0.021875
0 0.4305555555555556 0.362890625 0.03611111111111111 0.01484375
0 0.5152777777777777 0.36640625 0.03611111111111111 0.025
0 0.5430555555555555 0.363671875 0.019444444444444445 0.01796875
0 0.5506944444444445 0.26640625 0.0375 0.015625
0 0.5152777777777777 0.271484375 0.030555555555555555 0.02109375
0 0.5138888888888888 0.29375 0.044444444444444446 0.021875
0 0.5819444444444445 0.586328125 0.03333333333333333 0.01484375
0 0.6722222222222223 0.612109375 0.027777777777777776 0.01796875
0 0.6694444444444444 0.526953125 0.03333333333333333 0.02109375
0 0.7451388888888889 0.499609375 0.04027777777777778 0.02578125
0 0.9597222222222223 0.45859375 0.022222222222222223 0.0140625
0 0.7590277777777777 0.516015625 0.043055555555555555 0.01953125
0 0.8277777777777777 0.55078125 0.030555555555555555 0.015625
0 0.8034722222222223 0.546484375 0.02638888888888889 0.01328125
0 0.7743055555555556 0.5578125 0.03194444444444444 0.0171875
0 0.7479166666666667 0.57421875 0.0375 0.015625
0 0.6347222222222222 0.20703125 0.025 0.0203125
0 0.7118055555555556 0.2140625 0.02638888888888889 0.0140625
0 0.8576388888888888 0.264453125 0.03194444444444444 0.01953125
0 0.7847222222222222 0.291015625 0.030555555555555555 0.01640625
0 0.8215277777777777 0.28203125 0.043055555555555555 0.0234375
0 0.8555555555555555 0.29375 0.027777777777777776 0.0171875
0 0.8847222222222222 0.29765625 0.030555555555555555 0.0171875
0 0.9888888888888889 0.362890625 0.016666666666666666 0.00859375
0 0.18541666666666667 0.15625 0.009722222222222222 0.0109375
0 0.23819444444444443 0.18359375 0.015277777777777777 0.0125
0 0.1111111111111111 0.24609375 0.03888888888888889 0.03125
0 0.3659722222222222 0.207421875 0.02638888888888889 0.01484375
0 0.22847222222222222 0.208984375 0.03194444444444444 0.01328125
0 0.17083333333333334 0.48359375 0.027777777777777776 0.0140625
0 0.11041666666666666 0.506640625 0.04861111111111111 0.01640625
0 0.28888888888888886 0.506640625 0.03611111111111111 0.01171875
0 0.32430555555555557 0.648828125 0.02638888888888889 0.01796875
0 0.5076388888888889 0.64375 0.04583333333333333 0.028125
0 0.6298611111111111 0.604296875 0.018055555555555554 0.01484375
0 0.6097222222222223 0.561328125 0.030555555555555555 0.01015625
0 0.9368055555555556 0.61171875 0.0375 0.021875
0 0.9465277777777777 0.4953125 0.029166666666666667 0.0140625
0 0.9027777777777778 0.6671875 0.030555555555555555 0.0171875
0 0.6368055555555555 0.6109375 0.015277777777777777 0.009375
0 0.9895833333333334 0.3234375 0.018055555555555554 0.0203125
0 0.9854166666666667 0.2453125 0.02638888888888889 0.0171875
0 0.9798611111111111 0.186328125 0.029166666666666667 0.01796875
0 0.99375 0.187890625 0.009722222222222222 0.01640625
0 0.6118055555555556 0.38125 0.018055555555555554 0.0125
