0 0.44305555555555554 0.20625 0.025 0.0140625
0 0.5048611111111111 0.203515625 0.0125 0.01015625
0 0.4597222222222222 0.256640625 0.016666666666666666 0.01171875
0 0.5590277777777778 0.242578125 0.020833333333333332 0.01328125
0 0.4951388888888889 0.26875 0.029166666666666667 0.015625
0 0.46458333333333335 0.27421875 0.018055555555555554 0.0140625
0 0.39652777777777776 0.264453125 0.0125 0.01015625
0 0.3951388888888889 0.280859375 0.05138888888888889 0.01640625
0 0.5493055555555556 0.280859375 0.02638888888888889 0.01484375
0 0.6375 0.273046875 0.016666666666666666 0.01171875
0 0.5736111111111111 0.299609375 0.025 0.01640625
0 0.6020833333333333 0.2953125 0.02361111111111111 0.0125
0 0.6590277777777778 0.3515625 0.015277777777777777 0.0109375
0 0.6791666666666667 0.3703125 0.019444444444444445 0.0140625
0 0.5208333333333334 0.31171875 0.011111111111111112 0.0125
0 0.32013888888888886 0.376171875 0.029166666666666667 0.01484375
0 0.1763888888888889 0.384375 0.019444444444444445 0.009375
0 0.1798611111111111 0.394921875 0.018055555555555554 0.01015625
0 0.13819444444444445 0.404296875 0.02361111111111111 0.01015625
0 0.27291666666666664 0.423046875 0.02638888888888889 0.01796875
0 0.3909722222222222 0.41953125 0.020833333333333332 0.0140625
0 0.4826388888888889 0.41484375 0.015277777777777777 0.0109375
0 0.36666666666666664 0.4421875 0.022222222222222223 0.009375
0 0.24375 0.53984375 0.0125 0.009375
0 0.2604166666666667 0.555078125 0.009722222222222222 0.00859375
0 0.23680555555555555 0.5828125 0.018055555555555554 0.00625
0 0.06875 0.716015625 0.034722222222222224 0.01484375
0 0.04791666666666667 0.748828125 0.03194444444444444 0.02265625
0 0.4354166666666667 0.61875 0.02361111111111111 0.0265625
0 0.4847222222222222 0.6234375 0.027777777777777776 0.0125
0 0.5069444444444444 0.62890625 0.008333333333333333 0.0109375
0 0.5513888888888889 0.60078125 0.022222222222222223 0.015625
0 0.5298611111111111 0.633203125 0.018055555555555554 0.01484375
0 0.6840277777777778 0.62109375 0.018055555555555554 0.0140625
0 0.5916666666666667 0.569921875 0.022222222222222223 0.01328125
0 0.49027777777777776 0.5609375 0.013888888888888888 0.00625
0 0.33125 0.487890625 0.03194444444444444 0.01015625
0 0.35694444444444445 0.480078125 0.019444444444444445 0.01015625
0 0.6861111111111111 0.45234375 0.019444444444444445 0.009375
0 0.7465277777777778 0.44921875 0.015277777777777777 0.0078125
0 0.6104166666666667 0.695703125 0.029166666666666667 0.01484375
0 0.5965277777777778 0.683203125 0.018055555555555554 0.00546875
0 0.5666666666666667 0.72109375 0.016666666666666666 0.0140625
0 0.5888888888888889 0.7265625 0.019444444444444445 0.009375
0 0.6229166666666667 0.713671875 0.018055555555555554 0.01328125
0 0.7708333333333334 0.757421875 0.016666666666666666 0.01484375
0 0.8347222222222223 0.68046875 0.025 0.0109375
0 0.7888888888888889 0.65625 0.013888888888888888 0.009375
0 0.8090277777777778 0.630859375 0.009722222222222222 0.00703125
0 0.9958333333333333 0.39375 0.005555555555555556 0.0046875
0 0.3958333333333333 0.33515625 0.013888888888888888 0.0078125
0 0.5409722222222222 0.327734375 0.0125 0.01015625
0 0.34375 0.46640625 0.0125 0.009375
0 0.73125 0.476171875 0.0125 0.00703125
0 0.021527777777777778 0.693359375 0.015277777777777777 0.00859375
0 0.16458333333333333 0.409765625 0.03194444444444444 0.01796875
0 0.4756944444444444 0.2875 0.02638888888888889 0.015625
0 0.475 0.23359375 0.013888888888888888 0.0109375
0 0.5756944444444444 0.265625 0.015277777777777777 0.0140625
0 0.5909722222222222 0.275 0.02361111111111111 0.0125
0 0.6013888888888889 0.404296875 0.025 0.01171875
0 0.07222222222222222 0.575390625 0.013888888888888888 0.01015625
0 0.24166666666666667 0.673828125 0.03888888888888889 0.01796875
0 0.7194444444444444 0.731640625 0.025 0.01484375
0 0.7208333333333333 0.759375 0.03611111111111111 0.01875
0 0.7125 0.767578125 0.030555555555555555 0.01171875
0 0.6736111111111112 0.776953125 0.025 0.01640625
0 0.8868055555555555 0.76875 0.03194444444444444 0.015625
0 0.7222222222222222 0.788671875 0.03333333333333333 0.01953125
0 0.6541666666666667 0.73203125 0.03611111111111111 0.0140625
0 0.5965277777777778 0.466796875 0.043055555555555555 0.01796875
0 0.5819444444444445 0.455078125 0.019444444444444445 0.01640625
0 0.5590277777777778 0.514453125 0.02361111111111111 0.01328125
0 0.31805555555555554 0.59453125 0.016666666666666666 0.0140625
0 0.25972222222222224 0.686328125 0.027777777777777776 0.01171875
0 0.3020833333333333 0.662890625 0.03194444444444444 0.01640625
