0 0.21388888888888888 0.199609375 0.05 0.03046875
0 0.37916666666666665 0.183203125 0.016666666666666666 0.01640625
0 0.4076388888888889 0.18203125 0.02638888888888889 0.0265625
0 0.19305555555555556 0.273828125 0.05555555555555555 0.03515625
0 0.4111111111111111 0.222265625 0.05 0.02421875
0 0.9722222222222222 0.16640625 0.044444444444444446 0.0234375
0 0.93125 0.209765625 0.04861111111111111 0.02890625
0 0.14305555555555555 0.296484375 0.04722222222222222 0.02265625
0 0.8395833333333333 0.263671875 0.0375 0.03203125
0 0.8673611111111111 0.369921875 0.05694444444444444 0.03203125
0 0.9368055555555556 0.3375 0.0625 0.0296875
0 0.5520833333333334 0.52890625 0.0625 0.0328125
0 0.8173611111111111 0.417578125 0.04583333333333333 0.02265625
0 0.825 0.435546875 0.044444444444444446 0.02265625
0 0.8680555555555556 0.423046875 0.058333333333333334 0.02734375
0 0.8659722222222223 0.39921875 0.059722222222222225 0.028125
0 0.9305555555555556 0.40546875 0.025 0.0265625
0 0.9590277777777778 0.441015625 0.04861111111111111 0.02109375
0 0.8743055555555556 0.441796875 0.06527777777777778 0.01796875
0 0.23541666666666666 0.530078125 0.0375 0.01796875
0 0.8347222222222223 0.610546875 0.058333333333333334 0.03359375
0 0.9208333333333333 0.584765625 0.044444444444444446 0.02734375
0 0.9611111111111111 0.59609375 0.05277777777777778 0.025
0 0.8388888888888889 0.519921875 0.041666666666666664 0.03671875
0 0.9048611111111111 0.528125 0.043055555555555555 0.03125
0 0.9361111111111111 0.53046875 0.03888888888888889 0.0265625
0 0.9826388888888888 0.516796875 0.03194444444444444 0.02578125
0 0.8868055555555555 0.558203125 0.018055555555555554 0.02109375
0 0.9729166666666667 0.71953125 0.05138888888888889 0.0390625
0 0.9534722222222223 0.85859375 0.05694444444444444 0.0234375
0 0.8388888888888889 0.3640625 0.025 0.0203125
0 0.6958333333333333 0.71875 0.027777777777777776 0.0203125
0 0.7256944444444444 0.742578125 0.05138888888888889 0.02890625
0 0.75625 0.821875 0.018055555555555554 0.0203125
0 0.18333333333333332 0.85546875 0.019444444444444445 0.01875
0 0.9597222222222223 0.90390625 0.025 0.0265625
0 0.8263888888888888 0.957421875 0.041666666666666664 0.02890625
0 0.6972222222222222 0.9796875 0.05277777777777778 0.034375
