0 0.030555555555555555 0.05 0.030555555555555555 0.0125
0 0.07361111111111111 0.051171875 0.04722222222222222 0.02109375
0 0.08402777777777778 0.0875 0.04861111111111111 0.0296875
0 0.0798611111111111 0.06640625 0.018055555555555554 0.0109375
0 0.06041666666666667 0.08515625 0.029166666666666667 0.025
0 0.04236111111111111 0.093359375 0.02638888888888889 0.01640625
0 0.022916666666666665 0.1359375 0.029166666666666667 0.015625
0 0.009027777777777777 0.175 0.015277777777777777 0.0125
0 0.058333333333333334 0.153515625 0.022222222222222223 0.01484375
0 0.04097222222222222 0.1921875 0.020833333333333332 0.0140625
0 0.09861111111111111 0.18359375 0.03333333333333333 0.0140625
0 0.07361111111111111 0.21015625 0.025 0.0125
0 0.22291666666666668 0.190625 0.04583333333333333 0.028125
0 0.14305555555555555 0.05234375 0.030555555555555555 0.0171875
0 0.16458333333333333 0.065625 0.02361111111111111 0.015625
0 0.22916666666666666 0.07109375 0.027777777777777776 0.025
0 0.20069444444444445 0.072265625 0.03194444444444444 0.01015625
0 0.20694444444444443 0.08984375 0.03888888888888889 0.025
0 0.23333333333333334 0.097265625 0.025 0.02265625
0 0.24791666666666667 0.11796875 0.0375 0.025
0 0.04652777777777778 0.36171875 0.043055555555555555 0.028125
0 0.07777777777777778 0.330859375 0.04722222222222222 0.02578125
0 0.10694444444444444 0.330078125 0.025 0.01796875
0 0.16111111111111112 0.388671875 0.041666666666666664 0.02734375
0 0.19375 0.376171875 0.04861111111111111 0.02265625
0 0.03888888888888889 0.522265625 0.04722222222222222 0.02421875
0 0.14444444444444443 0.46953125 0.03333333333333333 0.0140625
0 0.27569444444444446 0.35390625 0.03194444444444444 0.015625
0 0.17777777777777778 0.295703125 0.041666666666666664 0.02578125
0 0.24097222222222223 0.2484375 0.05138888888888889 0.025
0 0.3333333333333333 0.239453125 0.027777777777777776 0.01640625
0 0.34375 0.31171875 0.04861111111111111 0.0265625
0 0.38125 0.32734375 0.03194444444444444 0.0140625
0 0.4027777777777778 0.351171875 0.027777777777777776 0.01953125
0 0.2777777777777778 0.594921875 0.027777777777777776 0.01328125
0 0.31666666666666665 0.623046875 0.030555555555555555 0.01640625
0 0.41388888888888886 0.600390625 0.030555555555555555 0.01640625
0 0.42777777777777776 0.556640625 0.044444444444444446 0.02265625
0 0.4395833333333333 0.580078125 0.034722222222222224 0.01953125
0 0.45555555555555555 0.511328125 0.05 0.02265625
0 0.43472222222222223 0.50078125 0.019444444444444445 0.0140625
0 0.4798611111111111 0.545703125 0.018055555555555554 0.01328125
0 0.5013888888888889 0.573828125 0.04722222222222222 0.02421875
0 0.47708333333333336 0.669921875 0.018055555555555554 0.01328125
0 0.5395833333333333 0.6296875 0.029166666666666667 0.0171875
0 0.5298611111111111 0.61171875 0.0375 0.015625
0 0.48819444444444443 0.5953125 0.02638888888888889 0.0125
0 0.5979166666666667 0.570703125 0.05138888888888889 0.02890625
0 0.6777777777777778 0.543359375 0.03611111111111111 0.02890625
0 0.6611111111111111 0.58203125 0.022222222222222223 0.015625
0 0.7541666666666667 0.599609375 0.044444444444444446 0.02578125
0 0.7388888888888889 0.631640625 0.058333333333333334 0.03203125
0 0.7826388888888889 0.687890625 0.04861111111111111 0.02421875
0 0.8458333333333333 0.64296875 0.025 0.021875
0 0.8194444444444444 0.558203125 0.058333333333333334 0.03203125
0 0.7145833333333333 0.47421875 0.043055555555555555 0.021875
0 0.7819444444444444 0.480859375 0.05 0.02265625
0 0.88125 0.53125 0.0375 0.021875
0 0.8743055555555556 0.475390625 0.02638888888888889 0.01171875
0 0.9375 0.453125 0.05 0.028125
0 0.9423611111111111 0.47890625 0.0375 0.01875
0 0.9833333333333333 0.4921875 0.030555555555555555 0.0265625
0 0.6229166666666667 0.45546875 0.02361111111111111 0.0078125
0 0.8631944444444445 0.40703125 0.02638888888888889 0.0140625
0 0.925 0.401171875 0.027777777777777776 0.01015625
0 0.9340277777777778 0.3390625 0.029166666666666667 0.015625
0 0.4888888888888889 0.36640625 0.030555555555555555 0.015625
0 0.5159722222222223 0.409765625 0.020833333333333332 0.01171875
0 0.6277777777777778 0.3859375 0.022222222222222223 0.0109375
0 0.36041666666666666 0.208203125 0.029166666666666667 0.01640625
0 0.3951388888888889 0.22109375 0.02638888888888889 0.0203125
0 0.4409722222222222 0.21328125 0.034722222222222224 0.0203125
0 0.41597222222222224 0.24609375 0.02638888888888889 0.0140625
0 0.4125 0.2609375 0.030555555555555555 0.0109375
0 0.46805555555555556 0.238671875 0.03611111111111111 0.01953125
0 0.4777777777777778 0.21328125 0.03333333333333333 0.01875
0 0.5 0.227734375 0.027777777777777776 0.01953125
0 0.525 0.296875 0.03333333333333333 0.015625
0 0.5277777777777778 0.34765625 0.022222222222222223 0.0140625
0 0.5652777777777778 0.355859375 0.022222222222222223 0.01171875
0 0.6361111111111111 0.415625 0.027777777777777776 0.0140625
0 0.6680555555555555 0.412109375 0.030555555555555555 0.01328125
0 0.6930555555555555 0.40625 0.019444444444444445 0.0140625
0 0.6222222222222222 0.2390625 0.027777777777777776 0.0171875
0 0.5868055555555556 0.225390625 0.034722222222222224 0.01484375
0 0.49930555555555556 0.173828125 0.018055555555555554 0.01328125
0 0.5993055555555555 0.15 0.0375 0.0203125
0 0.6270833333333333 0.1765625 0.02638888888888889 0.0171875
0 0.6986111111111111 0.2203125 0.027777777777777776 0.015625
0 0.775 0.2265625 0.03333333333333333 0.01875
0 0.6895833333333333 0.133203125 0.04027777777777778 0.02578125
0 0.7006944444444444 0.171484375 0.04027777777777778 0.02265625
0 0.7465277777777778 0.190625 0.034722222222222224 0.021875
0 0.7743055555555556 0.203515625 0.029166666666666667 0.01640625
0 0.8201388888888889 0.2109375 0.04027777777777778 0.0203125
0 0.7986111111111112 0.192578125 0.03888888888888889 0.01484375
0 0.8069444444444445 0.173828125 0.03611111111111111 0.02578125
0 0.8395833333333333 0.182421875 0.02638888888888889 0.01796875
0 0.86875 0.198046875 0.0375 0.01953125
0 0.8909722222222223 0.172265625 0.0375 0.02109375
0 0.9368055555555556 0.151953125 0.0375 0.02265625
0 0.9416666666666667 0.171484375 0.022222222222222223 0.01796875
0 0.9708333333333333 0.16015625 0.03888888888888889 0.01875
0 0.9722222222222222 0.241015625 0.027777777777777776 0.01015625
0 0.9680555555555556 0.27109375 0.041666666666666664 0.025
0 0.9930555555555556 0.264453125 0.008333333333333333 0.02109375
0 0.7006944444444444 0.376953125 0.015277777777777777 0.00859375
0 0.7229166666666667 0.381640625 0.020833333333333332 0.00859375
0 0.725 0.373046875 0.019444444444444445 0.01015625
0 0.8979166666666667 0.57734375 0.018055555555555554 0.0109375
0 0.9256944444444445 0.5734375 0.015277777777777777 0.009375
0 0.2111111111111111 0.329296875 0.019444444444444445 0.00859375
0 0.13055555555555556 0.30546875 0.030555555555555555 0.028125
0 0.1701388888888889 0.121875 0.03194444444444444 0.021875
0 0.8930555555555556 0.29921875 0.025 0.01875
0 0.6409722222222223 0.39765625 0.03194444444444444 0.0109375
0 0.5736111111111111 0.36484375 0.025 0.0125
0 0.6375 0.512890625 0.016666666666666666 0.00859375
0 0.04791666666666667 0.38203125 0.05694444444444444 0.0203125
