0 0.05277777777777778 0.080078125 0.05 0.02734375
0 0.08402777777777778 0.0953125 0.04861111111111111 0.034375
0 0.06597222222222222 0.11015625 0.04583333333333333 0.025
0 0.027777777777777776 0.118359375 0.05 0.03046875
0 0.04583333333333333 0.165625 0.05 0.028125
0 0.07777777777777778 0.166796875 0.03333333333333333 0.02890625
0 0.016666666666666666 0.152734375 0.027777777777777776 0.02421875
0 0.022916666666666665 0.19453125 0.043055555555555555 0.0296875
0 0.09583333333333334 0.20859375 0.04722222222222222 0.028125
0 0.06527777777777778 0.226171875 0.05555555555555555 0.03046875
0 0.027777777777777776 0.24375 0.05555555555555555 0.034375
0 0.1111111111111111 0.254296875 0.03611111111111111 0.02265625
0 0.00625 0.317578125 0.009722222222222222 0.00234375
0 0.09861111111111111 0.28359375 0.03611111111111111 0.025
0 0.21041666666666667 0.326171875 0.04861111111111111 0.02734375
0 0.28541666666666665 0.35625 0.04583333333333333 0.025
0 0.3 0.371875 0.041666666666666664 0.028125
0 0.07430555555555556 0.395703125 0.03194444444444444 0.01640625
0 0.030555555555555555 0.414453125 0.05555555555555555 0.03046875
0 0.24097222222222223 0.465625 0.04861111111111111 0.025
0 0.3 0.4828125 0.041666666666666664 0.021875
0 0.2548611111111111 0.48984375 0.043055555555555555 0.028125
0 0.2125 0.480859375 0.05 0.02265625
0 0.21458333333333332 0.49765625 0.029166666666666667 0.015625
0 0.04861111111111111 0.476171875 0.04722222222222222 0.02265625
0 0.09583333333333334 0.53125 0.05555555555555555 0.025
0 0.11666666666666667 0.55078125 0.05555555555555555 0.03125
0 0.1875 0.5765625 0.030555555555555555 0.015625
0 0.12361111111111112 0.592578125 0.05277777777777778 0.02890625
0 0.08888888888888889 0.621484375 0.05277777777777778 0.02578125
0 0.13402777777777777 0.6875 0.04027777777777778 0.0265625
0 0.075 0.709375 0.05555555555555555 0.028125
0 0.04722222222222222 0.792578125 0.05277777777777778 0.03671875
0 0.07152777777777777 0.844921875 0.05416666666666667 0.03515625
0 0.18194444444444444 0.78046875 0.025 0.01875
0 0.19166666666666668 0.771875 0.025 0.015625
0 0.1326388888888889 0.9296875 0.05138888888888889 0.0421875
0 0.6381944444444444 0.553125 0.034722222222222224 0.0359375
0 0.7333333333333333 0.607421875 0.07777777777777778 0.03984375
0 0.5854166666666667 0.85703125 0.07916666666666666 0.03125
0 0.1597222222222222 0.431640625 0.05 0.02265625
0 0.10486111111111111 0.63671875 0.02638888888888889 0.0140625
0 0.029861111111111113 0.5984375 0.034722222222222224 0.0109375
0 0.21041666666666667 0.916015625 0.04861111111111111 0.03046875
0 0.10347222222222222 0.3515625 0.0625 0.0234375
0 0.0875 0.37265625 0.027777777777777776 0.021875
0 0.09513888888888888 0.687109375 0.034722222222222224 0.01953125
0 0.044444444444444446 0.713671875 0.016666666666666666 0.01328125
0 0.15208333333333332 0.78828125 0.015277777777777777 0.015625
0 0.05694444444444444 0.751953125 0.044444444444444446 0.02421875
0 0.6944444444444444 0.55390625 0.044444444444444446 0.0140625
0 0.9777777777777777 0.548046875 0.041666666666666664 0.01796875
0 0.9798611111111111 0.396875 0.02638888888888889 0.009375
0 0.8166666666666667 0.40859375 0.030555555555555555 0.0140625
0 0.9805555555555555 0.359375 0.030555555555555555 0.021875
0 0.9243055555555556 0.201953125 0.05694444444444444 0.03515625
0 0.9076388888888889 0.2296875 0.05694444444444444 0.0265625
0 0.9590277777777778 0.241796875 0.05694444444444444 0.02265625
0 0.9729166666666667 0.23125 0.029166666666666667 0.021875
0 0.8868055555555555 0.26640625 0.02361111111111111 0.0140625
