0 0.4701388888888889 0.155859375 0.04027777777777778 0.02578125
0 0.4986111111111111 0.141015625 0.03888888888888889 0.01953125
0 0.6368055555555555 0.28515625 0.04583333333333333 0.025
0 0.65 0.300390625 0.04722222222222222 0.02578125
0 0.6465277777777778 0.35078125 0.03194444444444444 0.0140625
0 0.6805555555555556 0.4546875 0.03888888888888889 0.015625
0 0.7854166666666667 0.471484375 0.04583333333333333 0.02421875
0 0.5361111111111111 0.5171875 0.05277777777777778 0.0265625
0 0.6493055555555556 0.51875 0.043055555555555555 0.025
0 0.7159722222222222 0.500390625 0.029166666666666667 0.02265625
0 0.7236111111111111 0.549609375 0.04722222222222222 0.02578125
0 0.6444444444444445 0.637890625 0.04722222222222222 0.02109375
0 0.5013888888888889 0.627734375 0.05 0.02578125
0 0.35833333333333334 0.615625 0.05277777777777778 0.0265625
0 0.3715277777777778 0.5875 0.02638888888888889 0.0109375
0 0.38125 0.54765625 0.04861111111111111 0.0296875
0 0.26805555555555555 0.468359375 0.030555555555555555 0.01640625
0 0.24027777777777778 0.454296875 0.03333333333333333 0.01796875
0 0.059722222222222225 0.501171875 0.044444444444444446 0.02578125
0 0.6166666666666667 0.531640625 0.03333333333333333 0.01953125
