0 0.3951388888888889 0.00859375 0.043055555555555555 0.0140625
0 0.24930555555555556 0.1078125 0.04027777777777778 0.0265625
0 0.2861111111111111 0.112890625 0.03611111111111111 0.02421875
0 0.31666666666666665 0.1140625 0.025 0.025
0 0.16875 0.153515625 0.04861111111111111 0.02890625
0 0.18819444444444444 0.2 0.05138888888888889 0.0328125
0 0.23125 0.2046875 0.04027777777777778 0.0359375
0 0.29930555555555555 0.232421875 0.059722222222222225 0.03203125
0 0.32569444444444445 0.198828125 0.0375 0.02890625
0 0.36527777777777776 0.196875 0.05277777777777778 0.03125
0 0.3659722222222222 0.15703125 0.02638888888888889 0.0203125
0 0.37777777777777777 0.16328125 0.013888888888888888 0.0203125
0 0.45416666666666666 0.1921875 0.019444444444444445 0.009375
0 0.4638888888888889 0.211328125 0.022222222222222223 0.01484375
0 0.43333333333333335 0.230859375 0.019444444444444445 0.02265625
0 0.33055555555555555 0.264453125 0.041666666666666664 0.02578125
0 0.3034722222222222 0.260546875 0.029166666666666667 0.01953125
0 0.18055555555555555 0.282421875 0.05277777777777778 0.02890625
0 0.25 0.304296875 0.05 0.02890625
0 0.3597222222222222 0.2921875 0.030555555555555555 0.028125
0 0.1986111111111111 0.34765625 0.041666666666666664 0.0203125
0 0.11388888888888889 0.363671875 0.025 0.01953125
0 0.022916666666666665 0.424609375 0.02638888888888889 0.01484375
0 0.18819444444444444 0.424609375 0.034722222222222224 0.02265625
0 0.22708333333333333 0.4140625 0.043055555555555555 0.025
0 0.23541666666666666 0.436328125 0.04583333333333333 0.02734375
0 0.24166666666666667 0.452734375 0.027777777777777776 0.01328125
0 0.2701388888888889 0.3609375 0.04583333333333333 0.0359375
0 0.375 0.34921875 0.022222222222222223 0.0109375
0 0.4777777777777778 0.3875 0.04722222222222222 0.0265625
0 0.9416666666666667 0.34453125 0.03888888888888889 0.01875
0 0.9763888888888889 0.345703125 0.016666666666666666 0.01328125
0 0.8159722222222222 0.43671875 0.02638888888888889 0.0125
0 0.9097222222222222 0.44921875 0.05 0.0203125
0 0.45069444444444445 0.4078125 0.043055555555555555 0.0265625
0 0.39166666666666666 0.38203125 0.013888888888888888 0.0125
0 0.3951388888888889 0.433203125 0.04583333333333333 0.02734375
0 0.20625 0.51328125 0.034722222222222224 0.009375
0 0.19444444444444445 0.453515625 0.016666666666666666 0.02109375
0 0.07777777777777778 0.568359375 0.019444444444444445 0.02109375
0 0.09861111111111111 0.587109375 0.03888888888888889 0.02421875
0 0.23958333333333334 0.68125 0.07083333333333333 0.0375
0 0.2826388888888889 0.68203125 0.029166666666666667 0.028125
0 0.6583333333333333 0.6578125 0.027777777777777776 0.0140625
0 0.6798611111111111 0.644140625 0.043055555555555555 0.02578125
0 0.66875 0.610546875 0.04861111111111111 0.03046875
0 0.8708333333333333 0.49609375 0.03333333333333333 0.015625
0 0.8868055555555555 0.516015625 0.05138888888888889 0.02109375
0 0.74375 0.51875 0.029166666666666667 0.015625
0 0.4326388888888889 0.533984375 0.04027777777777778 0.02109375
0 0.47152777777777777 0.53046875 0.043055555555555555 0.0234375
0 0.5555555555555556 0.50859375 0.022222222222222223 0.0078125
0 0.4236111111111111 0.555859375 0.044444444444444446 0.01953125
0 0.8777777777777778 0.644921875 0.06111111111111111 0.02421875
0 0.8229166666666666 0.573828125 0.034722222222222224 0.01484375
0 0.8666666666666667 0.704296875 0.03611111111111111 0.02578125
0 0.4152777777777778 0.193359375 0.013888888888888888 0.01328125
0 0.9472222222222222 0.413671875 0.016666666666666666 0.01015625
0 0.975 0.54609375 0.027777777777777776 0.01875
0 0.46597222222222223 0.57421875 0.0375 0.028125
