0 0.4131944444444444 0.087109375 0.04583333333333333 0.03203125
0 0.38958333333333334 0.105859375 0.02361111111111111 0.02421875
0 0.45416666666666666 0.364453125 0.03333333333333333 0.02265625
0 0.39861111111111114 0.4765625 0.03888888888888889 0.0234375
0 0.7694444444444445 0.48515625 0.05277777777777778 0.0171875
0 0.41458333333333336 0.577734375 0.05416666666666667 0.02890625
0 0.16180555555555556 0.530078125 0.04027777777777778 0.01953125
0 0.22777777777777777 0.56953125 0.03611111111111111 0.0265625
0 0.41180555555555554 0.671875 0.05694444444444444 0.021875
0 0.3736111111111111 0.719921875 0.05 0.03046875
0 0.5229166666666667 0.72109375 0.03194444444444444 0.0140625
0 0.6652777777777777 0.7546875 0.03611111111111111 0.0109375
0 0.6930555555555555 0.74921875 0.041666666666666664 0.0203125
0 0.8194444444444444 0.70546875 0.04722222222222222 0.015625
0 0.3875 0.8 0.03611111111111111 0.021875
0 0.3034722222222222 0.873046875 0.05416666666666667 0.03515625
0 0.5236111111111111 0.860546875 0.041666666666666664 0.01796875
0 0.5868055555555556 0.8640625 0.04583333333333333 0.021875
0 0.5958333333333333 0.840234375 0.025 0.01484375
0 0.014583333333333334 0.79140625 0.02638888888888889 0.0375
0 0.15902777777777777 0.586328125 0.029166666666666667 0.01484375
0 0.013888888888888888 0.639453125 0.027777777777777776 0.02109375
0 0.7243055555555555 0.565234375 0.0375 0.02109375
