0 0.5756944444444444 0.5765625 0.04027777777777778 0.025
0 0.7256944444444444 0.450390625 0.04861111111111111 0.03359375
0 0.6993055555555555 0.520703125 0.04027777777777778 0.02265625
0 0.6104166666666667 0.544140625 0.0375 0.01796875
0 0.5 0.57109375 0.03888888888888889 0.0234375
0 0.54375 0.5703125 0.029166666666666667 0.0171875
0 0.7166666666666667 0.395703125 0.04722222222222222 0.02734375
0 0.24444444444444444 0.5 0.030555555555555555 0.01875
0 0.2833333333333333 0.465234375 0.03611111111111111 0.01484375
0 0.18055555555555555 0.475 0.03611111111111111 0.0203125
0 0.17152777777777778 0.428125 0.04027777777777778 0.0234375
0 0.09166666666666666 0.451171875 0.027777777777777776 0.01640625
0 0.016666666666666666 0.4421875 0.027777777777777776 0.0171875
0 0.6645833333333333 0.325 0.043055555555555555 0.0265625
0 0.6159722222222223 0.37890625 0.02638888888888889 0.0203125
0 0.8902777777777777 0.3046875 0.03611111111111111 0.028125
0 0.8736111111111111 0.2484375 0.030555555555555555 0.0171875
0 0.9284722222222223 0.2390625 0.04027777777777778 0.0171875
0 0.675 0.196484375 0.041666666666666664 0.02265625
0 0.8055555555555556 0.19921875 0.03333333333333333 0.0203125
0 0.775 0.172265625 0.03333333333333333 0.02109375
0 0.4263888888888889 0.18671875 0.03888888888888889 0.025
0 0.47152777777777777 0.146484375 0.0375 0.02265625
0 0.48333333333333334 0.18046875 0.030555555555555555 0.01875
0 0.2701388888888889 0.225 0.034722222222222224 0.0203125
0 0.43819444444444444 0.2375 0.02638888888888889 0.01875
0 0.6027777777777777 0.212890625 0.03888888888888889 0.02421875
0 0.48680555555555555 0.240625 0.04027777777777778 0.0171875
0 0.5076388888888889 0.2234375 0.029166666666666667 0.021875
0 0.5875 0.233984375 0.030555555555555555 0.02265625
0 0.6631944444444444 0.25390625 0.0375 0.01875
0 0.3902777777777778 0.32578125 0.03333333333333333 0.015625
0 0.4013888888888889 0.271875 0.03333333333333333 0.01875
0 0.39444444444444443 0.203125 0.03611111111111111 0.0140625
0 0.49722222222222223 0.200390625 0.03333333333333333 0.01953125
0 0.5944444444444444 0.14765625 0.03888888888888889 0.0203125
0 0.5930555555555556 0.12734375 0.03611111111111111 0.015625
0 0.5423611111111111 0.234765625 0.034722222222222224 0.02265625
0 0.7375 0.18125 0.025 0.01875
0 0.6736111111111112 0.23515625 0.027777777777777776 0.0203125
0 0.5618055555555556 0.154296875 0.02361111111111111 0.01484375
0 0.059027777777777776 0.473828125 0.02638888888888889 0.01171875
0 0.46111111111111114 0.22421875 0.03333333333333333 0.0125
0 0.4798611111111111 0.21015625 0.029166666666666667 0.01875
0 0.5659722222222222 0.19453125 0.04861111111111111 0.021875
0 0.6458333333333334 0.169140625 0.03333333333333333 0.02578125
0 0.8076388888888889 0.22734375 0.04027777777777778 0.025
0 0.8347222222222223 0.239453125 0.041666666666666664 0.01484375
0 0.8388888888888889 0.27734375 0.030555555555555555 0.009375
0 0.6152777777777778 0.247265625 0.027777777777777776 0.01796875
0 0.6541666666666667 0.219921875 0.03333333333333333 0.02421875
0 0.5298611111111111 0.196484375 0.029166666666666667 0.00859375
0 0.3611111111111111 0.323828125 0.03333333333333333 0.02109375
0 0.3055555555555556 0.31796875 0.03333333333333333 0.009375
0 0.3333333333333333 0.314453125 0.03333333333333333 0.01484375
0 0.06388888888888888 0.32578125 0.027777777777777776 0.0140625
0 0.022916666666666665 0.31640625 0.015277777777777777 0.009375
0 0.63125 0.3640625 0.02638888888888889 0.0109375
0 0.49375 0.3328125 0.0375 0.0171875
0 0.6243055555555556 0.272265625 0.02361111111111111 0.01328125
0 0.9215277777777777 0.356640625 0.02638888888888889 0.01953125
0 0.975 0.340234375 0.03333333333333333 0.00859375
0 0.9138888888888889 0.342578125 0.016666666666666666 0.00859375
0 0.7833333333333333 0.366015625 0.041666666666666664 0.02890625
0 0.7798611111111111 0.40859375 0.02361111111111111 0.0171875
0 0.21944444444444444 0.483203125 0.025 0.01796875
0 0.3638888888888889 0.4640625 0.030555555555555555 0.0203125
0 0.4465277777777778 0.521875 0.02361111111111111 0.0140625
0 0.45625 0.4953125 0.03194444444444444 0.01875
0 0.6159722222222223 0.478125 0.02638888888888889 0.015625
0 0.6611111111111111 0.452734375 0.03333333333333333 0.01796875
0 0.69375 0.474609375 0.02638888888888889 0.01640625
0 0.7243055555555555 0.4796875 0.015277777777777777 0.0109375
0 0.9444444444444444 0.53046875 0.05277777777777778 0.028125
0 0.75625 0.3265625 0.015277777777777777 0.0125
0 0.6222222222222222 0.29375 0.019444444444444445 0.015625
