0 0.48819444444444443 0.46796875 0.0763888888888889 0.0390625
0 0.011805555555555555 0.477734375 0.020833333333333332 0.02578125
0 0.043055555555555555 0.51875 0.06111111111111111 0.03125
0 0.09027777777777778 0.501171875 0.041666666666666664 0.02421875
0 0.2875 0.54296875 0.04722222222222222 0.0328125
0 0.32083333333333336 0.5453125 0.03611111111111111 0.0296875
0 0.02638888888888889 0.552734375 0.03333333333333333 0.01953125
0 0.01875 0.537109375 0.02361111111111111 0.01328125
0 0.007638888888888889 0.551171875 0.009722222222222222 0.01953125
0 0.034027777777777775 0.587890625 0.04583333333333333 0.03359375
0 0.9138888888888889 0.6921875 0.044444444444444446 0.025
