0 0.3590277777777778 0.139453125 0.03194444444444444 0.02578125
0 0.31875 0.1375 0.03194444444444444 0.0140625
0 0.29305555555555557 0.17578125 0.025 0.0171875
0 0.21388888888888888 0.251953125 0.04722222222222222 0.02734375
0 0.3416666666666667 0.228125 0.03333333333333333 0.0203125
0 0.9236111111111112 0.10703125 0.05555555555555555 0.03125
0 0.9111111111111111 0.0875 0.041666666666666664 0.0265625
0 0.8229166666666666 0.21328125 0.04027777777777778 0.028125
0 0.8673611111111111 0.234375 0.0375 0.0265625
0 0.8215277777777777 0.248046875 0.0375 0.02578125
0 0.27847222222222223 0.2640625 0.0375 0.0171875
0 0.32569444444444445 0.2984375 0.02638888888888889 0.0171875
0 0.5194444444444445 0.319921875 0.041666666666666664 0.01953125
0 0.5451388888888888 0.3265625 0.029166666666666667 0.0171875
0 0.9173611111111111 0.37265625 0.05138888888888889 0.0296875
0 0.8875 0.3765625 0.03611111111111111 0.0265625
0 0.9319444444444445 0.2890625 0.03333333333333333 0.021875
0 0.9416666666666667 0.227734375 0.013888888888888888 0.01640625
0 0.9875 0.3046875 0.022222222222222223 0.0234375
0 0.44305555555555554 0.3296875 0.027777777777777776 0.0234375
0 0.45902777777777776 0.376953125 0.0375 0.01484375
0 0.3368055555555556 0.377734375 0.04583333333333333 0.01484375
0 0.7930555555555555 0.325390625 0.03611111111111111 0.01796875
0 0.9819444444444444 0.390234375 0.030555555555555555 0.01171875
0 0.9340277777777778 0.399609375 0.029166666666666667 0.01484375
0 0.7048611111111112 0.435546875 0.043055555555555555 0.01953125
0 0.8145833333333333 0.491015625 0.04861111111111111 0.01953125
0 0.375 0.483203125 0.044444444444444446 0.02890625
0 0.31319444444444444 0.557421875 0.02361111111111111 0.01640625
0 0.12986111111111112 0.4171875 0.034722222222222224 0.0171875
0 0.06319444444444444 0.39296875 0.034722222222222224 0.0203125
0 0.5270833333333333 0.437890625 0.05138888888888889 0.02265625
0 0.5854166666666667 0.42734375 0.043055555555555555 0.0234375
0 0.80625 0.63671875 0.04027777777777778 0.025
0 0.10347222222222222 0.63046875 0.05138888888888889 0.025
0 0.3236111111111111 0.176953125 0.03611111111111111 0.01953125
0 0.3958333333333333 0.19453125 0.041666666666666664 0.021875
0 0.8694444444444445 0.212109375 0.03611111111111111 0.01640625
0 0.9875 0.26328125 0.019444444444444445 0.0109375
0 0.7826388888888889 0.384375 0.029166666666666667 0.0203125
0 0.22291666666666668 0.48671875 0.02638888888888889 0.0203125
0 0.7805555555555556 0.537890625 0.044444444444444446 0.01953125
0 0.0125 0.5359375 0.025 0.0109375
