0 0.5347222222222222 0.46171875 0.06666666666666667 0.040625
0 0.9479166666666666 0.681640625 0.034722222222222224 0.02109375
0 0.0798611111111111 0.587890625 0.02638888888888889 0.02890625
0 0.33402777777777776 0.537109375 0.03194444444444444 0.02265625
0 0.36041666666666666 0.544921875 0.0375 0.01640625
0 0.04722222222222222 0.47109375 0.044444444444444446 0.021875
0 0.020833333333333332 0.456640625 0.03888888888888889 0.01640625
0 0.1375 0.496484375 0.030555555555555555 0.01796875
0 0.09583333333333334 0.512890625 0.05 0.01953125
0 0.02847222222222222 0.571484375 0.05694444444444444 0.03203125
0 0.06180555555555556 0.54765625 0.05416666666666667 0.0265625
