0 0.16319444444444445 0.1359375 0.04027777777777778 0.028125
0 0.11458333333333333 0.015625 0.018055555555555554 0.0140625
0 0.011805555555555555 0.274609375 0.020833333333333332 0.00859375
0 0.05416666666666667 0.523046875 0.06111111111111111 0.02265625
0 0.035416666666666666 0.71171875 0.034722222222222224 0.0203125
0 0.16875 0.638671875 0.02638888888888889 0.01484375
0 0.46041666666666664 0.647265625 0.05694444444444444 0.02890625
0 0.6354166666666666 0.7375 0.0625 0.03125
0 0.7180555555555556 0.70234375 0.030555555555555555 0.025
0 0.7409722222222223 0.7359375 0.07083333333333333 0.0390625
0 0.7631944444444444 0.8140625 0.04861111111111111 0.025
