0 0.0763888888888889 0.04453125 0.044444444444444446 0.03125
0 0.11458333333333333 0.06953125 0.05138888888888889 0.0296875
0 0.17222222222222222 0.0421875 0.04722222222222222 0.028125
0 0.2673611111111111 0.053515625 0.04583333333333333 0.03203125
0 0.26319444444444445 0.075390625 0.05138888888888889 0.02578125
0 0.09652777777777778 0.16796875 0.05138888888888889 0.034375
0 0.19652777777777777 0.160546875 0.04861111111111111 0.02734375
0 0.41458333333333336 0.119921875 0.05416666666666667 0.03203125
0 0.3770833333333333 0.082421875 0.05416666666666667 0.03515625
0 0.31666666666666665 0.08046875 0.044444444444444446 0.0296875
0 0.26319444444444445 0.11875 0.03194444444444444 0.028125
0 0.2569444444444444 0.095703125 0.019444444444444445 0.01640625
0 0.16041666666666668 0.06875 0.029166666666666667 0.0234375
0 0.18125 0.140234375 0.04861111111111111 0.02421875
0 0.25277777777777777 0.15546875 0.05277777777777778 0.0328125
0 0.23819444444444443 0.17578125 0.05138888888888889 0.0328125
0 0.2798611111111111 0.17421875 0.029166666666666667 0.021875
0 0.03680555555555556 0.215625 0.04861111111111111 0.0296875
0 0.01875 0.247265625 0.034722222222222224 0.02734375
0 0.07430555555555556 0.269921875 0.059722222222222225 0.03359375
0 0.11736111111111111 0.253515625 0.04583333333333333 0.02421875
0 0.14375 0.267578125 0.04027777777777778 0.01953125
0 0.20416666666666666 0.323046875 0.03888888888888889 0.02578125
0 0.4222222222222222 0.255078125 0.05555555555555555 0.03046875
0 0.43194444444444446 0.318359375 0.05555555555555555 0.02734375
0 0.08888888888888889 0.3078125 0.03333333333333333 0.025
0 0.2513888888888889 0.33671875 0.041666666666666664 0.021875
0 0.21319444444444444 0.345703125 0.04583333333333333 0.02109375
0 0.10902777777777778 0.36328125 0.04027777777777778 0.0234375
0 0.15208333333333332 0.401171875 0.034722222222222224 0.02265625
0 0.2916666666666667 0.430859375 0.075 0.01484375
0 0.36666666666666664 0.339453125 0.03611111111111111 0.02421875
0 0.4875 0.333984375 0.03611111111111111 0.01796875
0 0.024305555555555556 0.471875 0.04583333333333333 0.021875
0 0.30069444444444443 0.496875 0.059722222222222225 0.03125
0 0.30277777777777776 0.63125 0.07222222222222222 0.0390625
0 0.28125 0.70390625 0.07916666666666666 0.0421875
0 0.2361111111111111 0.546484375 0.04722222222222222 0.02734375
0 0.07569444444444444 0.40390625 0.043055555555555555 0.021875
0 0.43680555555555556 0.386328125 0.043055555555555555 0.01796875
0 0.5659722222222222 0.442578125 0.0375 0.02421875
0 0.33819444444444446 0.21953125 0.05138888888888889 0.0203125
0 0.34305555555555556 0.16328125 0.044444444444444446 0.0203125
0 0.30069444444444443 0.040625 0.04861111111111111 0.028125
0 0.16944444444444445 0.0109375 0.05555555555555555 0.021875
0 0.20277777777777778 0.012109375 0.03333333333333333 0.02265625
0 0.9354166666666667 0.202734375 0.034722222222222224 0.03359375
0 0.7166666666666667 0.32734375 0.044444444444444446 0.0421875
0 0.7534722222222222 0.329296875 0.04027777777777778 0.03203125
0 0.7611111111111111 0.375390625 0.05 0.02890625
0 0.6972222222222222 0.35859375 0.05277777777777778 0.0265625
0 0.6652777777777777 0.398046875 0.041666666666666664 0.02109375
0 0.5458333333333333 0.608984375 0.04722222222222222 0.02421875
0 0.5576388888888889 0.580859375 0.04583333333333333 0.02109375
0 0.7395833333333334 0.53046875 0.0375 0.0234375
0 0.8173611111111111 0.515234375 0.05416666666666667 0.03515625
0 0.7819444444444444 0.5296875 0.05 0.025
0 0.6701388888888888 0.632421875 0.04027777777777778 0.01953125
0 0.25972222222222224 0.0125 0.03888888888888889 0.021875
