0 0.4527777777777778 0.0453125 0.06666666666666667 0.0390625
0 0.5173611111111112 0.0578125 0.059722222222222225 0.028125
0 0.3541666666666667 0.06015625 0.06666666666666667 0.0359375
0 0.4326388888888889 0.112109375 0.059722222222222225 0.04609375
0 0.4909722222222222 0.11171875 0.0625 0.0390625
0 0.5381944444444444 0.10390625 0.0375 0.0390625
0 0.69375 0.2078125 0.05416666666666667 0.0296875
0 0.7597222222222222 0.2265625 0.05277777777777778 0.0328125
0 0.36180555555555555 0.167578125 0.02638888888888889 0.02578125
0 0.2833333333333333 0.196484375 0.04722222222222222 0.03671875
0 0.22430555555555556 0.1890625 0.06527777777777778 0.0328125
0 0.3090277777777778 0.226953125 0.043055555555555555 0.02109375
0 0.029166666666666667 0.40390625 0.044444444444444446 0.0328125
0 0.19722222222222222 0.45625 0.058333333333333334 0.03125
0 0.3854166666666667 0.506640625 0.06805555555555555 0.03984375
0 0.5958333333333333 0.473828125 0.041666666666666664 0.04140625
0 0.6618055555555555 0.49140625 0.0763888888888889 0.034375
0 0.27569444444444446 0.5078125 0.05694444444444444 0.021875
0 0.5805555555555556 0.522265625 0.07777777777777778 0.03671875
0 0.4708333333333333 0.54296875 0.06388888888888888 0.028125
0 0.4125 0.58046875 0.08333333333333333 0.0546875
0 0.4895833333333333 0.571875 0.05694444444444444 0.0328125
0 0.4847222222222222 0.619140625 0.03611111111111111 0.02890625
0 0.39861111111111114 0.642578125 0.027777777777777776 0.02421875
0 0.1909722222222222 0.513671875 0.059722222222222225 0.02109375
0 0.2388888888888889 0.62890625 0.03611111111111111 0.0203125
0 0.3090277777777778 0.114453125 0.02361111111111111 0.01796875
0 0.4965277777777778 0.37109375 0.04027777777777778 0.0203125
0 0.21944444444444444 0.56796875 0.027777777777777776 0.0328125
0 0.7270833333333333 0.7375 0.06527777777777778 0.025
0 0.7006944444444444 0.722265625 0.03194444444444444 0.02734375
0 0.91875 0.7765625 0.07361111111111111 0.0359375
0 0.3902777777777778 0.215234375 0.030555555555555555 0.03203125
0 0.008333333333333333 0.380078125 0.016666666666666666 0.01953125
0 0.7763888888888889 0.73125 0.03611111111111111 0.0140625
0 0.8722222222222222 0.769140625 0.04722222222222222 0.02265625
0 0.9902777777777778 0.61171875 0.013888888888888888 0.021875
