0 0.4708333333333333 0.215234375 0.04722222222222222 0.03046875
0 0.4083333333333333 0.33359375 0.04722222222222222 0.0203125
0 0.15416666666666667 0.3859375 0.04722222222222222 0.021875
0 0.8125 0.3375 0.03333333333333333 0.01875
0 0.16597222222222222 0.412109375 0.02361111111111111 0.02109375
0 0.22152777777777777 0.428515625 0.043055555555555555 0.02265625
0 0.42916666666666664 0.439453125 0.06111111111111111 0.02578125
0 0.41597222222222224 0.527734375 0.029166666666666667 0.01328125
0 0.41041666666666665 0.578125 0.04583333333333333 0.028125
0 0.55 0.579296875 0.03333333333333333 0.01015625
0 0.7125 0.60546875 0.041666666666666664 0.01875
0 0.6847222222222222 0.609765625 0.044444444444444446 0.00859375
0 0.49166666666666664 0.64296875 0.030555555555555555 0.0109375
0 0.4326388888888889 0.654296875 0.034722222222222224 0.01640625
0 0.015277777777777777 0.636328125 0.030555555555555555 0.02109375
0 0.017361111111111112 0.660546875 0.03194444444444444 0.01953125
0 0.35694444444444445 0.725 0.05555555555555555 0.03125
0 0.5659722222222222 0.712890625 0.05416666666666667 0.01484375
0 0.7409722222222223 0.42890625 0.03194444444444444 0.021875
0 0.14166666666666666 0.443359375 0.05 0.01484375
0 0.8479166666666667 0.55703125 0.034722222222222224 0.0234375
0 0.625 0.702734375 0.05 0.03984375
