0 0.275 0.226953125 0.03888888888888889 0.02421875
0 0.24583333333333332 0.2328125 0.030555555555555555 0.0234375
0 0.4125 0.15 0.03333333333333333 0.01875
0 0.43472222222222223 0.0921875 0.030555555555555555 0.021875
0 0.4444444444444444 0.1328125 0.027777777777777776 0.021875
0 0.38958333333333334 0.115234375 0.018055555555555554 0.01484375
0 0.41458333333333336 0.122265625 0.02638888888888889 0.02109375
0 0.4166666666666667 0.133203125 0.025 0.01015625
0 0.3659722222222222 0.211328125 0.034722222222222224 0.01484375
0 0.47152777777777777 0.248828125 0.0375 0.02734375
0 0.4409722222222222 0.415234375 0.04583333333333333 0.02578125
0 0.4173611111111111 0.368359375 0.03194444444444444 0.02265625
0 0.3326388888888889 0.36875 0.034722222222222224 0.0171875
0 0.2652777777777778 0.630078125 0.027777777777777776 0.01640625
0 0.6284722222222222 0.642578125 0.03194444444444444 0.02109375
0 0.66875 0.64921875 0.04027777777777778 0.025
0 0.9243055555555556 0.320703125 0.034722222222222224 0.02265625
0 0.9555555555555556 0.19921875 0.05 0.0296875
0 0.9916666666666667 0.4296875 0.013888888888888888 0.0234375
0 0.98125 0.541796875 0.02638888888888889 0.01953125
0 0.975 0.59296875 0.03333333333333333 0.0125
0 0.9597222222222223 0.330078125 0.022222222222222223 0.01640625
0 0.9909722222222223 0.319140625 0.015277777777777777 0.02109375
0 0.9409722222222222 0.628515625 0.034722222222222224 0.01796875
0 0.23402777777777778 0.5515625 0.04027777777777778 0.01875
0 0.24305555555555555 0.56875 0.030555555555555555 0.0140625
0 0.07569444444444444 0.41171875 0.029166666666666667 0.0140625
0 0.10694444444444444 0.358984375 0.013888888888888888 0.01640625
