0 0.5847222222222223 0.20078125 0.05555555555555555 0.0328125
0 0.475 0.199609375 0.058333333333333334 0.03046875
0 0.49583333333333335 0.15078125 0.05277777777777778 0.0390625
0 0.4840277777777778 0.307421875 0.04861111111111111 0.02578125
0 0.4840277777777778 0.279296875 0.05138888888888889 0.02265625
0 0.725 0.277734375 0.04722222222222222 0.02734375
0 0.5576388888888889 0.186328125 0.05138888888888889 0.03515625
0 0.6152777777777778 0.194921875 0.025 0.01328125
0 0.5868055555555556 0.33984375 0.05416666666666667 0.028125
0 0.29583333333333334 0.39453125 0.044444444444444446 0.0296875
0 0.32222222222222224 0.379296875 0.027777777777777776 0.02578125
0 0.4708333333333333 0.401171875 0.05277777777777778 0.03203125
0 0.32083333333333336 0.4265625 0.044444444444444446 0.025
0 0.4152777777777778 0.453515625 0.05555555555555555 0.03046875
0 0.625 0.323046875 0.05277777777777778 0.02734375
0 0.5798611111111112 0.323828125 0.04583333333333333 0.01640625
0 0.5583333333333333 0.306640625 0.03611111111111111 0.01796875
0 0.5097222222222222 0.395703125 0.03888888888888889 0.01796875
0 0.22847222222222222 0.521484375 0.05694444444444444 0.03046875
0 0.06666666666666667 0.5296875 0.04722222222222222 0.0265625
0 0.30833333333333335 0.5296875 0.05 0.03125
0 0.33402777777777776 0.58671875 0.05416666666666667 0.03125
0 0.41180555555555554 0.473046875 0.043055555555555555 0.02578125
0 0.3993055555555556 0.59140625 0.05138888888888889 0.03125
0 0.43819444444444444 0.59296875 0.029166666666666667 0.025
0 0.4479166666666667 0.4640625 0.03194444444444444 0.021875
0 0.4840277777777778 0.473828125 0.05138888888888889 0.03203125
0 0.4840277777777778 0.505859375 0.05416666666666667 0.02734375
0 0.5916666666666667 0.453125 0.058333333333333334 0.03125
0 0.7034722222222223 0.534375 0.04583333333333333 0.0234375
0 0.5423611111111111 0.61015625 0.05138888888888889 0.0265625
0 0.9430555555555555 0.469140625 0.044444444444444446 0.02109375
0 0.9854166666666667 0.456640625 0.02638888888888889 0.01640625
0 0.8555555555555555 0.491015625 0.03333333333333333 0.02265625
0 0.9611111111111111 0.501953125 0.04722222222222222 0.02265625
0 0.6541666666666667 0.569921875 0.05555555555555555 0.03203125
0 0.7104166666666667 0.59765625 0.05416666666666667 0.0296875
0 0.6090277777777777 0.636328125 0.05138888888888889 0.02265625
0 0.5798611111111112 0.6828125 0.0625 0.0328125
0 0.7388888888888889 0.69453125 0.06666666666666667 0.0359375
0 0.3076388888888889 0.8 0.04861111111111111 0.0359375
0 0.19444444444444445 0.751171875 0.041666666666666664 0.01484375
0 0.23680555555555555 0.75234375 0.02361111111111111 0.0109375
0 0.6375 0.8109375 0.06388888888888888 0.034375
0 0.6993055555555555 0.788671875 0.043055555555555555 0.02578125
0 0.8590277777777777 0.802734375 0.0625 0.02890625
0 0.7618055555555555 0.74375 0.04583333333333333 0.0375
0 0.8152777777777778 0.507421875 0.03333333333333333 0.01484375
