0 0.1673611111111111 0.0234375 0.0375 0.0203125
0 0.16805555555555557 0.04375 0.03888888888888889 0.0203125
0 0.15555555555555556 0.080859375 0.019444444444444445 0.01171875
0 0.17708333333333334 0.059375 0.02638888888888889 0.0140625
0 0.32013888888888886 0.169921875 0.0375 0.02421875
0 0.23125 0.205859375 0.043055555555555555 0.01953125
0 0.16180555555555556 0.207421875 0.034722222222222224 0.01953125
0 0.2048611111111111 0.19765625 0.02638888888888889 0.009375
0 0.1388888888888889 0.027734375 0.022222222222222223 0.01640625
0 0.27708333333333335 0.16953125 0.02361111111111111 0.0203125
0 0.48194444444444445 0.30078125 0.044444444444444446 0.0296875
0 0.5326388888888889 0.3046875 0.04861111111111111 0.0265625
0 0.5472222222222223 0.34453125 0.03333333333333333 0.0234375
0 0.3736111111111111 0.3171875 0.05 0.021875
0 0.31319444444444444 0.35390625 0.04583333333333333 0.025
0 0.13055555555555556 0.336328125 0.044444444444444446 0.02578125
0 0.11319444444444444 0.30859375 0.029166666666666667 0.01875
0 0.18333333333333332 0.330859375 0.027777777777777776 0.01953125
0 0.3715277777777778 0.419921875 0.029166666666666667 0.01953125
0 0.3701388888888889 0.394140625 0.029166666666666667 0.01796875
0 0.3611111111111111 0.37109375 0.025 0.0140625
0 0.15 0.423828125 0.030555555555555555 0.01796875
0 0.17708333333333334 0.41484375 0.03194444444444444 0.0140625
0 0.175 0.4890625 0.027777777777777776 0.0265625
0 0.17083333333333334 0.449609375 0.03611111111111111 0.02265625
0 0.44930555555555557 0.461328125 0.02361111111111111 0.01953125
0 0.3506944444444444 0.458203125 0.0375 0.01953125
0 0.4152777777777778 0.35 0.03333333333333333 0.01875
0 0.17569444444444443 0.2671875 0.029166666666666667 0.01875
0 0.6215277777777778 0.48046875 0.02361111111111111 0.0171875
0 0.6243055555555556 0.4296875 0.020833333333333332 0.0078125
0 0.5180555555555556 0.45703125 0.030555555555555555 0.0125
0 0.3138888888888889 0.242578125 0.027777777777777776 0.01484375
0 0.10277777777777777 0.43359375 0.03333333333333333 0.0140625
0 0.2013888888888889 0.40546875 0.030555555555555555 0.0125
0 0.6305555555555555 0.461328125 0.027777777777777776 0.01484375
0 0.21041666666666667 0.081640625 0.020833333333333332 0.01640625
0 0.55 0.279296875 0.027777777777777776 0.01171875
0 0.8034722222222223 0.568359375 0.04583333333333333 0.02109375
0 0.14305555555555555 0.398046875 0.04722222222222222 0.01640625
0 0.2916666666666667 0.509765625 0.027777777777777776 0.01484375
0 0.34652777777777777 0.49609375 0.02638888888888889 0.0109375
0 0.25763888888888886 0.086328125 0.04027777777777778 0.02109375
0 0.31666666666666665 0.14375 0.03611111111111111 0.0171875
0 0.20347222222222222 0.1015625 0.02361111111111111 0.0171875
0 0.34652777777777777 0.166796875 0.02638888888888889 0.01953125
0 0.12569444444444444 0.35703125 0.05416666666666667 0.0125
0 0.30486111111111114 0.468359375 0.02638888888888889 0.01328125
0 0.3055555555555556 0.480078125 0.03611111111111111 0.01328125
0 0.30416666666666664 0.494921875 0.027777777777777776 0.01328125
0 0.38125 0.47265625 0.02361111111111111 0.0203125
0 0.3597222222222222 0.470703125 0.016666666666666666 0.01796875
0 0.4083333333333333 0.480859375 0.016666666666666666 0.01171875
0 0.13958333333333334 0.4484375 0.015277777777777777 0.015625
0 0.13194444444444445 0.432421875 0.022222222222222223 0.01640625
0 0.2916666666666667 0.62890625 0.03333333333333333 0.01875
0 0.34305555555555556 0.636328125 0.03333333333333333 0.01484375
0 0.3715277777777778 0.628125 0.03194444444444444 0.0203125
0 0.39791666666666664 0.62421875 0.020833333333333332 0.0140625
0 0.12152777777777778 0.570703125 0.043055555555555555 0.01171875
0 0.6256944444444444 0.521875 0.02638888888888889 0.0140625
0 0.5708333333333333 0.555859375 0.03333333333333333 0.01796875
0 0.4965277777777778 0.547265625 0.02361111111111111 0.01328125
0 0.6840277777777778 0.62734375 0.020833333333333332 0.0125
0 0.6555555555555556 0.521484375 0.025 0.01640625
0 0.6465277777777778 0.5015625 0.020833333333333332 0.009375
0 0.6194444444444445 0.326953125 0.022222222222222223 0.00859375
0 0.6361111111111111 0.2953125 0.019444444444444445 0.0109375
0 0.25833333333333336 0.115234375 0.03333333333333333 0.01796875
0 0.13333333333333333 0.047265625 0.027777777777777776 0.01953125
0 0.3298611111111111 0.576171875 0.03194444444444444 0.01484375
0 0.44027777777777777 0.551171875 0.030555555555555555 0.01484375
0 0.5 0.325 0.030555555555555555 0.0140625
0 0.5298611111111111 0.32265625 0.03194444444444444 0.0125
0 0.9604166666666667 0.60234375 0.0375 0.0234375
