0 0.5208333333333334 0.054296875 0.06944444444444445 0.03984375
0 0.49930555555555556 0.062109375 0.043055555555555555 0.03359375
0 0.4354166666666667 0.165234375 0.05416666666666667 0.03359375
0 0.6097222222222223 0.211328125 0.07222222222222222 0.04296875
0 0.5472222222222223 0.240234375 0.06388888888888888 0.04296875
0 0.4125 0.21328125 0.06111111111111111 0.028125
0 0.6208333333333333 0.251953125 0.05555555555555555 0.02265625
0 0.6375 0.32578125 0.044444444444444446 0.025
0 0.6895833333333333 0.341015625 0.05138888888888889 0.03828125
0 0.7361111111111112 0.31328125 0.05 0.0203125
0 0.8777777777777778 0.4296875 0.06111111111111111 0.028125
0 0.3451388888888889 0.357421875 0.034722222222222224 0.01015625
0 0.34444444444444444 0.378515625 0.03888888888888889 0.01796875
0 0.32569444444444445 0.39453125 0.05416666666666667 0.025
0 0.3111111111111111 0.41875 0.05 0.0265625
0 0.3104166666666667 0.44609375 0.0625 0.0359375
0 0.3909722222222222 0.4078125 0.03194444444444444 0.03125
0 0.43194444444444446 0.44140625 0.041666666666666664 0.0296875
0 0.28680555555555554 0.508984375 0.02361111111111111 0.02109375
0 0.35138888888888886 0.525 0.06388888888888888 0.0328125
0 0.4263888888888889 0.5375 0.03611111111111111 0.021875
0 0.7090277777777778 0.5359375 0.04583333333333333 0.034375
0 0.38125 0.613671875 0.034722222222222224 0.01953125
0 0.375 0.729296875 0.06666666666666667 0.03515625
0 0.5 0.6328125 0.03888888888888889 0.015625
0 0.13472222222222222 0.957421875 0.03888888888888889 0.01953125
0 0.6166666666666667 0.300390625 0.041666666666666664 0.02578125
0 0.5118055555555555 0.665234375 0.04583333333333333 0.02578125
0 0.7986111111111112 0.610546875 0.05277777777777778 0.03359375
0 0.007638888888888889 0.4984375 0.0125 0.0296875
0 0.016666666666666666 0.180859375 0.030555555555555555 0.03203125
0 0.5576388888888889 0.283984375 0.029166666666666667 0.01015625
0 0.5715277777777777 0.325 0.05416666666666667 0.034375
0 0.39375 0.434375 0.059722222222222225 0.0296875
0 0.45625 0.553515625 0.04861111111111111 0.02578125
0 0.4875 0.53203125 0.058333333333333334 0.028125
0 0.525 0.51171875 0.030555555555555555 0.0171875
0 0.38125 0.766796875 0.03194444444444444 0.01015625
0 0.26319444444444445 0.746484375 0.04027777777777778 0.01796875
0 0.2111111111111111 0.96015625 0.05555555555555555 0.0390625
0 0.5 0.690234375 0.03888888888888889 0.01953125
0 0.7125 0.65078125 0.027777777777777776 0.0125
0 0.7743055555555556 0.674609375 0.02638888888888889 0.01328125
