0 0.6416666666666667 0.008984375 0.05277777777777778 0.01640625
0 0.8166666666666667 0.037109375 0.05555555555555555 0.03515625
0 0.8736111111111111 0.0265625 0.058333333333333334 0.034375
0 0.9722222222222222 0.009765625 0.04722222222222222 0.01640625
0 0.9041666666666667 0.0453125 0.03888888888888889 0.0328125
0 0.7618055555555555 0.07578125 0.04583333333333333 0.0328125
0 0.7729166666666667 0.106640625 0.05694444444444444 0.03203125
0 0.8263888888888888 0.108984375 0.05 0.03203125
0 0.8625 0.09140625 0.05277777777777778 0.0265625
0 0.8305555555555556 0.068359375 0.03611111111111111 0.01796875
0 0.9270833333333334 0.16640625 0.05416666666666667 0.034375
0 0.9805555555555555 0.192578125 0.03611111111111111 0.03046875
0 0.7555555555555555 0.16953125 0.041666666666666664 0.01875
0 0.8006944444444445 0.232421875 0.05416666666666667 0.03046875
0 0.9208333333333333 0.25859375 0.05555555555555555 0.0328125
0 0.6555555555555556 0.219140625 0.03888888888888889 0.02421875
0 0.6145833333333334 0.17265625 0.043055555555555555 0.0234375
0 0.6763888888888889 0.066015625 0.025 0.02109375
0 0.7131944444444445 0.0671875 0.043055555555555555 0.015625
0 0.5798611111111112 0.0828125 0.043055555555555555 0.021875
0 0.5201388888888889 0.116796875 0.04027777777777778 0.02109375
0 0.11527777777777778 0.107421875 0.03611111111111111 0.02265625
0 0.1673611111111111 0.11328125 0.029166666666666667 0.015625
0 0.2 0.11015625 0.03333333333333333 0.015625
0 0.41805555555555557 0.123828125 0.030555555555555555 0.01328125
0 0.32569444444444445 0.169921875 0.02638888888888889 0.02421875
0 0.5020833333333333 0.1578125 0.02638888888888889 0.03125
0 0.5083333333333333 0.13203125 0.030555555555555555 0.0109375
0 0.1951388888888889 0.17578125 0.029166666666666667 0.021875
0 0.22777777777777777 0.17734375 0.03611111111111111 0.0140625
0 0.26319444444444445 0.177734375 0.0375 0.01171875
0 0.07013888888888889 0.19140625 0.02361111111111111 0.015625
0 0.01597222222222222 0.189453125 0.02638888888888889 0.01796875
0 0.006944444444444444 0.259375 0.011111111111111112 0.0203125
0 0.2534722222222222 0.25078125 0.043055555555555555 0.025
0 0.29305555555555557 0.251953125 0.03611111111111111 0.02578125
0 0.32222222222222224 0.258984375 0.025 0.02109375
0 0.3854166666666667 0.230078125 0.02361111111111111 0.01171875
0 0.47291666666666665 0.183984375 0.04027777777777778 0.02109375
0 0.41944444444444445 0.250390625 0.044444444444444446 0.01953125
0 0.49236111111111114 0.2359375 0.0375 0.0265625
0 0.12013888888888889 0.31953125 0.0625 0.0171875
0 0.15486111111111112 0.329296875 0.04861111111111111 0.02421875
0 0.06944444444444445 0.35390625 0.058333333333333334 0.0296875
0 0.07777777777777778 0.31875 0.041666666666666664 0.0203125
0 0.5097222222222222 0.25078125 0.044444444444444446 0.0203125
0 0.41875 0.272265625 0.043055555555555555 0.02265625
0 0.3888888888888889 0.289453125 0.03611111111111111 0.02578125
0 0.6930555555555555 0.230078125 0.03888888888888889 0.01015625
0 0.6340277777777777 0.284765625 0.029166666666666667 0.02265625
0 0.5569444444444445 0.271484375 0.03333333333333333 0.01796875
0 0.7236111111111111 0.26640625 0.05277777777777778 0.028125
0 0.7868055555555555 0.277734375 0.05416666666666667 0.02734375
0 0.1076388888888889 0.385546875 0.0375 0.02578125
0 0.20833333333333334 0.41328125 0.05 0.021875
0 0.28541666666666665 0.4609375 0.04583333333333333 0.028125
0 0.04027777777777778 0.556640625 0.058333333333333334 0.02890625
0 0.12708333333333333 0.526171875 0.03194444444444444 0.01640625
0 0.015277777777777777 0.45859375 0.025 0.015625
0 0.6298611111111111 0.612890625 0.04027777777777778 0.01953125
0 0.09861111111111111 0.63984375 0.08611111111111111 0.04375
0 0.4201388888888889 0.679296875 0.07083333333333333 0.03984375
0 0.48541666666666666 0.62265625 0.034722222222222224 0.01875
0 0.3770833333333333 0.56875 0.02638888888888889 0.0203125
0 0.8 0.745703125 0.08055555555555556 0.04296875
0 0.8409722222222222 0.681640625 0.059722222222222225 0.02734375
0 0.9694444444444444 0.61171875 0.03611111111111111 0.03125
0 0.09027777777777778 0.773828125 0.041666666666666664 0.03359375
0 0.16319444444444445 0.734375 0.05694444444444444 0.021875
0 0.13680555555555557 0.8359375 0.06805555555555555 0.03125
0 0.21388888888888888 0.827734375 0.08611111111111111 0.04765625
0 0.20694444444444443 0.86875 0.06111111111111111 0.0328125
0 0.4638888888888889 0.799609375 0.05 0.03203125
0 0.5923611111111111 0.785546875 0.02638888888888889 0.01796875
0 0.5416666666666666 0.823828125 0.06111111111111111 0.03671875
0 0.5972222222222222 0.823046875 0.05277777777777778 0.03515625
0 0.5930555555555556 0.866796875 0.022222222222222223 0.02109375
0 0.7618055555555555 0.80390625 0.05138888888888889 0.0234375
0 0.8534722222222222 0.784375 0.09583333333333334 0.0515625
0 0.9493055555555555 0.914453125 0.05416666666666667 0.04140625
0 0.84375 0.810546875 0.0625 0.01640625
0 0.8319444444444445 0.348046875 0.04722222222222222 0.02265625
0 0.7979166666666667 0.351171875 0.020833333333333332 0.01953125
0 0.7673611111111112 0.31484375 0.04861111111111111 0.025
0 0.6979166666666666 0.317578125 0.04027777777777778 0.02578125
0 0.31805555555555554 0.188671875 0.03333333333333333 0.02265625
0 0.07708333333333334 0.209375 0.034722222222222224 0.0125
0 0.022222222222222223 0.343359375 0.041666666666666664 0.01171875
0 0.33055555555555555 0.104296875 0.019444444444444445 0.01484375
0 0.425 0.16328125 0.03888888888888889 0.0140625
0 0.35625 0.389453125 0.018055555555555554 0.01640625
0 0.12986111111111112 0.605859375 0.02638888888888889 0.01015625
0 0.33611111111111114 0.705859375 0.03611111111111111 0.03359375
0 0.7888888888888889 0.5578125 0.027777777777777776 0.0140625
