0 0.3298611111111111 0.010546875 0.02361111111111111 0.01484375
0 0.38263888888888886 0.032421875 0.05138888888888889 0.02578125
0 0.32708333333333334 0.04453125 0.04027777777777778 0.0234375
0 0.38472222222222224 0.062109375 0.04722222222222222 0.02421875
0 0.42291666666666666 0.080078125 0.04583333333333333 0.02734375
0 0.36666666666666664 0.080078125 0.041666666666666664 0.02265625
0 0.5145833333333333 0.081640625 0.04027777777777778 0.02265625
0 0.32430555555555557 0.05859375 0.043055555555555555 0.0140625
0 0.41180555555555554 0.121875 0.04027777777777778 0.025
0 0.46111111111111114 0.1015625 0.044444444444444446 0.01875
0 0.5277777777777778 0.10625 0.03888888888888889 0.0203125
0 0.5138888888888888 0.12578125 0.027777777777777776 0.0171875
0 0.45902777777777776 0.123828125 0.029166666666666667 0.01796875
0 0.44305555555555554 0.15 0.030555555555555555 0.025
0 0.4 0.144140625 0.03611111111111111 0.02421875
0 0.38125 0.1578125 0.043055555555555555 0.0234375
0 0.5569444444444445 0.193359375 0.04722222222222222 0.02578125
0 0.5215277777777778 0.019140625 0.04861111111111111 0.03203125
0 0.49375 0.008203125 0.043055555555555555 0.01640625
0 0.6034722222222222 0.041796875 0.04583333333333333 0.03359375
0 0.6152777777777778 0.00859375 0.05555555555555555 0.015625
0 0.6388888888888888 0.04921875 0.04722222222222222 0.028125
0 0.8298611111111112 0.051171875 0.07083333333333333 0.03984375
0 0.8145833333333333 0.019140625 0.059722222222222225 0.03359375
0 0.8534722222222222 0.03046875 0.034722222222222224 0.0203125
0 0.7798611111111111 0.023046875 0.02361111111111111 0.03203125
0 0.9201388888888888 0.0515625 0.04027777777777778 0.03125
0 0.9541666666666667 0.04453125 0.030555555555555555 0.009375
0 0.9729166666666667 0.100390625 0.05138888888888889 0.03984375
0 0.7993055555555556 0.144140625 0.07083333333333333 0.03828125
0 0.7944444444444444 0.178125 0.05277777777777778 0.0234375
0 0.9416666666666667 0.19140625 0.05277777777777778 0.0328125
0 0.9791666666666666 0.18515625 0.03888888888888889 0.034375
0 0.6916666666666667 0.192578125 0.04722222222222222 0.03046875
0 0.6479166666666667 0.166015625 0.0375 0.01796875
0 0.6152777777777778 0.16796875 0.03333333333333333 0.0171875
0 0.5263888888888889 0.2375 0.04722222222222222 0.01875
0 0.5701388888888889 0.2234375 0.0375 0.01875
0 0.6006944444444444 0.215625 0.034722222222222224 0.015625
0 0.7291666666666666 0.21640625 0.05277777777777778 0.025
0 0.7520833333333333 0.23671875 0.04027777777777778 0.028125
0 0.8020833333333334 0.247265625 0.05694444444444444 0.02421875
0 0.8493055555555555 0.2609375 0.0625 0.0296875
0 0.5875 0.36875 0.041666666666666664 0.0234375
0 0.5 0.27578125 0.03888888888888889 0.021875
0 0.5791666666666667 0.245703125 0.030555555555555555 0.01953125
0 0.6208333333333333 0.24609375 0.025 0.0171875
0 0.6284722222222222 0.25703125 0.015277777777777777 0.0109375
0 0.7555555555555555 0.272265625 0.025 0.01328125
0 0.8111111111111111 0.436328125 0.03888888888888889 0.01640625
0 0.825 0.46875 0.05277777777777778 0.0203125
0 0.6958333333333333 0.5640625 0.04722222222222222 0.025
0 0.48125 0.465625 0.0375 0.0203125
0 0.5090277777777777 0.321875 0.043055555555555555 0.01875
0 0.44930555555555557 0.30859375 0.0375 0.0171875
0 0.37916666666666665 0.289453125 0.03611111111111111 0.02109375
0 0.37916666666666665 0.328515625 0.025 0.01953125
0 0.43680555555555556 0.415625 0.04027777777777778 0.0203125
0 0.17916666666666667 0.35 0.030555555555555555 0.01875
0 0.2375 0.32578125 0.03333333333333333 0.015625
0 0.3347222222222222 0.347265625 0.03888888888888889 0.01796875
0 0.34097222222222223 0.408984375 0.0375 0.02109375
0 0.42986111111111114 0.43671875 0.03194444444444444 0.021875
0 0.4215277777777778 0.46484375 0.043055555555555555 0.021875
0 0.3888888888888889 0.47265625 0.044444444444444446 0.0265625
0 0.30416666666666664 0.407421875 0.03888888888888889 0.02265625
0 0.2798611111111111 0.37578125 0.043055555555555555 0.0171875
0 0.2152777777777778 0.403125 0.03333333333333333 0.0203125
0 0.07083333333333333 0.3796875 0.025 0.0140625
0 0.05347222222222222 0.374609375 0.03194444444444444 0.01484375
0 0.019444444444444445 0.39609375 0.030555555555555555 0.0171875
0 0.16527777777777777 0.451171875 0.03888888888888889 0.02109375
0 0.2847222222222222 0.515234375 0.030555555555555555 0.01484375
0 0.11527777777777778 0.54140625 0.06388888888888888 0.03125
0 0.11319444444444444 0.561328125 0.0375 0.01015625
0 0.025 0.578125 0.05 0.0390625
0 0.034722222222222224 0.597265625 0.06111111111111111 0.02421875
0 0.0875 0.632421875 0.03888888888888889 0.02734375
0 0.1986111111111111 0.630859375 0.03888888888888889 0.02578125
0 0.4840277777777778 0.703125 0.04861111111111111 0.0234375
0 0.4326388888888889 0.696875 0.03194444444444444 0.0140625
0 0.4791666666666667 0.71875 0.041666666666666664 0.015625
0 0.9458333333333333 0.701171875 0.06111111111111111 0.03046875
0 0.9791666666666666 0.6484375 0.03888888888888889 0.0203125
0 0.9784722222222222 0.011328125 0.02638888888888889 0.01953125
0 0.34652777777777777 0.7296875 0.04583333333333333 0.0296875
0 0.2826388888888889 0.692578125 0.0375 0.01953125
0 0.22777777777777777 0.70234375 0.03333333333333333 0.025
0 0.20416666666666666 0.667578125 0.025 0.01640625
0 0.19444444444444445 0.71171875 0.03888888888888889 0.025
0 0.15625 0.72890625 0.059722222222222225 0.03125
0 0.1125 0.745703125 0.06666666666666667 0.02734375
0 0.015277777777777777 0.660546875 0.030555555555555555 0.02578125
0 0.8576388888888888 0.216015625 0.07361111111111111 0.03203125
