0 0.4388888888888889 0.105078125 0.044444444444444446 0.03203125
0 0.5215277777777778 0.160546875 0.0625 0.02734375
0 0.4951388888888889 0.146875 0.043055555555555555 0.021875
0 0.41458333333333336 0.152734375 0.05416666666666667 0.02109375
0 0.6652777777777777 0.234375 0.04722222222222222 0.028125
0 0.4354166666666667 0.26015625 0.05416666666666667 0.028125
0 0.5111111111111111 0.290625 0.05277777777777778 0.0296875
0 0.5597222222222222 0.278515625 0.03333333333333333 0.02578125
0 0.4083333333333333 0.35078125 0.05 0.025
0 0.24305555555555555 0.341796875 0.03888888888888889 0.02421875
0 0.27291666666666664 0.37421875 0.0375 0.0140625
0 0.33958333333333335 0.405859375 0.04861111111111111 0.03203125
0 0.34305555555555556 0.42734375 0.025 0.01875
0 0.4166666666666667 0.421484375 0.058333333333333334 0.02578125
0 0.38055555555555554 0.413671875 0.03888888888888889 0.01796875
0 0.5194444444444445 0.40390625 0.058333333333333334 0.028125
0 0.9854166666666667 0.376953125 0.02638888888888889 0.03828125
0 0.9666666666666667 0.409375 0.03888888888888889 0.0203125
0 0.8986111111111111 0.40703125 0.03333333333333333 0.0171875
0 0.8513888888888889 0.419140625 0.03888888888888889 0.01796875
0 0.8 0.43984375 0.030555555555555555 0.01875
0 0.8993055555555556 0.4546875 0.03194444444444444 0.0203125
0 0.8833333333333333 0.434375 0.022222222222222223 0.0140625
0 0.7777777777777778 0.45859375 0.027777777777777776 0.0140625
0 0.41875 0.4515625 0.04861111111111111 0.025
0 0.18819444444444444 0.46484375 0.059722222222222225 0.0296875
0 0.2638888888888889 0.47578125 0.04722222222222222 0.025
0 0.6368055555555555 0.48359375 0.03194444444444444 0.021875
0 0.7152777777777778 0.531640625 0.030555555555555555 0.01640625
0 0.6298611111111111 0.53828125 0.06527777777777778 0.0265625
0 0.5784722222222223 0.5140625 0.05416666666666667 0.0296875
0 0.45902777777777776 0.5515625 0.04861111111111111 0.0203125
0 0.5215277777777778 0.57421875 0.05416666666666667 0.0203125
0 0.33819444444444446 0.531640625 0.05138888888888889 0.02578125
0 0.275 0.526953125 0.04722222222222222 0.02578125
0 0.03680555555555556 0.473828125 0.034722222222222224 0.01953125
0 0.4930555555555556 0.616796875 0.05277777777777778 0.02890625
0 0.6472222222222223 0.63046875 0.058333333333333334 0.03125
0 0.6861111111111111 0.6765625 0.027777777777777776 0.0203125
0 0.5333333333333333 0.733984375 0.058333333333333334 0.03203125
0 0.7638888888888888 0.73203125 0.04722222222222222 0.028125
0 0.25625 0.722265625 0.04861111111111111 0.02890625
0 0.1701388888888889 0.6765625 0.03194444444444444 0.0140625
0 0.9763888888888889 0.58046875 0.03611111111111111 0.01875
0 0.9597222222222223 0.72421875 0.03888888888888889 0.021875
0 0.26319444444444445 0.329296875 0.03194444444444444 0.01953125
0 0.4527777777777778 0.141015625 0.016666666666666666 0.01796875
0 0.44027777777777777 0.23671875 0.044444444444444446 0.025
0 0.5319444444444444 0.26328125 0.044444444444444446 0.03125
0 0.5729166666666666 0.6484375 0.04027777777777778 0.0109375
0 0.6194444444444445 0.723046875 0.03611111111111111 0.02109375
0 0.5729166666666666 0.726953125 0.02361111111111111 0.02109375
0 0.9326388888888889 0.90859375 0.043055555555555555 0.0234375
0 0.9798611111111111 0.9046875 0.02361111111111111 0.01875
0 0.4527777777777778 0.3484375 0.03611111111111111 0.0234375
