0 0.6402777777777777 0.223046875 0.05555555555555555 0.03359375
0 0.7590277777777777 0.62421875 0.05416666666666667 0.028125
0 0.4965277777777778 0.316796875 0.0375 0.02578125
0 0.44305555555555554 0.1953125 0.03888888888888889 0.028125
0 0.5298611111111111 0.578125 0.05138888888888889 0.028125
0 0.5611111111111111 0.6 0.06111111111111111 0.034375
0 0.66875 0.25546875 0.04583333333333333 0.0234375
0 0.5451388888888888 0.272265625 0.043055555555555555 0.02265625
0 0.7951388888888888 0.257421875 0.029166666666666667 0.02109375
0 0.5277777777777778 0.292578125 0.030555555555555555 0.01640625
0 0.60625 0.51953125 0.043055555555555555 0.0234375
0 0.9208333333333333 0.482421875 0.041666666666666664 0.02109375
0 0.4673611111111111 0.196484375 0.034722222222222224 0.02578125
0 0.5888888888888889 0.116796875 0.05555555555555555 0.03671875
0 0.5131944444444444 0.264453125 0.02638888888888889 0.01015625
0 0.5076388888888889 0.27421875 0.03194444444444444 0.0109375
0 0.48055555555555557 0.293359375 0.027777777777777776 0.01640625
0 0.4701388888888889 0.31171875 0.02361111111111111 0.0125
0 0.475 0.325390625 0.03611111111111111 0.01484375
0 0.26180555555555557 0.3421875 0.0375 0.01875
0 0.6069444444444444 0.2265625 0.025 0.01875
0 0.6861111111111111 0.286328125 0.04722222222222222 0.02265625
0 0.7180555555555556 0.254296875 0.03611111111111111 0.01953125
0 0.7652777777777777 0.2578125 0.03333333333333333 0.0203125
0 0.2673611111111111 0.325390625 0.03194444444444444 0.01796875
0 0.7090277777777778 0.4234375 0.029166666666666667 0.0171875
0 0.7048611111111112 0.40625 0.02361111111111111 0.0078125
0 0.4423611111111111 0.41015625 0.034722222222222224 0.021875
0 0.9236111111111112 0.49921875 0.030555555555555555 0.0109375
0 0.5965277777777778 0.537109375 0.04861111111111111 0.01953125
0 0.475 0.592578125 0.041666666666666664 0.03359375
