0 0.05555555555555555 0.09375 0.03888888888888889 0.025
0 0.04097222222222222 0.103515625 0.02361111111111111 0.01640625
0 0.09027777777777778 0.098046875 0.030555555555555555 0.02421875
0 0.07013888888888889 0.137109375 0.043055555555555555 0.02265625
0 0.1673611111111111 0.103515625 0.04027777777777778 0.02421875
0 0.17777777777777778 0.0765625 0.03888888888888889 0.01875
0 0.17222222222222222 0.05625 0.03888888888888889 0.0265625
0 0.13055555555555556 0.0546875 0.03888888888888889 0.025
0 0.34097222222222223 0.075 0.0375 0.021875
0 0.30694444444444446 0.064453125 0.030555555555555555 0.02109375
0 0.2048611111111111 0.112890625 0.04027777777777778 0.02265625
0 0.18611111111111112 0.121484375 0.041666666666666664 0.01953125
0 0.21458333333333332 0.086328125 0.02638888888888889 0.01953125
0 0.22291666666666668 0.1078125 0.02638888888888889 0.021875
0 0.25625 0.133203125 0.02361111111111111 0.01953125
0 0.08263888888888889 0.203515625 0.043055555555555555 0.01953125
0 0.03194444444444444 0.236328125 0.03333333333333333 0.02109375
0 0.23333333333333334 0.235546875 0.05277777777777778 0.02734375
0 0.19375 0.191015625 0.03194444444444444 0.01328125
0 0.35555555555555557 0.16640625 0.03333333333333333 0.021875
0 0.36527777777777776 0.1359375 0.03888888888888889 0.0234375
0 0.40069444444444446 0.182421875 0.03194444444444444 0.01796875
0 0.40208333333333335 0.1046875 0.0375 0.01875
0 0.44027777777777777 0.095703125 0.027777777777777776 0.01015625
0 0.42777777777777776 0.117578125 0.025 0.01953125
0 0.4673611111111111 0.12109375 0.04861111111111111 0.028125
0 0.4861111111111111 0.096875 0.041666666666666664 0.025
0 0.4986111111111111 0.071484375 0.041666666666666664 0.02421875
0 0.5430555555555555 0.066015625 0.058333333333333334 0.03203125
0 0.5416666666666666 0.033984375 0.027777777777777776 0.02734375
0 0.37083333333333335 0.2265625 0.05 0.0265625
0 0.3541666666666667 0.256640625 0.05277777777777778 0.02890625
0 0.4263888888888889 0.241015625 0.025 0.01796875
0 0.45902777777777776 0.216015625 0.0375 0.02109375
0 0.49722222222222223 0.184375 0.03611111111111111 0.0234375
0 0.525 0.1765625 0.03888888888888889 0.021875
0 0.5256944444444445 0.103515625 0.034722222222222224 0.02890625
0 0.5631944444444444 0.1046875 0.05138888888888889 0.034375
0 0.6576388888888889 0.101171875 0.0375 0.02578125
0 0.6020833333333333 0.062109375 0.029166666666666667 0.01640625
0 0.6701388888888888 0.117578125 0.020833333333333332 0.01640625
0 0.6777777777777778 0.134765625 0.03888888888888889 0.02578125
0 0.7381944444444445 0.212109375 0.05416666666666667 0.03515625
0 0.8527777777777777 0.231640625 0.041666666666666664 0.02265625
0 0.89375 0.234765625 0.0375 0.02265625
0 0.9194444444444444 0.248046875 0.030555555555555555 0.01640625
0 0.8861111111111111 0.258203125 0.041666666666666664 0.01640625
0 0.7534722222222222 0.275 0.059722222222222225 0.0359375
0 0.9041666666666667 0.19140625 0.025 0.0203125
0 0.8368055555555556 0.17265625 0.018055555555555554 0.0125
0 0.2951388888888889 0.290234375 0.04583333333333333 0.02421875
0 0.2263888888888889 0.3 0.044444444444444446 0.03125
0 0.49444444444444446 0.291015625 0.022222222222222223 0.01484375
0 0.16597222222222222 0.334375 0.05416666666666667 0.025
0 0.19583333333333333 0.354296875 0.058333333333333334 0.02734375
0 0.26319444444444445 0.372265625 0.04027777777777778 0.02265625
0 0.015277777777777777 0.2875 0.027777777777777776 0.0171875
0 0.7013888888888888 0.321484375 0.03888888888888889 0.01484375
0 0.8458333333333333 0.342578125 0.058333333333333334 0.03359375
0 0.9583333333333334 0.31875 0.044444444444444446 0.0203125
0 0.875 0.357421875 0.03611111111111111 0.01640625
0 0.8736111111111111 0.39453125 0.03611111111111111 0.0171875
0 0.94375 0.413671875 0.029166666666666667 0.01484375
0 0.9861111111111112 0.441015625 0.022222222222222223 0.02265625
0 0.9555555555555556 0.444140625 0.03611111111111111 0.01796875
0 0.9569444444444445 0.424609375 0.022222222222222223 0.01484375
0 0.6375 0.4078125 0.04722222222222222 0.034375
0 0.70625 0.416796875 0.0375 0.02109375
0 0.6451388888888889 0.3703125 0.04583333333333333 0.0296875
0 0.6833333333333333 0.3671875 0.03888888888888889 0.021875
0 0.4777777777777778 0.41640625 0.06388888888888888 0.0328125
0 0.3055555555555556 0.47421875 0.06944444444444445 0.0359375
0 0.4326388888888889 0.4390625 0.07916666666666666 0.025
0 0.28888888888888886 0.536328125 0.06388888888888888 0.02578125
0 0.3923611111111111 0.583203125 0.0763888888888889 0.03359375
0 0.2298611111111111 0.582421875 0.034722222222222224 0.01171875
0 0.49930555555555556 0.57890625 0.04583333333333333 0.0265625
0 0.5868055555555556 0.58828125 0.059722222222222225 0.028125
0 0.7972222222222223 0.5890625 0.022222222222222223 0.0203125
0 0.9666666666666667 0.553515625 0.03611111111111111 0.02578125
0 0.9875 0.560546875 0.022222222222222223 0.02890625
0 0.07152777777777777 0.663671875 0.04861111111111111 0.03203125
0 0.14305555555555555 0.704296875 0.041666666666666664 0.02421875
0 0.38680555555555557 0.722265625 0.07916666666666666 0.03984375
0 0.65 0.64921875 0.03611111111111111 0.0171875
0 0.6777777777777778 0.678125 0.025 0.015625
0 0.7972222222222223 0.6515625 0.03611111111111111 0.01875
0 0.88125 0.643359375 0.04027777777777778 0.01796875
0 0.9659722222222222 0.68359375 0.034722222222222224 0.0203125
0 0.9881944444444445 0.641015625 0.020833333333333332 0.02421875
0 0.9805555555555555 0.613671875 0.03333333333333333 0.02734375
0 0.8861111111111111 0.44609375 0.027777777777777776 0.009375
0 0.04027777777777778 0.0734375 0.022222222222222223 0.021875
0 0.18472222222222223 0.13828125 0.03333333333333333 0.0140625
0 0.23194444444444445 0.1828125 0.027777777777777776 0.015625
0 0.19791666666666666 0.209765625 0.029166666666666667 0.01640625
0 0.22152777777777777 0.21015625 0.02361111111111111 0.009375
0 0.5861111111111111 0.216015625 0.044444444444444446 0.02265625
0 0.8263888888888888 0.265234375 0.019444444444444445 0.00859375
0 0.6236111111111111 0.34140625 0.05 0.025
0 0.8944444444444445 0.72890625 0.027777777777777776 0.021875
