0 0.050694444444444445 0.115234375 0.04861111111111111 0.03203125
0 0.018055555555555554 0.130078125 0.030555555555555555 0.03203125
0 0.03611111111111111 0.15546875 0.04722222222222222 0.0296875
0 0.025 0.173046875 0.04722222222222222 0.02890625
0 0.07361111111111111 0.179296875 0.05277777777777778 0.03046875
0 0.03819444444444445 0.202734375 0.04583333333333333 0.02890625
0 0.04722222222222222 0.23359375 0.05277777777777778 0.0328125
0 0.09305555555555556 0.224609375 0.04722222222222222 0.02734375
0 0.004861111111111111 0.273046875 0.009722222222222222 0.02265625
0 0.09166666666666666 0.344921875 0.03888888888888889 0.02421875
0 0.13680555555555557 0.23828125 0.043055555555555555 0.0265625
0 0.6097222222222223 0.202734375 0.05 0.03046875
0 0.6194444444444445 0.225390625 0.05 0.02265625
0 0.009722222222222222 0.3296875 0.016666666666666666 0.0328125
0 0.050694444444444445 0.414453125 0.0375 0.02421875
0 0.5277777777777778 0.373828125 0.06388888888888888 0.03515625
0 0.5138888888888888 0.441796875 0.05 0.03203125
0 0.46944444444444444 0.44609375 0.05 0.0328125
0 0.22847222222222222 0.434375 0.0375 0.0140625
0 0.23402777777777778 0.470703125 0.04861111111111111 0.01953125
0 0.16597222222222222 0.530078125 0.059722222222222225 0.03046875
0 0.013194444444444444 0.51640625 0.02361111111111111 0.0296875
0 0.06180555555555556 0.45546875 0.05694444444444444 0.03125
0 0.09930555555555555 0.4453125 0.05694444444444444 0.0328125
0 0.17916666666666667 0.457421875 0.03333333333333333 0.02890625
0 0.2048611111111111 0.4375 0.02638888888888889 0.01875
0 0.2534722222222222 0.578515625 0.04583333333333333 0.02421875
0 0.07291666666666667 0.609375 0.0375 0.0109375
0 0.06388888888888888 0.67890625 0.041666666666666664 0.028125
0 0.041666666666666664 0.69296875 0.03333333333333333 0.0265625
0 0.14166666666666666 0.6921875 0.041666666666666664 0.0296875
0 0.059027777777777776 0.734765625 0.034722222222222224 0.03515625
0 0.22291666666666668 0.746875 0.043055555555555555 0.021875
0 0.30277777777777776 0.705078125 0.03611111111111111 0.02734375
0 0.4125 0.618359375 0.06111111111111111 0.02265625
0 0.02013888888888889 0.7640625 0.03194444444444444 0.0234375
0 0.8263888888888888 0.019140625 0.058333333333333334 0.03671875
0 0.6465277777777778 0.085546875 0.029166666666666667 0.02421875
0 0.7131944444444445 0.06875 0.018055555555555554 0.0203125
0 0.8916666666666667 0.316015625 0.044444444444444446 0.02578125
0 0.6833333333333333 0.455078125 0.06388888888888888 0.03515625
0 0.8631944444444445 0.523828125 0.04861111111111111 0.02734375
0 0.7763888888888889 0.538671875 0.03611111111111111 0.02734375
0 0.8826388888888889 0.606640625 0.05416666666666667 0.03046875
0 0.9319444444444445 0.611328125 0.04722222222222222 0.03359375
0 0.7194444444444444 0.54453125 0.03888888888888889 0.028125
0 0.7194444444444444 0.050390625 0.030555555555555555 0.02265625
0 0.7944444444444444 0.028515625 0.03888888888888889 0.02734375
0 0.011805555555555555 0.701953125 0.018055555555555554 0.02109375
0 0.9618055555555556 0.630078125 0.04583333333333333 0.01328125
