0 0.7833333333333333 0.1125 0.04722222222222222 0.0359375
0 0.7388888888888889 0.60390625 0.058333333333333334 0.0375
0 0.43333333333333335 0.32421875 0.03611111111111111 0.0203125
0 0.7013888888888888 0.583203125 0.06111111111111111 0.03046875
0 0.7222222222222222 0.269140625 0.03611111111111111 0.02109375
0 0.85625 0.2546875 0.04583333333333333 0.0234375
0 0.6694444444444444 0.315234375 0.041666666666666664 0.01953125
0 0.8659722222222223 0.287890625 0.043055555555555555 0.01953125
0 0.9777777777777777 0.256640625 0.03611111111111111 0.02265625
0 0.775 0.522265625 0.03888888888888889 0.02421875
0 0.64375 0.596484375 0.04027777777777778 0.03359375
0 0.4284722222222222 0.341796875 0.043055555555555555 0.01484375
0 0.6465277777777778 0.32578125 0.02638888888888889 0.0171875
0 0.6548611111111111 0.194140625 0.02361111111111111 0.02421875
0 0.6263888888888889 0.19296875 0.03333333333333333 0.0265625
0 0.6979166666666666 0.2921875 0.03194444444444444 0.015625
0 0.9347222222222222 0.634375 0.05277777777777778 0.028125
0 0.9020833333333333 0.2515625 0.03194444444444444 0.015625
0 0.6763888888888889 0.27421875 0.030555555555555555 0.0125
0 0.7861111111111111 0.224609375 0.025 0.01953125
0 0.8194444444444444 0.220703125 0.05555555555555555 0.03046875
0 0.9472222222222222 0.257421875 0.027777777777777776 0.02109375
0 0.64375 0.31015625 0.020833333333333332 0.0109375
0 0.6888888888888889 0.26328125 0.016666666666666666 0.009375
0 0.12777777777777777 0.298046875 0.022222222222222223 0.01328125
0 0.6083333333333333 0.40859375 0.03333333333333333 0.0203125
0 0.875 0.42734375 0.03333333333333333 0.0171875
0 0.8708333333333333 0.408984375 0.041666666666666664 0.01015625
0 0.6618055555555555 0.292578125 0.04583333333333333 0.01953125
