0 0.5284722222222222 0.012109375 0.05138888888888889 0.02265625
0 0.5513888888888889 0.0375 0.05277777777777778 0.0328125
0 0.6034722222222222 0.03046875 0.05138888888888889 0.0328125
0 0.5048611111111111 0.063671875 0.0625 0.03203125
0 0.5340277777777778 0.120703125 0.059722222222222225 0.03828125
0 0.5944444444444444 0.1265625 0.05555555555555555 0.021875
0 0.47152777777777777 0.133203125 0.0375 0.02890625
0 0.4444444444444444 0.141015625 0.03888888888888889 0.01796875
0 0.5819444444444445 0.1765625 0.05277777777777778 0.040625
0 0.6326388888888889 0.175 0.05416666666666667 0.03125
0 0.6006944444444444 0.198046875 0.018055555555555554 0.01796875
0 0.48819444444444443 0.221875 0.04027777777777778 0.0296875
0 0.33541666666666664 0.2609375 0.05138888888888889 0.0203125
0 0.38472222222222224 0.268359375 0.03611111111111111 0.01328125
0 0.425 0.299609375 0.04722222222222222 0.03671875
0 0.49027777777777776 0.296484375 0.030555555555555555 0.01953125
0 0.8055555555555556 0.26796875 0.06388888888888888 0.0265625
0 0.875 0.284765625 0.058333333333333334 0.02890625
0 0.5368055555555555 0.373828125 0.02361111111111111 0.02265625
0 0.06736111111111111 0.480078125 0.02638888888888889 0.03203125
0 0.10694444444444444 0.442578125 0.04722222222222222 0.01484375
0 0.13055555555555556 0.466796875 0.044444444444444446 0.03203125
0 0.2951388888888889 0.519921875 0.05694444444444444 0.02421875
0 0.4666666666666667 0.56796875 0.06111111111111111 0.0328125
0 0.5402777777777777 0.60703125 0.06944444444444445 0.028125
0 0.5555555555555556 0.634765625 0.05 0.02890625
0 0.4965277777777778 0.650390625 0.06527777777777778 0.03828125
0 0.35694444444444445 0.69375 0.03611111111111111 0.0171875
0 0.55 0.68515625 0.027777777777777776 0.0234375
0 0.8645833333333334 0.8109375 0.05138888888888889 0.028125
0 0.8333333333333334 0.79765625 0.03888888888888889 0.028125
0 0.7486111111111111 0.555859375 0.06944444444444445 0.03671875
0 0.6763888888888889 0.532421875 0.05277777777777778 0.02578125
0 0.7708333333333334 0.48828125 0.041666666666666664 0.009375
0 0.5118055555555555 0.179296875 0.06527777777777778 0.03671875
0 0.5354166666666667 0.1890625 0.04583333333333333 0.0375
0 0.6152777777777778 0.429296875 0.03611111111111111 0.02109375
0 0.6993055555555555 0.44765625 0.06805555555555555 0.0375
0 0.10138888888888889 0.575390625 0.05277777777777778 0.01953125
0 0.27708333333333335 0.573046875 0.04583333333333333 0.02578125
0 0.05138888888888889 0.5890625 0.03888888888888889 0.0234375
0 0.018055555555555554 0.68984375 0.030555555555555555 0.025
0 0.09305555555555556 0.7515625 0.03888888888888889 0.0234375
0 0.32083333333333336 0.62578125 0.05555555555555555 0.0203125
0 0.6611111111111111 0.588671875 0.058333333333333334 0.03359375
0 0.6395833333333333 0.582421875 0.04861111111111111 0.02890625
