0 0.03819444444444445 0.465234375 0.02638888888888889 0.01796875
0 0.008333333333333333 0.50390625 0.013888888888888888 0.015625
0 0.2298611111111111 0.33515625 0.029166666666666667 0.0171875
0 0.1875 0.351953125 0.027777777777777776 0.01328125
0 0.22083333333333333 0.358203125 0.027777777777777776 0.01484375
0 0.1076388888888889 0.38125 0.020833333333333332 0.0109375
0 0.12430555555555556 0.336328125 0.018055555555555554 0.01015625
0 0.1527777777777778 0.3140625 0.025 0.0125
0 0.17083333333333334 0.334765625 0.022222222222222223 0.01328125
0 0.029861111111111113 0.2265625 0.03194444444444444 0.0203125
0 0.12152777777777778 0.2390625 0.02361111111111111 0.0140625
0 0.10069444444444445 0.27421875 0.02361111111111111 0.009375
0 0.2076388888888889 0.301171875 0.015277777777777777 0.01015625
0 0.4326388888888889 0.41796875 0.015277777777777777 0.009375
0 0.4527777777777778 0.384375 0.016666666666666666 0.009375
0 0.015277777777777777 0.509375 0.027777777777777776 0.01875
0 0.015277777777777777 0.445703125 0.011111111111111112 0.01796875
0 0.25416666666666665 0.410546875 0.025 0.01328125
0 0.2972222222222222 0.45703125 0.022222222222222223 0.01875
0 0.3125 0.35703125 0.025 0.009375
