0 0.03958333333333333 0.13125 0.04027777777777778 0.0234375
0 0.06041666666666667 0.172265625 0.03194444444444444 0.02265625
0 0.027083333333333334 0.1671875 0.034722222222222224 0.015625
0 0.022916666666666665 0.185546875 0.04027777777777778 0.01796875
0 0.07847222222222222 0.28203125 0.043055555555555555 0.028125
0 0.01875 0.39921875 0.029166666666666667 0.0234375
0 0.04791666666666667 0.445703125 0.04861111111111111 0.02734375
0 0.2625 0.66796875 0.03611111111111111 0.0265625
0 0.2986111111111111 0.67421875 0.041666666666666664 0.028125
0 0.23958333333333334 0.428125 0.04583333333333333 0.009375
0 0.00625 0.25390625 0.0125 0.0140625
0 0.7194444444444444 0.013671875 0.027777777777777776 0.01953125
0 0.6958333333333333 0.00859375 0.030555555555555555 0.0171875
0 0.6930555555555555 0.0234375 0.041666666666666664 0.0234375
0 0.7826388888888889 0.008984375 0.015277777777777777 0.01796875
0 0.8013888888888889 0.03203125 0.03888888888888889 0.01875
0 0.7354166666666667 0.04921875 0.0375 0.025
0 0.7444444444444445 0.062890625 0.04722222222222222 0.02265625
0 0.7722222222222223 0.085546875 0.03888888888888889 0.02265625
0 0.6993055555555555 0.098046875 0.03194444444444444 0.02265625
0 0.7243055555555555 0.109765625 0.04027777777777778 0.02421875
0 0.7256944444444444 0.1234375 0.0375 0.0171875
0 0.8263888888888888 0.104296875 0.044444444444444446 0.02578125
0 0.8020833333333334 0.11640625 0.03194444444444444 0.0234375
0 0.8020833333333334 0.14375 0.0375 0.025
0 0.75625 0.14296875 0.034722222222222224 0.028125
0 0.7444444444444445 0.1609375 0.025 0.0203125
0 0.7006944444444444 0.164453125 0.034722222222222224 0.01953125
0 0.66875 0.148828125 0.018055555555555554 0.02109375
0 0.7277777777777777 0.192578125 0.019444444444444445 0.02109375
0 0.8152777777777778 0.21484375 0.03333333333333333 0.021875
0 0.8402777777777778 0.22109375 0.030555555555555555 0.01875
0 0.6097222222222223 0.199609375 0.03888888888888889 0.02578125
0 0.5229166666666667 0.239453125 0.043055555555555555 0.02890625
0 0.5888888888888889 0.35078125 0.044444444444444446 0.0203125
0 0.5194444444444445 0.355078125 0.027777777777777776 0.02265625
0 0.6631944444444444 0.408203125 0.02638888888888889 0.01796875
0 0.5916666666666667 0.45625 0.041666666666666664 0.0265625
0 0.6243055555555556 0.4546875 0.029166666666666667 0.0171875
0 0.7340277777777777 0.466015625 0.043055555555555555 0.02421875
0 0.8604166666666667 0.344140625 0.043055555555555555 0.02578125
0 0.8576388888888888 0.364453125 0.04583333333333333 0.02109375
0 0.9319444444444445 0.383203125 0.05 0.02890625
0 0.9138888888888889 0.3734375 0.041666666666666664 0.0203125
0 0.8826388888888889 0.381640625 0.034722222222222224 0.02421875
0 0.9194444444444444 0.401171875 0.027777777777777776 0.01640625
0 0.8673611111111111 0.41328125 0.02638888888888889 0.0203125
0 0.8618055555555556 0.4328125 0.034722222222222224 0.0171875
0 0.8138888888888889 0.452734375 0.019444444444444445 0.01328125
0 0.8138888888888889 0.472265625 0.019444444444444445 0.01328125
0 0.8465277777777778 0.58046875 0.0375 0.03125
0 0.84375 0.612890625 0.02361111111111111 0.01328125
0 0.8152777777777778 0.626953125 0.016666666666666666 0.01953125
0 0.8326388888888889 0.501953125 0.04861111111111111 0.02421875
0 0.94375 0.52109375 0.034722222222222224 0.01875
0 0.6166666666666667 0.6109375 0.03333333333333333 0.0171875
0 0.7111111111111111 0.623828125 0.03611111111111111 0.01484375
0 0.8430555555555556 0.68515625 0.03888888888888889 0.021875
0 0.7965277777777777 0.6859375 0.04583333333333333 0.0265625
0 0.6902777777777778 0.249609375 0.027777777777777776 0.01484375
0 0.6701388888888888 0.2375 0.029166666666666667 0.0171875
0 0.7465277777777778 0.247265625 0.018055555555555554 0.01953125
0 0.7465277777777778 0.2359375 0.0125 0.0125
0 0.9576388888888889 0.403125 0.05138888888888889 0.0265625
0 0.9729166666666667 0.289453125 0.034722222222222224 0.01484375
0 0.6652777777777777 0.209765625 0.025 0.01640625
0 0.6902777777777778 0.1703125 0.05 0.0296875
0 0.8104166666666667 0.156640625 0.018055555555555554 0.01328125
0 0.7881944444444444 0.053515625 0.04027777777777778 0.03203125
0 0.8048611111111111 0.40078125 0.015277777777777777 0.0171875
0 0.6361111111111111 0.308984375 0.016666666666666666 0.02109375
0 0.5618055555555556 0.35625 0.015277777777777777 0.025
0 0.5833333333333334 0.654296875 0.025 0.01171875
0 0.8611111111111112 0.49609375 0.022222222222222223 0.021875
