0 0.7923611111111111 0.571875 0.04861111111111111 0.025
0 0.47291666666666665 0.471484375 0.043055555555555555 0.02265625
0 0.4597222222222222 0.488671875 0.03333333333333333 0.01953125
0 0.4 0.65546875 0.041666666666666664 0.0234375
0 0.8743055555555556 0.359375 0.04583333333333333 0.0234375
0 0.9645833333333333 0.3875 0.04861111111111111 0.0265625
0 0.8097222222222222 0.403515625 0.03333333333333333 0.01796875
0 0.19027777777777777 0.445703125 0.03888888888888889 0.02109375
0 0.19375 0.471484375 0.034722222222222224 0.01796875
0 0.2222222222222222 0.475390625 0.027777777777777776 0.01484375
0 0.3541666666666667 0.306640625 0.05 0.02265625
0 0.43472222222222223 0.209375 0.04722222222222222 0.028125
0 0.5875 0.216796875 0.044444444444444446 0.02890625
0 0.6131944444444445 0.234765625 0.04583333333333333 0.02890625
0 0.5131944444444444 0.254296875 0.029166666666666667 0.01796875
0 0.5472222222222223 0.25703125 0.03611111111111111 0.025
0 0.5340277777777778 0.27734375 0.04027777777777778 0.01875
0 0.5659722222222222 0.271484375 0.034722222222222224 0.02109375
0 0.725 0.111328125 0.041666666666666664 0.02421875
0 0.6868055555555556 0.155859375 0.04027777777777778 0.02421875
0 0.7298611111111111 0.15625 0.0375 0.0203125
0 0.8159722222222222 0.199609375 0.04583333333333333 0.02265625
0 0.7555555555555555 0.2328125 0.044444444444444446 0.0234375
0 0.8666666666666667 0.24140625 0.03888888888888889 0.025
0 0.8236111111111111 0.25703125 0.030555555555555555 0.021875
0 0.8847222222222222 0.298046875 0.030555555555555555 0.01796875
0 0.9159722222222222 0.351953125 0.04027777777777778 0.02578125
0 0.9645833333333333 0.343359375 0.043055555555555555 0.03046875
0 0.8548611111111111 0.28984375 0.043055555555555555 0.0234375
0 0.6395833333333333 0.268359375 0.043055555555555555 0.02421875
0 0.2847222222222222 0.31015625 0.03888888888888889 0.0265625
0 0.5069444444444444 0.53828125 0.05 0.0234375
0 0.47291666666666665 0.36875 0.03194444444444444 0.021875
0 0.44027777777777777 0.349609375 0.05277777777777778 0.02265625
0 0.2263888888888889 0.416796875 0.03333333333333333 0.01484375
0 0.46944444444444444 0.57578125 0.03333333333333333 0.015625
0 0.23125 0.383984375 0.03194444444444444 0.02265625
0 0.24444444444444444 0.3234375 0.041666666666666664 0.0171875
0 0.5986111111111111 0.252734375 0.027777777777777776 0.01484375
0 0.4798611111111111 0.1640625 0.03194444444444444 0.021875
0 0.4673611111111111 0.186328125 0.029166666666666667 0.02734375
0 0.4826388888888889 0.189453125 0.02638888888888889 0.02265625
0 0.7284722222222222 0.20859375 0.015277777777777777 0.009375
0 0.7548611111111111 0.146875 0.043055555555555555 0.0203125
0 0.8048611111111111 0.0765625 0.04027777777777778 0.021875
0 0.575 0.256640625 0.022222222222222223 0.01484375
0 0.8284722222222223 0.2953125 0.02638888888888889 0.0203125
0 0.9902777777777778 0.358203125 0.016666666666666666 0.01640625
0 0.8597222222222223 0.34140625 0.044444444444444446 0.0234375
0 0.8868055555555555 0.3265625 0.034722222222222224 0.009375
0 0.875 0.390625 0.041666666666666664 0.0203125
0 0.93125 0.42578125 0.04861111111111111 0.015625
0 0.28680555555555554 0.2953125 0.0375 0.015625
0 0.3375 0.33046875 0.041666666666666664 0.01875
0 0.38680555555555557 0.3296875 0.02638888888888889 0.025
0 0.3215277777777778 0.364453125 0.02638888888888889 0.01953125
0 0.27708333333333335 0.3703125 0.03194444444444444 0.0125
0 0.18541666666666667 0.3953125 0.02638888888888889 0.0140625
0 0.4965277777777778 0.363671875 0.043055555555555555 0.01796875
0 0.5361111111111111 0.355078125 0.03333333333333333 0.01484375
0 0.4625 0.4375 0.03611111111111111 0.015625
0 0.4986111111111111 0.437890625 0.03888888888888889 0.02109375
0 0.4013888888888889 0.49453125 0.030555555555555555 0.015625
0 0.03888888888888889 0.396484375 0.025 0.01171875
0 0.02847222222222222 0.412109375 0.02638888888888889 0.01796875
0 0.006944444444444444 0.40078125 0.011111111111111112 0.0140625
0 0.9 0.5203125 0.041666666666666664 0.0265625
0 0.2875 0.608203125 0.022222222222222223 0.02265625
0 0.2798611111111111 0.5640625 0.029166666666666667 0.025
0 0.8118055555555556 0.65078125 0.029166666666666667 0.00625
0 0.8055555555555556 0.67734375 0.06388888888888888 0.028125
0 0.8604166666666667 0.676171875 0.04861111111111111 0.03203125
0 0.2263888888888889 0.4609375 0.030555555555555555 0.015625
0 0.5638888888888889 0.485546875 0.030555555555555555 0.01171875
