0 0.6895833333333333 0.16015625 0.0375 0.0265625
0 0.7152777777777778 0.14609375 0.030555555555555555 0.0171875
0 0.8472222222222222 0.2875 0.03888888888888889 0.021875
0 0.8583333333333333 0.303125 0.044444444444444446 0.0203125
0 0.8388888888888889 0.34921875 0.030555555555555555 0.0109375
0 0.7486111111111111 0.441796875 0.03611111111111111 0.01640625
0 0.7833333333333333 0.442578125 0.03611111111111111 0.01328125
0 0.8708333333333333 0.455078125 0.030555555555555555 0.01640625
0 0.95625 0.47421875 0.043055555555555555 0.0265625
0 0.8375 0.517578125 0.041666666666666664 0.02421875
0 0.7993055555555556 0.529296875 0.03194444444444444 0.02109375
0 0.90625 0.548828125 0.04861111111111111 0.02734375
0 0.7222222222222222 0.512890625 0.05277777777777778 0.02734375
0 0.6944444444444444 0.52109375 0.03611111111111111 0.015625
0 0.6604166666666667 0.524609375 0.015277777777777777 0.00703125
0 0.9013888888888889 0.50625 0.027777777777777776 0.0171875
0 0.5645833333333333 0.536328125 0.04583333333333333 0.02734375
0 0.5520833333333334 0.572265625 0.02638888888888889 0.02109375
0 0.5416666666666666 0.601953125 0.04722222222222222 0.02734375
0 0.68125 0.61953125 0.043055555555555555 0.021875
0 0.8201388888888889 0.6328125 0.043055555555555555 0.01875
0 0.49930555555555556 0.503515625 0.020833333333333332 0.01328125
0 0.42916666666666664 0.4453125 0.03333333333333333 0.021875
0 0.44930555555555557 0.456640625 0.029166666666666667 0.01171875
0 0.7986111111111112 0.14765625 0.022222222222222223 0.0125
0 0.25069444444444444 0.488671875 0.043055555555555555 0.02265625
0 0.12708333333333333 0.42578125 0.029166666666666667 0.025
