0 0.011111111111111112 0.0609375 0.022222222222222223 0.0234375
0 0.01597222222222222 0.094921875 0.03194444444444444 0.02421875
0 0.06944444444444445 0.061328125 0.03333333333333333 0.01796875
0 0.09236111111111112 0.07421875 0.02361111111111111 0.015625
0 0.16180555555555556 0.075390625 0.02361111111111111 0.02109375
0 0.13541666666666666 0.093359375 0.034722222222222224 0.02109375
0 0.16458333333333333 0.10234375 0.034722222222222224 0.021875
0 0.18263888888888888 0.121875 0.0375 0.021875
0 0.01875 0.161328125 0.02638888888888889 0.01015625
0 0.00625 0.19609375 0.009722222222222222 0.0140625
0 0.05555555555555555 0.190625 0.027777777777777776 0.015625
0 0.1486111111111111 0.19453125 0.04722222222222222 0.028125
0 0.16805555555555557 0.25 0.04722222222222222 0.0234375
0 0.11458333333333333 0.299609375 0.04027777777777778 0.02578125
0 0.015277777777777777 0.334765625 0.027777777777777776 0.02265625
0 0.1625 0.325 0.027777777777777776 0.0109375
0 0.06180555555555556 0.312109375 0.018055555555555554 0.01171875
0 0.11041666666666666 0.467578125 0.0375 0.01796875
0 0.10208333333333333 0.3890625 0.04027777777777778 0.0203125
0 0.13402777777777777 0.373828125 0.0375 0.02421875
0 0.004861111111111111 0.52109375 0.006944444444444444 0.0171875
0 0.28402777777777777 0.239453125 0.034722222222222224 0.01796875
0 0.28055555555555556 0.310546875 0.04722222222222222 0.02734375
0 0.3173611111111111 0.321875 0.034722222222222224 0.0125
0 0.2361111111111111 0.52265625 0.013888888888888888 0.00625
0 0.26180555555555557 0.58984375 0.029166666666666667 0.0140625
0 0.29930555555555555 0.614453125 0.029166666666666667 0.01484375
0 0.3958333333333333 0.50390625 0.044444444444444446 0.0203125
0 0.3701388888888889 0.548046875 0.043055555555555555 0.01953125
0 0.38680555555555557 0.571875 0.034722222222222224 0.015625
0 0.38958333333333334 0.590625 0.029166666666666667 0.0140625
0 0.4423611111111111 0.5640625 0.04583333333333333 0.021875
0 0.46319444444444446 0.58515625 0.03194444444444444 0.0140625
0 0.3076388888888889 0.207421875 0.03194444444444444 0.01328125
0 0.34305555555555556 0.21484375 0.030555555555555555 0.015625
0 0.38125 0.208984375 0.0375 0.02265625
0 0.4166666666666667 0.212890625 0.025 0.02109375
0 0.3576388888888889 0.25703125 0.03194444444444444 0.0078125
0 0.4131944444444444 0.23671875 0.03194444444444444 0.0203125
0 0.4465277777777778 0.223046875 0.020833333333333332 0.01640625
0 0.4409722222222222 0.168359375 0.020833333333333332 0.01328125
0 0.5291666666666667 0.14453125 0.03333333333333333 0.0203125
0 0.6125 0.125 0.03888888888888889 0.0203125
0 0.6298611111111111 0.1625 0.02638888888888889 0.025
0 0.51875 0.21953125 0.034722222222222224 0.0171875
0 0.5715277777777777 0.230859375 0.02361111111111111 0.01796875
0 0.46944444444444444 0.290234375 0.03333333333333333 0.01484375
0 0.44583333333333336 0.359765625 0.025 0.01484375
0 0.4979166666666667 0.341015625 0.018055555555555554 0.01015625
0 0.47847222222222224 0.401953125 0.020833333333333332 0.01171875
0 0.5486111111111112 0.35390625 0.013888888888888888 0.00625
0 0.5368055555555555 0.34296875 0.020833333333333332 0.00625
0 0.6027777777777777 0.3765625 0.016666666666666666 0.0125
0 0.6131944444444445 0.405078125 0.02361111111111111 0.01328125
0 0.64375 0.403515625 0.03194444444444444 0.01640625
0 0.5125 0.6171875 0.027777777777777776 0.0140625
0 0.5270833333333333 0.55859375 0.04861111111111111 0.025
0 0.5979166666666667 0.5296875 0.04027777777777778 0.021875
0 0.64375 0.21015625 0.029166666666666667 0.0171875
0 0.68125 0.1796875 0.034722222222222224 0.0234375
0 0.6958333333333333 0.671484375 0.05 0.02421875
0 0.65 0.6140625 0.05 0.03125
0 0.6611111111111111 0.58515625 0.041666666666666664 0.025
0 0.7326388888888888 0.54375 0.05416666666666667 0.03125
0 0.7944444444444444 0.515625 0.03611111111111111 0.0203125
0 0.7590277777777777 0.6234375 0.0375 0.01875
0 0.7909722222222222 0.556640625 0.0375 0.01953125
0 0.8680555555555556 0.559765625 0.013888888888888888 0.00703125
0 0.8909722222222223 0.499609375 0.034722222222222224 0.01640625
0 0.6409722222222223 0.463671875 0.04027777777777778 0.02578125
0 0.7111111111111111 0.46796875 0.041666666666666664 0.021875
0 0.6756944444444445 0.42109375 0.0125 0.009375
0 0.7861111111111111 0.362890625 0.027777777777777776 0.01328125
0 0.8743055555555556 0.38671875 0.0125 0.0078125
0 0.8368055555555556 0.4390625 0.034722222222222224 0.0296875
0 0.8916666666666667 0.4734375 0.044444444444444446 0.0234375
0 0.7111111111111111 0.21484375 0.030555555555555555 0.015625
0 0.7138888888888889 0.191796875 0.027777777777777776 0.01484375
0 0.7298611111111111 0.176953125 0.034722222222222224 0.01484375
0 0.7361111111111112 0.16171875 0.03611111111111111 0.021875
0 0.7673611111111112 0.1703125 0.02638888888888889 0.01875
0 0.7534722222222222 0.1984375 0.034722222222222224 0.0203125
0 0.8020833333333334 0.1875 0.03194444444444444 0.021875
0 0.8180555555555555 0.158984375 0.03611111111111111 0.01953125
0 0.8576388888888888 0.137109375 0.03194444444444444 0.02421875
0 0.8916666666666667 0.146875 0.041666666666666664 0.0171875
0 0.8875 0.225 0.025 0.0109375
0 0.9375 0.2265625 0.030555555555555555 0.0234375
0 0.8826388888888889 0.254296875 0.043055555555555555 0.02578125
0 0.9118055555555555 0.24921875 0.02638888888888889 0.021875
0 0.9666666666666667 0.27109375 0.03333333333333333 0.015625
0 0.9666666666666667 0.287890625 0.027777777777777776 0.01484375
0 0.9736111111111111 0.303515625 0.025 0.01640625
0 0.9916666666666667 0.302734375 0.011111111111111112 0.01328125
0 0.8909722222222223 0.321875 0.02361111111111111 0.0125
0 0.8777777777777778 0.29140625 0.019444444444444445 0.0109375
0 0.09097222222222222 0.159765625 0.03194444444444444 0.01796875
0 0.3736111111111111 0.272265625 0.025 0.01171875
0 0.3590277777777778 0.244140625 0.029166666666666667 0.01953125
0 0.8611111111111112 0.15859375 0.030555555555555555 0.0171875
0 0.9236111111111112 0.171484375 0.022222222222222223 0.01015625
0 0.5590277777777778 0.17109375 0.02361111111111111 0.021875
0 0.8333333333333334 0.265234375 0.025 0.01484375
0 0.4534722222222222 0.658984375 0.02638888888888889 0.01796875
0 0.8375 0.463671875 0.019444444444444445 0.02109375
0 0.7583333333333333 0.4828125 0.027777777777777776 0.0109375
0 0.7638888888888888 0.465625 0.019444444444444445 0.0171875
0 0.3527777777777778 0.346484375 0.03611111111111111 0.02265625
0 0.33541666666666664 0.338671875 0.029166666666666667 0.01953125
0 0.6548611111111111 0.5234375 0.03194444444444444 0.0140625
0 0.22847222222222222 0.3515625 0.02361111111111111 0.015625
