0 0.12638888888888888 0.17890625 0.03888888888888889 0.0203125
0 0.1625 0.177734375 0.027777777777777776 0.01484375
0 0.08541666666666667 0.25546875 0.029166666666666667 0.0171875
0 0.022222222222222223 0.268359375 0.019444444444444445 0.02109375
0 0.16666666666666666 0.25859375 0.03611111111111111 0.021875
0 0.20972222222222223 0.382421875 0.03333333333333333 0.01953125
0 0.0798611111111111 0.066796875 0.0375 0.02578125
0 0.06805555555555555 0.046484375 0.025 0.01640625
0 0.011111111111111112 0.037109375 0.022222222222222223 0.02421875
0 0.03263888888888889 0.077734375 0.034722222222222224 0.02265625
0 0.009722222222222222 0.079296875 0.019444444444444445 0.01796875
0 0.08958333333333333 0.2390625 0.03194444444444444 0.015625
0 0.2548611111111111 0.3546875 0.029166666666666667 0.01875
0 0.29791666666666666 0.4140625 0.034722222222222224 0.0234375
0 0.28125 0.456640625 0.03194444444444444 0.02109375
0 0.23541666666666666 0.4375 0.03194444444444444 0.0171875
0 0.23958333333333334 0.46640625 0.04027777777777778 0.021875
0 0.2611111111111111 0.49765625 0.03611111111111111 0.01875
0 0.2638888888888889 0.5140625 0.025 0.015625
0 0.37222222222222223 0.508203125 0.044444444444444446 0.01796875
0 0.42569444444444443 0.507421875 0.020833333333333332 0.01328125
0 0.23055555555555557 0.278515625 0.019444444444444445 0.01328125
0 0.13680555555555557 0.336328125 0.0125 0.01484375
0 0.04861111111111111 0.623828125 0.03333333333333333 0.01953125
0 0.059722222222222225 0.596484375 0.030555555555555555 0.01640625
0 0.14722222222222223 0.639453125 0.03611111111111111 0.01640625
0 0.15069444444444444 0.656640625 0.04027777777777778 0.01328125
0 0.5548611111111111 0.542578125 0.04027777777777778 0.01953125
0 0.5791666666666667 0.555078125 0.041666666666666664 0.01796875
0 0.7465277777777778 0.576953125 0.04583333333333333 0.02578125
0 0.8104166666666667 0.45546875 0.043055555555555555 0.025
0 0.8513888888888889 0.45546875 0.041666666666666664 0.0265625
0 0.7958333333333333 0.4 0.03333333333333333 0.021875
0 0.6423611111111112 0.5515625 0.018055555555555554 0.0203125
0 0.9222222222222223 0.603515625 0.03611111111111111 0.02109375
0 0.71875 0.7625 0.05694444444444444 0.0328125
0 0.6722222222222223 0.257421875 0.041666666666666664 0.01953125
0 0.6743055555555556 0.237109375 0.03194444444444444 0.02421875
0 0.5881944444444445 0.0921875 0.04861111111111111 0.0265625
0 0.5868055555555556 0.1140625 0.04861111111111111 0.0203125
0 0.6548611111111111 0.134765625 0.034722222222222224 0.01328125
0 0.50625 0.08828125 0.04861111111111111 0.034375
0 0.4423611111111111 0.391796875 0.03194444444444444 0.01796875
0 0.6479166666666667 0.154296875 0.043055555555555555 0.01796875
0 0.30625 0.587109375 0.02638888888888889 0.01328125
0 0.9777777777777777 0.620703125 0.03888888888888889 0.01796875
0 0.5083333333333333 0.35390625 0.019444444444444445 0.0125
0 0.7736111111111111 0.7796875 0.030555555555555555 0.015625
0 0.8895833333333333 0.73984375 0.03194444444444444 0.025
0 0.9416666666666667 0.75625 0.03611111111111111 0.015625
0 0.7465277777777778 0.74921875 0.0375 0.0203125
0 0.06875 0.269921875 0.02361111111111111 0.01484375
0 0.06319444444444444 0.257421875 0.020833333333333332 0.01171875
