0 0.3625 0.32890625 0.05 0.025
0 0.5548611111111111 0.46796875 0.03194444444444444 0.0234375
0 0.34444444444444444 0.579296875 0.044444444444444446 0.02109375
0 0.35625 0.595703125 0.02361111111111111 0.02734375
0 0.33611111111111114 0.604296875 0.03888888888888889 0.02421875
0 0.4701388888888889 0.622265625 0.018055555555555554 0.01796875
0 0.5 0.605859375 0.025 0.02734375
0 0.5993055555555555 0.582421875 0.034722222222222224 0.01484375
0 0.63125 0.590625 0.02361111111111111 0.0171875
0 0.7819444444444444 0.603515625 0.05 0.02734375
0 0.9152777777777777 0.652734375 0.03333333333333333 0.02109375
0 0.7576388888888889 0.56796875 0.05138888888888889 0.025
0 0.7375 0.577734375 0.025 0.01328125
