0 0.54375 0.180859375 0.043055555555555555 0.02421875
0 0.46319444444444446 0.201953125 0.034722222222222224 0.02578125
0 0.39375 0.201953125 0.018055555555555554 0.00859375
0 0.42291666666666666 0.2203125 0.018055555555555554 0.0109375
0 0.4423611111111111 0.2171875 0.015277777777777777 0.009375
0 0.42777777777777776 0.2671875 0.03888888888888889 0.0265625
0 0.4576388888888889 0.26328125 0.03194444444444444 0.025
0 0.5388888888888889 0.25546875 0.027777777777777776 0.0203125
0 0.4423611111111111 0.3046875 0.05138888888888889 0.0296875
0 0.55 0.3078125 0.03611111111111111 0.025
0 0.3715277777777778 0.307421875 0.043055555555555555 0.02578125
0 0.40347222222222223 0.341015625 0.04027777777777778 0.02265625
0 0.5243055555555556 0.33515625 0.04027777777777778 0.021875
0 0.4326388888888889 0.3453125 0.018055555555555554 0.0109375
0 0.3715277777777778 0.369921875 0.05138888888888889 0.02421875
0 0.33125 0.383984375 0.04027777777777778 0.01484375
0 0.4979166666666667 0.3921875 0.05694444444444444 0.0296875
0 0.5069444444444444 0.41796875 0.03888888888888889 0.021875
0 0.6104166666666667 0.428515625 0.043055555555555555 0.02265625
0 0.35138888888888886 0.401953125 0.030555555555555555 0.01640625
0 0.43819444444444444 0.444140625 0.04583333333333333 0.02578125
0 0.55 0.46484375 0.041666666666666664 0.0234375
0 0.5145833333333333 0.471875 0.03194444444444444 0.01875
0 0.33055555555555555 0.441796875 0.03611111111111111 0.01640625
0 0.3173611111111111 0.470703125 0.03194444444444444 0.02734375
0 0.39861111111111114 0.476171875 0.044444444444444446 0.01953125
0 0.3020833333333333 0.478125 0.015277777777777777 0.0078125
0 0.3145833333333333 0.45234375 0.018055555555555554 0.0078125
0 0.43472222222222223 0.51015625 0.03888888888888889 0.0203125
0 0.44305555555555554 0.5296875 0.030555555555555555 0.0203125
0 0.7145833333333333 0.5171875 0.0375 0.0234375
0 0.7076388888888889 0.555859375 0.03194444444444444 0.01640625
0 0.6375 0.585546875 0.041666666666666664 0.01328125
0 0.45416666666666666 0.55 0.03333333333333333 0.0234375
0 0.5375 0.608203125 0.044444444444444446 0.02734375
0 0.6958333333333333 0.610546875 0.03888888888888889 0.01484375
0 0.3951388888888889 0.70546875 0.034722222222222224 0.021875
0 0.8159722222222222 0.608203125 0.0375 0.02421875
0 0.39166666666666666 0.69296875 0.022222222222222223 0.0125
0 0.47152777777777777 0.351171875 0.04027777777777778 0.01953125
0 0.49375 0.217578125 0.02638888888888889 0.01640625
0 0.6173611111111111 0.498828125 0.029166666666666667 0.01484375
0 0.6513888888888889 0.548828125 0.03333333333333333 0.01796875
0 0.7513888888888889 0.507421875 0.027777777777777776 0.01328125
0 0.65 0.635546875 0.025 0.01953125
0 0.5958333333333333 0.594921875 0.025 0.01484375
0 0.4083333333333333 0.455859375 0.03888888888888889 0.01171875
0 0.37777777777777777 0.4828125 0.03333333333333333 0.01875
0 0.4048611111111111 0.733203125 0.015277777777777777 0.01640625
0 0.4722222222222222 0.703125 0.019444444444444445 0.0171875
0 0.5013888888888889 0.703125 0.022222222222222223 0.0109375
0 0.5875 0.74296875 0.022222222222222223 0.0140625
0 0.5840277777777778 0.809375 0.04583333333333333 0.03125
