0 0.5055555555555555 0.208203125 0.04722222222222222 0.02890625
0 0.29444444444444445 0.363671875 0.030555555555555555 0.02109375
0 0.33055555555555555 0.367578125 0.03611111111111111 0.01328125
0 0.3194444444444444 0.437890625 0.041666666666666664 0.02421875
0 0.3298611111111111 0.469921875 0.04027777777777778 0.02109375
0 0.17430555555555555 0.455078125 0.02361111111111111 0.01171875
0 0.2722222222222222 0.552734375 0.027777777777777776 0.02265625
0 0.07777777777777778 0.54921875 0.03888888888888889 0.015625
0 0.10625 0.535546875 0.029166666666666667 0.01484375
0 0.30833333333333335 0.61171875 0.03333333333333333 0.0203125
0 0.26458333333333334 0.62578125 0.05416666666666667 0.0296875
0 0.28680555555555554 0.66484375 0.043055555555555555 0.0234375
0 0.5041666666666667 0.4609375 0.044444444444444446 0.021875
0 0.7083333333333334 0.4359375 0.041666666666666664 0.0265625
0 0.6541666666666667 0.40078125 0.030555555555555555 0.0171875
0 0.9006944444444445 0.564453125 0.020833333333333332 0.00859375
0 0.7965277777777777 0.671484375 0.03194444444444444 0.01796875
0 0.23541666666666666 0.4546875 0.03194444444444444 0.021875
0 0.5458333333333333 0.441015625 0.025 0.01640625
0 0.6076388888888888 0.405078125 0.02361111111111111 0.02109375
0 0.6347222222222222 0.41484375 0.03888888888888889 0.0140625
0 0.11319444444444444 0.512109375 0.02361111111111111 0.02734375
0 0.3125 0.5546875 0.05555555555555555 0.0203125
0 0.4979166666666667 0.74375 0.04861111111111111 0.015625
0 0.6277777777777778 0.6859375 0.013888888888888888 0.0171875
0 0.6722222222222223 0.623046875 0.016666666666666666 0.01171875
0 0.8659722222222223 0.637890625 0.0375 0.01640625
0 0.8875 0.669921875 0.041666666666666664 0.02578125
0 0.9298611111111111 0.6640625 0.034722222222222224 0.0140625
0 0.9354166666666667 0.684765625 0.029166666666666667 0.02109375
