0 0.10555555555555556 0.339453125 0.027777777777777776 0.01796875
0 0.075 0.3546875 0.027777777777777776 0.0171875
0 0.1 0.360546875 0.025 0.01640625
0 0.24097222222222223 0.415234375 0.02638888888888889 0.01171875
0 0.22569444444444445 0.435546875 0.02638888888888889 0.01484375
0 0.03263888888888889 0.31875 0.029166666666666667 0.0140625
0 0.04513888888888889 0.337890625 0.02361111111111111 0.01328125
0 0.12777777777777777 0.3375 0.016666666666666666 0.0109375
0 0.08333333333333333 0.3046875 0.019444444444444445 0.009375
0 0.02638888888888889 0.341015625 0.019444444444444445 0.01015625
0 0.15069444444444444 0.418359375 0.020833333333333332 0.01015625
0 0.14444444444444443 0.433203125 0.022222222222222223 0.00859375
0 0.009027777777777777 0.250390625 0.015277777777777777 0.01015625
0 0.13194444444444445 0.412890625 0.019444444444444445 0.01328125
