0 0.55625 0.149609375 0.043055555555555555 0.02421875
0 0.6875 0.12890625 0.03888888888888889 0.028125
0 0.6104166666666667 0.098828125 0.04583333333333333 0.02578125
0 0.6388888888888888 0.089453125 0.025 0.01640625
0 0.5951388888888889 0.016015625 0.0375 0.02265625
0 0.6590277777777778 0.128515625 0.020833333333333332 0.02265625
0 0.7458333333333333 0.10625 0.058333333333333334 0.0359375
0 0.6902777777777778 0.06171875 0.03611111111111111 0.0171875
0 0.5138888888888888 0.187109375 0.019444444444444445 0.01640625
0 0.18680555555555556 0.274609375 0.02638888888888889 0.01796875
0 0.17083333333333334 0.287109375 0.03333333333333333 0.01796875
0 0.5243055555555556 0.223828125 0.0375 0.01953125
0 0.5229166666666667 0.240625 0.0375 0.0125
0 0.6597222222222222 0.224609375 0.03333333333333333 0.02578125
0 0.5986111111111111 0.25078125 0.05 0.028125
0 0.1597222222222222 0.3265625 0.019444444444444445 0.021875
0 0.5770833333333333 0.302734375 0.034722222222222224 0.01796875
0 0.6 0.316796875 0.05555555555555555 0.02578125
0 0.7354166666666667 0.208203125 0.04027777777777778 0.02421875
0 0.8375 0.21171875 0.044444444444444446 0.025
0 0.6520833333333333 0.342578125 0.029166666666666667 0.01953125
0 0.28125 0.397265625 0.04861111111111111 0.02578125
0 0.2986111111111111 0.36640625 0.03611111111111111 0.0078125
0 0.51875 0.41328125 0.04861111111111111 0.0265625
0 0.5479166666666667 0.383984375 0.05138888888888889 0.03515625
0 0.5395833333333333 0.35234375 0.043055555555555555 0.0265625
0 0.8208333333333333 0.30390625 0.044444444444444446 0.025
0 0.8527777777777777 0.312109375 0.03611111111111111 0.02578125
0 0.9458333333333333 0.24140625 0.03888888888888889 0.025
0 0.8694444444444445 0.32421875 0.03611111111111111 0.0140625
0 0.24722222222222223 0.490625 0.058333333333333334 0.0296875
0 0.5444444444444444 0.4625 0.027777777777777776 0.0109375
0 0.9444444444444444 0.362890625 0.058333333333333334 0.02890625
0 0.8152777777777778 0.4 0.03611111111111111 0.01875
0 0.9708333333333333 0.4640625 0.05 0.025
0 0.45 0.6265625 0.041666666666666664 0.01875
0 0.8416666666666667 0.622265625 0.044444444444444446 0.01171875
0 0.65 0.61484375 0.03611111111111111 0.01875
0 0.8743055555555556 0.671875 0.043055555555555555 0.01875
0 0.86875 0.687890625 0.04027777777777778 0.01484375
0 0.9111111111111111 0.83046875 0.03888888888888889 0.0265625
0 0.1763888888888889 0.5546875 0.03333333333333333 0.0140625
0 0.7263888888888889 0.038671875 0.025 0.01015625
0 0.18472222222222223 0.397265625 0.022222222222222223 0.01484375
0 0.48819444444444443 0.409375 0.04027777777777778 0.0140625
0 0.44166666666666665 0.463671875 0.019444444444444445 0.01328125
0 0.33194444444444443 0.53515625 0.027777777777777776 0.0078125
0 0.69375 0.118359375 0.029166666666666667 0.02109375
0 0.8111111111111111 0.09296875 0.022222222222222223 0.015625
0 0.022916666666666665 0.267578125 0.043055555555555555 0.02578125
0 0.9916666666666667 0.322265625 0.013888888888888888 0.01640625
0 0.9902777777777778 0.503125 0.016666666666666666 0.021875
0 0.9798611111111111 0.52421875 0.034722222222222224 0.015625
0 0.42430555555555555 0.644921875 0.0375 0.02421875
0 0.8006944444444445 0.65390625 0.018055555555555554 0.015625
