0 0.16597222222222222 0.49921875 0.059722222222222225 0.028125
0 0.38125 0.44296875 0.029166666666666667 0.021875
0 0.4909722222222222 0.515625 0.04583333333333333 0.0203125
0 0.6284722222222222 0.666015625 0.034722222222222224 0.02578125
0 0.91875 0.602734375 0.043055555555555555 0.01953125
0 0.89375 0.582421875 0.0375 0.01953125
0 0.7909722222222222 0.528515625 0.04027777777777778 0.02109375
0 0.5805555555555556 0.548046875 0.05 0.02265625
0 0.6027777777777777 0.383203125 0.03888888888888889 0.02421875
0 0.7222222222222222 0.3578125 0.03333333333333333 0.0171875
0 0.7923611111111111 0.358984375 0.029166666666666667 0.01640625
0 0.7743055555555556 0.39765625 0.03194444444444444 0.0140625
0 0.5993055555555555 0.360546875 0.029166666666666667 0.01640625
0 0.5256944444444445 0.2703125 0.029166666666666667 0.0203125
0 0.7097222222222223 0.125390625 0.030555555555555555 0.01796875
0 0.7444444444444445 0.1234375 0.022222222222222223 0.0140625
0 0.48333333333333334 0.109375 0.030555555555555555 0.0171875
0 0.4479166666666667 0.14609375 0.0375 0.0171875
0 0.36666666666666664 0.058984375 0.03333333333333333 0.02109375
0 0.3784722222222222 0.116015625 0.02638888888888889 0.01640625
0 0.425 0.16171875 0.027777777777777776 0.015625
0 0.3416666666666667 0.18515625 0.025 0.0140625
0 0.2326388888888889 0.24609375 0.034722222222222224 0.0171875
0 0.17777777777777778 0.44921875 0.04722222222222222 0.034375
0 0.04791666666666667 0.457421875 0.043055555555555555 0.01953125
0 0.09583333333333334 0.449609375 0.030555555555555555 0.02265625
0 0.8951388888888889 0.266015625 0.04027777777777778 0.01953125
0 0.7680555555555556 0.306640625 0.03611111111111111 0.01953125
0 0.9194444444444444 0.17265625 0.03888888888888889 0.025
0 0.8333333333333334 0.221875 0.03888888888888889 0.0125
0 0.7145833333333333 0.2609375 0.0375 0.0171875
0 0.6736111111111112 0.141015625 0.027777777777777776 0.01328125
0 0.6375 0.1390625 0.03333333333333333 0.0171875
0 0.6076388888888888 0.163671875 0.02638888888888889 0.01953125
0 0.5694444444444444 0.151953125 0.030555555555555555 0.02109375
0 0.83125 0.204296875 0.02638888888888889 0.01796875
0 0.16111111111111112 0.28984375 0.030555555555555555 0.015625
0 0.21666666666666667 0.269140625 0.025 0.01640625
0 0.36527777777777776 0.216015625 0.027777777777777776 0.01484375
0 0.27152777777777776 0.483984375 0.034722222222222224 0.01484375
0 0.5944444444444444 0.340625 0.03888888888888889 0.0234375
0 0.8708333333333333 0.378125 0.027777777777777776 0.0171875
0 0.2611111111111111 0.4359375 0.041666666666666664 0.025
0 0.41875 0.391015625 0.029166666666666667 0.01484375
0 0.5736111111111111 0.391796875 0.03333333333333333 0.02109375
0 0.25625 0.23125 0.029166666666666667 0.01875
0 0.3854166666666667 0.28359375 0.0375 0.0203125
0 0.24166666666666667 0.334375 0.027777777777777776 0.0109375
0 0.24166666666666667 0.206640625 0.025 0.01015625
0 0.36041666666666666 0.190625 0.018055555555555554 0.0140625
0 0.32013888888888886 0.186328125 0.03194444444444444 0.01953125
0 0.39305555555555555 0.1328125 0.027777777777777776 0.0171875
0 0.4361111111111111 0.109375 0.027777777777777776 0.021875
0 0.4701388888888889 0.10078125 0.03194444444444444 0.015625
0 0.49930555555555556 0.094921875 0.015277777777777777 0.01328125
0 0.38125 0.06796875 0.02361111111111111 0.0171875
0 0.89375 0.237109375 0.015277777777777777 0.01640625
0 0.5770833333333333 0.25078125 0.020833333333333332 0.015625
0 0.5090277777777777 0.233984375 0.02361111111111111 0.01171875
0 0.5055555555555555 0.207421875 0.030555555555555555 0.01484375
0 0.23958333333333334 0.34375 0.02638888888888889 0.0125
0 0.37777777777777777 0.32109375 0.019444444444444445 0.015625
0 0.4673611111111111 0.2953125 0.029166666666666667 0.0140625
0 0.27847222222222223 0.28046875 0.029166666666666667 0.0140625
0 0.3013888888888889 0.2734375 0.030555555555555555 0.015625
0 0.18333333333333332 0.3125 0.016666666666666666 0.0109375
0 0.21458333333333332 0.391015625 0.02361111111111111 0.01171875
0 0.2611111111111111 0.374609375 0.022222222222222223 0.01015625
0 0.3875 0.36171875 0.027777777777777776 0.0109375
0 0.15555555555555556 0.458203125 0.044444444444444446 0.02265625
0 0.13402777777777777 0.444140625 0.018055555555555554 0.01640625
0 0.12152777777777778 0.47421875 0.04583333333333333 0.03125
0 0.9618055555555556 0.3546875 0.03194444444444444 0.0171875
0 0.6819444444444445 0.349609375 0.022222222222222223 0.01171875
0 0.5868055555555556 0.287109375 0.03194444444444444 0.01796875
0 0.4354166666666667 0.404296875 0.02638888888888889 0.01015625
0 0.7645833333333333 0.38359375 0.0375 0.01875
0 0.8229166666666666 0.423828125 0.02638888888888889 0.00859375
0 0.8993055555555556 0.449609375 0.034722222222222224 0.02109375
0 0.9291666666666667 0.46171875 0.030555555555555555 0.01875
0 0.9923611111111111 0.443359375 0.0125 0.01484375
0 0.9597222222222223 0.40234375 0.025 0.0140625
0 0.7395833333333334 0.43125 0.02638888888888889 0.0140625
0 0.7701388888888889 0.42265625 0.03194444444444444 0.015625
0 0.022222222222222223 0.512890625 0.03888888888888889 0.01484375
0 0.07708333333333334 0.391796875 0.020833333333333332 0.01328125
0 0.2569444444444444 0.469140625 0.025 0.01953125
0 0.2881944444444444 0.4640625 0.02638888888888889 0.0140625
0 0.3125 0.448046875 0.027777777777777776 0.02109375
0 0.4166666666666667 0.433984375 0.03888888888888889 0.01484375
0 0.3993055555555556 0.456640625 0.02361111111111111 0.02109375
0 0.3736111111111111 0.483203125 0.027777777777777776 0.01328125
0 0.24861111111111112 0.4890625 0.025 0.01875
0 0.23958333333333334 0.503515625 0.029166666666666667 0.01171875
0 0.2611111111111111 0.510546875 0.025 0.01328125
0 0.23680555555555555 0.51796875 0.02638888888888889 0.0140625
0 0.35 0.498828125 0.025 0.01484375
0 0.48541666666666666 0.487109375 0.0375 0.01328125
0 0.5583333333333333 0.4890625 0.06111111111111111 0.0203125
0 0.6451388888888889 0.56640625 0.0375 0.0234375
0 0.6881944444444444 0.622265625 0.02638888888888889 0.02109375
0 0.6576388888888889 0.65625 0.03194444444444444 0.01875
0 0.6125 0.644140625 0.022222222222222223 0.01328125
0 0.6993055555555555 0.478515625 0.03194444444444444 0.01953125
0 0.8486111111111111 0.532421875 0.027777777777777776 0.02265625
0 0.825 0.541015625 0.030555555555555555 0.01484375
0 0.7791666666666667 0.54609375 0.03333333333333333 0.0140625
0 0.7833333333333333 0.557421875 0.025 0.00859375
0 0.7583333333333333 0.550390625 0.016666666666666666 0.01171875
0 0.9777777777777777 0.54921875 0.03333333333333333 0.0171875
0 0.9715277777777778 0.559765625 0.04027777777777778 0.01328125
0 0.2798611111111111 0.3125 0.029166666666666667 0.0171875
0 0.059027777777777776 0.312890625 0.02638888888888889 0.01171875
