0 0.07361111111111111 0.123046875 0.03611111111111111 0.01796875
0 0.04236111111111111 0.152734375 0.034722222222222224 0.02109375
0 0.01875 0.309765625 0.034722222222222224 0.01796875
0 0.008333333333333333 0.218359375 0.016666666666666666 0.01953125
0 0.009722222222222222 0.2109375 0.016666666666666666 0.0125
0 0.11597222222222223 0.207421875 0.029166666666666667 0.01640625
0 0.08472222222222223 0.303125 0.030555555555555555 0.0171875
0 0.18194444444444444 0.31328125 0.025 0.0171875
0 0.19444444444444445 0.21171875 0.03333333333333333 0.025
0 0.23680555555555555 0.20546875 0.020833333333333332 0.0203125
0 0.007638888888888889 0.180859375 0.009722222222222222 0.02421875
0 0.009027777777777777 0.154296875 0.015277777777777777 0.01953125
0 0.08194444444444444 0.160546875 0.044444444444444446 0.02265625
0 0.15347222222222223 0.191015625 0.034722222222222224 0.02578125
0 0.1763888888888889 0.189453125 0.03888888888888889 0.02578125
0 0.22430555555555556 0.280859375 0.034722222222222224 0.01328125
0 0.14305555555555555 0.169140625 0.03611111111111111 0.02109375
0 0.10694444444444444 0.14375 0.03333333333333333 0.0171875
0 0.18888888888888888 0.148046875 0.03611111111111111 0.01796875
0 0.23402777777777778 0.326171875 0.034722222222222224 0.01328125
0 0.04027777777777778 0.35546875 0.030555555555555555 0.01875
0 0.007638888888888889 0.34296875 0.0125 0.0171875
0 0.11666666666666667 0.387109375 0.03333333333333333 0.01640625
0 0.23055555555555557 0.337890625 0.03611111111111111 0.01328125
0 0.08958333333333333 0.427734375 0.020833333333333332 0.01015625
0 0.010416666666666666 0.383203125 0.018055555555555554 0.01171875
0 0.004861111111111111 0.3875 0.009722222222222222 0.0125
0 0.24583333333333332 0.39921875 0.022222222222222223 0.01875
0 0.36875 0.3421875 0.043055555555555555 0.0234375
0 0.4013888888888889 0.4265625 0.03333333333333333 0.01875
0 0.42083333333333334 0.399609375 0.041666666666666664 0.02109375
0 0.40069444444444446 0.380859375 0.029166666666666667 0.01640625
0 0.13541666666666666 0.475 0.05138888888888889 0.0234375
0 0.13472222222222222 0.5 0.04722222222222222 0.0265625
0 0.3819444444444444 0.4296875 0.016666666666666666 0.0140625
0 0.42291666666666666 0.342578125 0.034722222222222224 0.01953125
0 0.5180555555555556 0.316796875 0.027777777777777776 0.01640625
0 0.5638888888888889 0.33125 0.03611111111111111 0.0203125
0 0.5361111111111111 0.387890625 0.019444444444444445 0.01484375
0 0.4798611111111111 0.466015625 0.04861111111111111 0.01953125
0 0.8534722222222222 0.506640625 0.04861111111111111 0.02890625
0 0.1951388888888889 0.5203125 0.05694444444444444 0.025
0 0.35208333333333336 0.509375 0.04027777777777778 0.0265625
0 0.3736111111111111 0.5 0.03888888888888889 0.0234375
0 0.43819444444444444 0.499609375 0.05138888888888889 0.02734375
0 0.5131944444444444 0.521875 0.029166666666666667 0.0265625
0 0.5395833333333333 0.51953125 0.04583333333333333 0.0265625
0 0.6493055555555556 0.492578125 0.04583333333333333 0.02578125
0 0.9743055555555555 0.52109375 0.03194444444444444 0.0140625
0 0.8708333333333333 0.4890625 0.03333333333333333 0.0171875
0 0.5840277777777778 0.494921875 0.018055555555555554 0.01640625
0 0.5326388888888889 0.408203125 0.02638888888888889 0.01171875
0 0.5520833333333334 0.410546875 0.02638888888888889 0.01171875
0 0.5666666666666667 0.526171875 0.025 0.01015625
