0 0.7881944444444444 0.029296875 0.03194444444444444 0.01484375
0 0.9090277777777778 0.0421875 0.04861111111111111 0.0296875
0 0.7986111111111112 0.09609375 0.041666666666666664 0.028125
0 0.9104166666666667 0.116015625 0.04861111111111111 0.02734375
0 0.9340277777777778 0.123828125 0.015277777777777777 0.01328125
0 0.8763888888888889 0.120703125 0.027777777777777776 0.02265625
0 0.85625 0.14921875 0.0375 0.01875
0 0.9076388888888889 0.16640625 0.05138888888888889 0.0328125
0 0.9763888888888889 0.1265625 0.044444444444444446 0.0296875
0 0.9736111111111111 0.0921875 0.030555555555555555 0.021875
0 0.9826388888888888 0.16328125 0.029166666666666667 0.034375
0 0.8152777777777778 0.235546875 0.04722222222222222 0.02734375
0 0.80625 0.26328125 0.0375 0.0265625
0 0.9895833333333334 0.300390625 0.018055555555555554 0.01171875
0 0.8333333333333334 0.31171875 0.03333333333333333 0.0265625
0 0.9631944444444445 0.347265625 0.043055555555555555 0.02578125
0 0.9875 0.35390625 0.022222222222222223 0.0265625
0 0.9583333333333334 0.383984375 0.05 0.02578125
0 0.8138888888888889 0.334375 0.03888888888888889 0.0203125
0 0.19652777777777777 0.430859375 0.03194444444444444 0.02578125
0 0.08055555555555556 0.43828125 0.044444444444444446 0.025
0 0.059027777777777776 0.449609375 0.03194444444444444 0.02109375
0 0.14166666666666666 0.423046875 0.019444444444444445 0.01171875
0 0.11527777777777778 0.49296875 0.022222222222222223 0.025
0 0.7875 0.41015625 0.025 0.00625
0 0.8138888888888889 0.4296875 0.05555555555555555 0.0296875
0 0.2263888888888889 0.516015625 0.03333333333333333 0.01796875
0 0.2569444444444444 0.51484375 0.025 0.0203125
0 0.018055555555555554 0.583984375 0.03333333333333333 0.02265625
0 0.10138888888888889 0.56953125 0.03888888888888889 0.021875
0 0.125 0.572265625 0.022222222222222223 0.01015625
0 0.1736111111111111 0.533984375 0.05 0.02421875
0 0.23402777777777778 0.53046875 0.02361111111111111 0.0109375
0 0.6868055555555556 0.438671875 0.04861111111111111 0.02734375
0 0.7458333333333333 0.448046875 0.05 0.03046875
0 0.8020833333333334 0.48359375 0.034722222222222224 0.028125
0 0.9743055555555555 0.542578125 0.04583333333333333 0.02890625
0 0.7631944444444444 0.492578125 0.0375 0.02421875
0 0.7652777777777777 0.469140625 0.05 0.02265625
0 0.6701388888888888 0.46015625 0.04583333333333333 0.025
0 0.6548611111111111 0.47578125 0.03194444444444444 0.0171875
0 0.75625 0.524609375 0.04861111111111111 0.02421875
0 0.1076388888888889 0.598046875 0.0375 0.02109375
0 0.03680555555555556 0.646484375 0.04583333333333333 0.02265625
0 0.10694444444444444 0.615625 0.013888888888888888 0.0125
0 0.16527777777777777 0.62109375 0.041666666666666664 0.021875
0 0.19652777777777777 0.613671875 0.04027777777777778 0.03046875
0 0.22083333333333333 0.554296875 0.044444444444444446 0.02109375
0 0.19444444444444445 0.6421875 0.05 0.0265625
0 0.3159722222222222 0.648046875 0.04027777777777778 0.02109375
0 0.9409722222222222 0.602734375 0.0375 0.01953125
0 0.9805555555555555 0.6 0.03611111111111111 0.021875
0 0.6583333333333333 0.5453125 0.030555555555555555 0.0109375
0 0.5979166666666667 0.576953125 0.04027777777777778 0.02265625
0 0.5909722222222222 0.6171875 0.029166666666666667 0.0171875
0 0.6472222222222223 0.61328125 0.027777777777777776 0.0171875
0 0.7590277777777777 0.628125 0.04027777777777778 0.025
0 0.7159722222222222 0.620703125 0.015277777777777777 0.01484375
0 0.8798611111111111 0.621875 0.0375 0.0203125
0 0.8263888888888888 0.622265625 0.030555555555555555 0.01484375
0 0.8013888888888889 0.673828125 0.027777777777777776 0.01796875
0 0.7347222222222223 0.66953125 0.013888888888888888 0.0125
0 0.7347222222222223 0.697265625 0.022222222222222223 0.01796875
