0 0.018055555555555554 0.030078125 0.03333333333333333 0.02578125
0 0.08263888888888889 0.053125 0.03194444444444444 0.028125
0 0.06388888888888888 0.0765625 0.044444444444444446 0.028125
0 0.022222222222222223 0.1109375 0.044444444444444446 0.028125
0 0.04027777777777778 0.1359375 0.041666666666666664 0.0234375
0 0.08541666666666667 0.135546875 0.04027777777777778 0.02265625
0 0.10347222222222222 0.103125 0.0375 0.021875
0 0.1284722222222222 0.05078125 0.04583333333333333 0.0203125
0 0.1638888888888889 0.058203125 0.044444444444444446 0.02421875
0 0.04236111111111111 0.187109375 0.02638888888888889 0.01640625
0 0.14722222222222223 0.21484375 0.041666666666666664 0.01875
0 0.20694444444444443 0.160546875 0.03333333333333333 0.02421875
0 0.029861111111111113 0.24921875 0.04583333333333333 0.0234375
0 0.05347222222222222 0.285546875 0.04027777777777778 0.02265625
0 0.11736111111111111 0.3140625 0.034722222222222224 0.021875
0 0.1625 0.34140625 0.016666666666666666 0.0109375
0 0.015277777777777777 0.425390625 0.030555555555555555 0.01953125
0 0.020833333333333332 0.437109375 0.041666666666666664 0.01640625
0 0.2263888888888889 0.56484375 0.019444444444444445 0.01875
0 0.2263888888888889 0.63046875 0.030555555555555555 0.015625
0 0.13402777777777777 0.67734375 0.05416666666666667 0.028125
0 0.06180555555555556 0.73359375 0.034722222222222224 0.015625
0 0.08472222222222223 0.818359375 0.04722222222222222 0.02890625
0 0.27361111111111114 0.715625 0.05 0.028125
0 0.39305555555555555 0.526953125 0.013888888888888888 0.00703125
0 0.40555555555555556 0.607421875 0.030555555555555555 0.01796875
0 0.5145833333333333 0.618359375 0.0375 0.02578125
0 0.5201388888888889 0.666796875 0.05416666666666667 0.03359375
0 0.5881944444444445 0.6921875 0.05694444444444444 0.03125
0 0.6402777777777777 0.71171875 0.06944444444444445 0.028125
0 0.5736111111111111 0.7171875 0.04722222222222222 0.01875
0 0.5986111111111111 0.735546875 0.044444444444444446 0.03984375
0 0.5381944444444444 0.783984375 0.059722222222222225 0.03359375
0 0.4666666666666667 0.780078125 0.04722222222222222 0.03515625
0 0.47291666666666665 0.743359375 0.04583333333333333 0.02734375
0 0.7625 0.733203125 0.044444444444444446 0.02421875
0 0.8131944444444444 0.689453125 0.06527777777777778 0.03984375
0 0.95 0.601953125 0.044444444444444446 0.01953125
0 0.12986111111111112 0.2671875 0.0375 0.0265625
0 0.17291666666666666 0.285546875 0.03194444444444444 0.01484375
0 0.2076388888888889 0.279296875 0.04583333333333333 0.02890625
0 0.2388888888888889 0.22421875 0.058333333333333334 0.03125
0 0.2861111111111111 0.226171875 0.044444444444444446 0.02890625
0 0.37569444444444444 0.274609375 0.059722222222222225 0.03359375
0 0.43125 0.226953125 0.05694444444444444 0.03046875
0 0.48680555555555555 0.28125 0.043055555555555555 0.025
0 0.4513888888888889 0.28203125 0.03888888888888889 0.0265625
0 0.5194444444444445 0.291796875 0.03611111111111111 0.01953125
0 0.8215277777777777 0.440234375 0.02638888888888889 0.01015625
0 0.8861111111111111 0.431640625 0.03333333333333333 0.01953125
0 0.7743055555555556 0.513671875 0.020833333333333332 0.01328125
0 0.4666666666666667 0.14140625 0.03888888888888889 0.034375
0 0.3263888888888889 0.07890625 0.05277777777777778 0.034375
0 0.38819444444444445 0.06484375 0.034722222222222224 0.01875
0 0.3423611111111111 0.154296875 0.05416666666666667 0.03203125
0 0.50625 0.150390625 0.05416666666666667 0.03671875
0 0.5736111111111111 0.160546875 0.03611111111111111 0.01796875
0 0.5125 0.093359375 0.06111111111111111 0.03515625
0 0.5756944444444444 0.043359375 0.034722222222222224 0.02265625
0 0.5951388888888889 0.030859375 0.04583333333333333 0.02421875
0 0.6305555555555555 0.034765625 0.013888888888888888 0.02421875
0 0.63125 0.15546875 0.029166666666666667 0.0171875
0 0.7243055555555555 0.137890625 0.0375 0.01953125
0 0.6930555555555555 0.16171875 0.03333333333333333 0.0171875
0 0.7270833333333333 0.162890625 0.03194444444444444 0.01640625
0 0.6326388888888889 0.1734375 0.02638888888888889 0.0140625
0 0.6597222222222222 0.177734375 0.027777777777777776 0.01640625
0 0.7256944444444444 0.011328125 0.0375 0.02265625
0 0.7979166666666667 0.009375 0.04583333333333333 0.01875
0 0.8902777777777777 0.011328125 0.041666666666666664 0.02109375
0 0.7583333333333333 0.020703125 0.022222222222222223 0.01953125
0 0.7131944444444445 0.0421875 0.043055555555555555 0.028125
0 0.7548611111111111 0.050390625 0.043055555555555555 0.02734375
0 0.725 0.06640625 0.03888888888888889 0.0203125
0 0.6923611111111111 0.081640625 0.034722222222222224 0.01484375
0 0.7458333333333333 0.096484375 0.03611111111111111 0.01640625
0 0.7902777777777777 0.07578125 0.041666666666666664 0.025
0 0.9520833333333333 0.043359375 0.0375 0.02265625
0 0.9263888888888889 0.079296875 0.041666666666666664 0.02578125
0 0.9243055555555556 0.108203125 0.0375 0.01953125
0 0.8069444444444445 0.180078125 0.041666666666666664 0.01953125
0 0.9826388888888888 0.1703125 0.03194444444444444 0.028125
0 0.7569444444444444 0.25625 0.03333333333333333 0.0234375
0 0.8520833333333333 0.282421875 0.029166666666666667 0.01796875
0 0.8472222222222222 0.317578125 0.04722222222222222 0.03046875
0 0.8159722222222222 0.345703125 0.04861111111111111 0.01953125
0 0.8368055555555556 0.374609375 0.029166666666666667 0.01640625
0 0.93125 0.29140625 0.05694444444444444 0.03125
0 0.95625 0.3171875 0.059722222222222225 0.0296875
0 0.9763888888888889 0.341796875 0.041666666666666664 0.02890625
0 0.9673611111111111 0.38203125 0.0125 0.0140625
0 0.9826388888888888 0.46796875 0.029166666666666667 0.0171875
0 0.009027777777777777 0.1390625 0.018055555555555554 0.021875
0 0.14930555555555555 0.006640625 0.03194444444444444 0.01015625
0 0.54375 0.172265625 0.034722222222222224 0.01015625
0 0.9840277777777777 0.12578125 0.02361111111111111 0.0171875
0 0.5270833333333333 0.534765625 0.029166666666666667 0.01171875
0 0.6715277777777777 0.623828125 0.018055555555555554 0.01171875
