0 0.4736111111111111 0.008203125 0.041666666666666664 0.01640625
0 0.5305555555555556 0.023828125 0.05555555555555555 0.03203125
0 0.49375 0.03125 0.05694444444444444 0.040625
0 0.47152777777777777 0.058203125 0.04027777777777778 0.03046875
0 0.48194444444444445 0.1125 0.058333333333333334 0.034375
0 0.5423611111111111 0.11640625 0.04861111111111111 0.0265625
0 0.5951388888888889 0.102734375 0.04027777777777778 0.02890625
0 0.4479166666666667 0.1203125 0.03194444444444444 0.0140625
0 0.5944444444444444 0.158203125 0.05555555555555555 0.02890625
0 0.5347222222222222 0.158203125 0.03888888888888889 0.03359375
0 0.5743055555555555 0.17421875 0.02638888888888889 0.0359375
0 0.5208333333333334 0.177734375 0.044444444444444446 0.02578125
0 0.4777777777777778 0.17421875 0.05555555555555555 0.025
0 0.47638888888888886 0.205859375 0.041666666666666664 0.02265625
0 0.7715277777777778 0.24140625 0.059722222222222225 0.028125
0 0.8326388888888889 0.2578125 0.04583333333333333 0.0234375
0 0.4986111111111111 0.278515625 0.025 0.01953125
0 0.49236111111111114 0.295703125 0.04583333333333333 0.02734375
0 0.43472222222222223 0.28671875 0.03611111111111111 0.0234375
0 0.3347222222222222 0.24375 0.030555555555555555 0.0078125
0 0.5020833333333333 0.35390625 0.043055555555555555 0.025
0 0.30277777777777776 0.412109375 0.030555555555555555 0.01484375
0 0.10972222222222222 0.4203125 0.05277777777777778 0.0234375
0 0.1284722222222222 0.44140625 0.05694444444444444 0.03125
0 0.27569444444444446 0.48515625 0.043055555555555555 0.0234375
0 0.4027777777777778 0.528515625 0.05555555555555555 0.03203125
0 0.6354166666666666 0.51484375 0.059722222222222225 0.0265625
0 0.5909722222222222 0.50859375 0.04583333333333333 0.015625
0 0.5604166666666667 0.544921875 0.043055555555555555 0.02421875
0 0.45555555555555555 0.562890625 0.044444444444444446 0.03203125
0 0.4652777777777778 0.584375 0.05 0.025
0 0.4152777777777778 0.599609375 0.05555555555555555 0.03515625
0 0.3236111111111111 0.590625 0.041666666666666664 0.0203125
0 0.7305555555555555 0.55234375 0.03888888888888889 0.01875
0 0.7722222222222223 0.585546875 0.03611111111111111 0.01640625
0 0.6576388888888889 0.414453125 0.04027777777777778 0.03203125
0 0.08125 0.465625 0.034722222222222224 0.0203125
0 0.7805555555555556 0.50234375 0.044444444444444446 0.015625
0 0.18819444444444444 0.54140625 0.04861111111111111 0.0171875
0 0.04861111111111111 0.579296875 0.041666666666666664 0.01640625
0 0.06736111111111111 0.628515625 0.04583333333333333 0.02109375
0 0.013194444444444444 0.6859375 0.020833333333333332 0.015625
0 0.15902777777777777 0.69140625 0.043055555555555555 0.021875
0 0.3625 0.646484375 0.03611111111111111 0.01796875
0 0.7715277777777778 0.76328125 0.05416666666666667 0.040625
0 0.95 0.820703125 0.05555555555555555 0.03359375
