0 0.40625 0.042578125 0.05694444444444444 0.03046875
0 0.4618055555555556 0.011328125 0.059722222222222225 0.01953125
0 0.7319444444444444 0.0390625 0.058333333333333334 0.025
0 0.7722222222222223 0.03671875 0.03611111111111111 0.0265625
0 0.9013888888888889 0.021875 0.08055555555555556 0.0421875
0 0.8083333333333333 0.06640625 0.04722222222222222 0.0328125
0 0.7763888888888889 0.071484375 0.05 0.04296875
0 0.7277777777777777 0.07890625 0.06111111111111111 0.04375
0 0.6819444444444445 0.07890625 0.03611111111111111 0.0296875
0 0.6409722222222223 0.08828125 0.059722222222222225 0.034375
0 0.6083333333333333 0.11328125 0.07222222222222222 0.040625
0 0.6819444444444445 0.130859375 0.06388888888888888 0.03203125
0 0.7215277777777778 0.139453125 0.034722222222222224 0.02578125
0 0.8201388888888889 0.165234375 0.06527777777777778 0.03203125
0 0.4388888888888889 0.07421875 0.03888888888888889 0.01875
0 0.5083333333333333 0.0859375 0.03611111111111111 0.01875
0 0.5166666666666667 0.134375 0.06666666666666667 0.0265625
0 0.6083333333333333 0.15625 0.044444444444444446 0.025
0 0.4326388888888889 0.1171875 0.029166666666666667 0.021875
0 0.40902777777777777 0.17109375 0.05138888888888889 0.0328125
0 0.47708333333333336 0.169921875 0.05138888888888889 0.03359375
0 0.37777777777777777 0.19375 0.05277777777777778 0.03125
0 0.38680555555555557 0.21953125 0.04027777777777778 0.0234375
0 0.4201388888888889 0.23984375 0.05694444444444444 0.0296875
0 0.4666666666666667 0.256640625 0.04722222222222222 0.02734375
0 0.4527777777777778 0.27265625 0.05555555555555555 0.021875
0 0.6625 0.266015625 0.04722222222222222 0.02890625
0 0.6055555555555555 0.208203125 0.05 0.02890625
0 0.7236111111111111 0.26640625 0.044444444444444446 0.0234375
0 0.7701388888888889 0.253515625 0.04027777777777778 0.03359375
0 0.8076388888888889 0.287109375 0.05416666666666667 0.03046875
0 0.8618055555555556 0.287890625 0.05138888888888889 0.02734375
0 0.9173611111111111 0.2859375 0.0625 0.0375
0 0.9569444444444445 0.279296875 0.05 0.03359375
0 0.8444444444444444 0.3109375 0.03333333333333333 0.021875
0 0.8694444444444445 0.307421875 0.022222222222222223 0.01171875
0 0.8548611111111111 0.370703125 0.04583333333333333 0.03203125
0 0.8104166666666667 0.3546875 0.0375 0.015625
0 0.7215277777777778 0.3328125 0.043055555555555555 0.0296875
0 0.5868055555555556 0.353515625 0.06805555555555555 0.03828125
0 0.6423611111111112 0.3515625 0.03194444444444444 0.0375
0 0.69375 0.358984375 0.05694444444444444 0.02109375
0 0.7895833333333333 0.382421875 0.043055555555555555 0.02578125
0 0.8743055555555556 0.40390625 0.07083333333333333 0.034375
0 0.9243055555555556 0.4125 0.04861111111111111 0.034375
0 0.9791666666666666 0.3984375 0.03888888888888889 0.03125
0 0.3680555555555556 0.353515625 0.03333333333333333 0.01484375
0 0.3368055555555556 0.369921875 0.05138888888888889 0.03046875
0 0.42916666666666664 0.370703125 0.06111111111111111 0.02890625
0 0.4986111111111111 0.39375 0.05 0.0265625
0 0.7215277777777778 0.42734375 0.04583333333333333 0.0296875
0 0.32083333333333336 0.441015625 0.030555555555555555 0.02265625
0 0.2902777777777778 0.466015625 0.03888888888888889 0.02890625
0 0.20069444444444445 0.409765625 0.034722222222222224 0.01953125
0 0.1763888888888889 0.42109375 0.027777777777777776 0.0140625
0 0.3375 0.530078125 0.05277777777777778 0.03671875
0 0.2847222222222222 0.535546875 0.05555555555555555 0.02734375
0 0.2965277777777778 0.566796875 0.05694444444444444 0.03046875
0 0.3861111111111111 0.521484375 0.06388888888888888 0.03203125
0 0.4166666666666667 0.53984375 0.04722222222222222 0.0265625
0 0.45902777777777776 0.5265625 0.05416666666666667 0.0234375
0 0.5243055555555556 0.46328125 0.020833333333333332 0.01875
0 0.44375 0.419921875 0.05416666666666667 0.02421875
0 0.2986111111111111 0.36640625 0.03611111111111111 0.025
0 0.7416666666666667 0.530859375 0.05277777777777778 0.03359375
0 0.7152777777777778 0.518359375 0.03888888888888889 0.02734375
0 0.7159722222222222 0.472265625 0.0375 0.01484375
0 0.8763888888888889 0.5375 0.05 0.0234375
0 0.7409722222222223 0.469140625 0.02638888888888889 0.01796875
0 0.9583333333333334 0.576953125 0.03888888888888889 0.02578125
0 0.6111111111111112 0.5609375 0.05 0.0296875
0 0.6861111111111111 0.55 0.030555555555555555 0.0171875
0 0.2701388888888889 0.59453125 0.05694444444444444 0.0265625
0 0.21944444444444444 0.61171875 0.058333333333333334 0.03125
0 0.275 0.629296875 0.06944444444444445 0.02890625
0 0.325 0.615625 0.044444444444444446 0.0328125
0 0.5805555555555556 0.67734375 0.05277777777777778 0.0375
0 0.9840277777777777 0.716015625 0.029166666666666667 0.03359375
0 0.4534722222222222 0.79609375 0.059722222222222225 0.0375
0 0.5111111111111111 0.700390625 0.05555555555555555 0.02109375
0 0.7104166666666667 0.77578125 0.04861111111111111 0.0265625
0 0.6333333333333333 0.759375 0.05277777777777778 0.0234375
0 0.8298611111111112 0.754296875 0.02361111111111111 0.02578125
0 0.9263888888888889 0.77578125 0.05277777777777778 0.028125
0 0.9840277777777777 0.767578125 0.029166666666666667 0.03046875
0 0.8416666666666667 0.77421875 0.016666666666666666 0.0171875
0 0.34652777777777777 0.84453125 0.05416666666666667 0.028125
0 0.2388888888888889 0.886328125 0.058333333333333334 0.03203125
0 0.13333333333333333 0.895703125 0.058333333333333334 0.03828125
0 0.07916666666666666 0.894140625 0.058333333333333334 0.03671875
0 0.28055555555555556 0.94375 0.06666666666666667 0.0421875
0 0.94375 0.82109375 0.05138888888888889 0.0203125
0 0.6881944444444444 0.44296875 0.034722222222222224 0.0171875
0 0.017361111111111112 0.56171875 0.03194444444444444 0.03125
0 0.013888888888888888 0.43125 0.025 0.03125
0 0.013888888888888888 0.63359375 0.022222222222222223 0.0234375
0 0.058333333333333334 0.847265625 0.025 0.01953125
0 0.020833333333333332 0.883984375 0.03888888888888889 0.02890625
0 0.4979166666666667 0.606640625 0.05138888888888889 0.02578125
0 0.9111111111111111 0.387109375 0.027777777777777776 0.01484375
