0 0.7104166666666667 0.199609375 0.04861111111111111 0.02265625
0 0.6284722222222222 0.2203125 0.0375 0.0265625
0 0.5923611111111111 0.2859375 0.05416666666666667 0.0265625
0 0.6138888888888889 0.327734375 0.041666666666666664 0.02890625
0 0.7166666666666667 0.3296875 0.041666666666666664 0.028125
0 0.6888888888888889 0.35703125 0.03888888888888889 0.0203125
0 0.5548611111111111 0.364453125 0.03194444444444444 0.02578125
0 0.5340277777777778 0.330859375 0.04583333333333333 0.02578125
0 0.5034722222222222 0.3609375 0.043055555555555555 0.01875
0 0.5347222222222222 0.394921875 0.05 0.02890625
0 0.49027777777777776 0.4109375 0.05555555555555555 0.0265625
0 0.6673611111111111 0.415625 0.05138888888888889 0.0296875
0 0.5111111111111111 0.426953125 0.030555555555555555 0.01640625
0 0.6715277777777777 0.4421875 0.043055555555555555 0.0265625
0 0.5993055555555555 0.469921875 0.04027777777777778 0.02578125
0 0.7118055555555556 0.491796875 0.04027777777777778 0.01953125
0 0.4861111111111111 0.46640625 0.030555555555555555 0.021875
0 0.46041666666666664 0.500390625 0.020833333333333332 0.02578125
0 0.48125 0.49375 0.020833333333333332 0.0265625
0 0.5618055555555556 0.503515625 0.043055555555555555 0.02265625
0 0.6013888888888889 0.5375 0.041666666666666664 0.025
0 0.6131944444444445 0.55859375 0.03194444444444444 0.0203125
0 0.6215277777777778 0.58125 0.04583333333333333 0.025
0 0.7673611111111112 0.4546875 0.043055555555555555 0.025
0 0.74375 0.522265625 0.04583333333333333 0.02421875
0 0.7125 0.632421875 0.03888888888888889 0.01171875
0 0.5756944444444444 0.744921875 0.04861111111111111 0.02890625
0 0.7798611111111111 0.780859375 0.03194444444444444 0.02265625
0 0.6652777777777777 0.236328125 0.03611111111111111 0.02109375
0 0.6722222222222223 0.49921875 0.03611111111111111 0.021875
0 0.5680555555555555 0.480078125 0.03611111111111111 0.01171875
0 0.03333333333333333 0.562109375 0.03888888888888889 0.02109375
0 0.058333333333333334 0.5125 0.030555555555555555 0.01875
0 0.013194444444444444 0.516796875 0.02361111111111111 0.01953125
0 0.28194444444444444 0.551953125 0.03333333333333333 0.01171875
0 0.38125 0.572265625 0.02638888888888889 0.00859375
0 0.6513888888888889 0.620703125 0.03611111111111111 0.01484375
0 0.55 0.766015625 0.025 0.02421875
0 0.052083333333333336 0.736328125 0.0375 0.01640625
0 0.7958333333333333 0.848828125 0.04722222222222222 0.03046875
0 0.6798611111111111 0.7421875 0.020833333333333332 0.0140625
0 0.6145833333333334 0.63359375 0.02361111111111111 0.009375
0 0.8006944444444445 0.615625 0.034722222222222224 0.0234375
0 0.8152777777777778 0.5765625 0.025 0.0203125
0 0.8840277777777777 0.54609375 0.05416666666666667 0.021875
0 0.8673611111111111 0.584765625 0.0375 0.02890625
