0 0.10277777777777777 0.16640625 0.025 0.01875
0 0.034027777777777775 0.245703125 0.0375 0.02421875
0 0.06875 0.256640625 0.03194444444444444 0.01953125
0 0.75625 0.08671875 0.05138888888888889 0.03125
0 0.6409722222222223 0.1921875 0.043055555555555555 0.025
0 0.5625 0.2375 0.041666666666666664 0.0234375
0 0.6763888888888889 0.196875 0.03611111111111111 0.034375
0 0.5833333333333334 0.282421875 0.041666666666666664 0.02890625
0 0.6215277777777778 0.294140625 0.0375 0.02578125
0 0.6875 0.28203125 0.03888888888888889 0.0265625
0 0.7305555555555555 0.28125 0.05 0.0296875
0 0.7819444444444444 0.2765625 0.019444444444444445 0.0171875
0 0.6402777777777777 0.3125 0.05 0.0296875
0 0.5569444444444445 0.364453125 0.05 0.02734375
0 0.7173611111111111 0.347265625 0.05416666666666667 0.02265625
0 0.6194444444444445 0.384375 0.03888888888888889 0.025
0 0.65 0.380078125 0.030555555555555555 0.01953125
0 0.6395833333333333 0.447265625 0.0375 0.01796875
0 0.48541666666666666 0.443359375 0.034722222222222224 0.01640625
0 0.8354166666666667 0.471484375 0.043055555555555555 0.02421875
0 0.8055555555555556 0.490234375 0.04722222222222222 0.01953125
0 0.7430555555555556 0.515625 0.041666666666666664 0.0234375
0 0.5493055555555556 0.508984375 0.043055555555555555 0.01796875
0 0.5916666666666667 0.498828125 0.041666666666666664 0.01796875
0 0.6090277777777777 0.5203125 0.04027777777777778 0.025
0 0.5791666666666667 0.53984375 0.025 0.021875
0 0.5611111111111111 0.605859375 0.03333333333333333 0.01953125
0 0.4125 0.672265625 0.03611111111111111 0.01484375
0 0.6916666666666667 0.786328125 0.058333333333333334 0.03671875
0 0.8111111111111111 0.61796875 0.04722222222222222 0.025
0 0.7041666666666667 0.46796875 0.022222222222222223 0.0125
0 0.8444444444444444 0.668359375 0.06111111111111111 0.01640625
0 0.5520833333333334 0.55234375 0.05694444444444444 0.0125
0 0.81875 0.011328125 0.02361111111111111 0.01953125
0 0.8694444444444445 0.012890625 0.05 0.02578125
0 0.010416666666666666 0.17109375 0.020833333333333332 0.0171875
0 0.7305555555555555 0.25390625 0.03888888888888889 0.0203125
0 0.6659722222222222 0.322265625 0.029166666666666667 0.02578125
0 0.5777777777777777 0.43984375 0.03611111111111111 0.0359375
0 0.4048611111111111 0.64765625 0.02638888888888889 0.015625
0 0.3388888888888889 0.504296875 0.030555555555555555 0.01796875
0 0.7798611111111111 0.621875 0.02361111111111111 0.0203125
0 0.7847222222222222 0.644921875 0.022222222222222223 0.01796875
0 0.8486111111111111 0.40859375 0.019444444444444445 0.015625
