0 0.24930555555555556 0.105859375 0.04861111111111111 0.02578125
0 0.22708333333333333 0.08203125 0.0375 0.0234375
0 0.275 0.064453125 0.030555555555555555 0.03359375
0 0.30833333333333335 0.060546875 0.044444444444444446 0.02890625
0 0.2638888888888889 0.02890625 0.03333333333333333 0.025
0 0.3284722222222222 0.033203125 0.04583333333333333 0.02578125
0 0.36041666666666666 0.071484375 0.04861111111111111 0.02734375
0 0.3861111111111111 0.0921875 0.04722222222222222 0.0296875
0 0.2965277777777778 0.088671875 0.043055555555555555 0.02578125
0 0.3472222222222222 0.104296875 0.044444444444444446 0.02890625
0 0.29097222222222224 0.009375 0.02638888888888889 0.0171875
0 0.31805555555555554 0.007421875 0.05277777777777778 0.01328125
0 0.3506944444444444 0.0078125 0.029166666666666667 0.0140625
0 0.46805555555555556 0.1125 0.06944444444444445 0.03125
0 0.49027777777777776 0.133984375 0.07222222222222222 0.02890625
0 0.5125 0.195703125 0.06388888888888888 0.03984375
0 0.7833333333333333 0.077734375 0.05 0.03515625
0 0.7097222222222223 0.041015625 0.03888888888888889 0.02578125
0 0.94375 0.14453125 0.06527777777777778 0.0390625
0 0.8458333333333333 0.014453125 0.05 0.02421875
0 0.8194444444444444 0.008203125 0.04722222222222222 0.01171875
0 0.5333333333333333 0.3078125 0.05555555555555555 0.028125
0 0.8854166666666666 0.262109375 0.06527777777777778 0.03984375
0 0.96875 0.2859375 0.059722222222222225 0.03125
0 0.9736111111111111 0.315625 0.05 0.0234375
0 0.9284722222222223 0.22890625 0.059722222222222225 0.0296875
0 0.34305555555555556 0.26875 0.044444444444444446 0.025
0 0.525 0.051953125 0.05 0.02109375
0 0.5284722222222222 0.032421875 0.03194444444444444 0.01640625
0 0.8486111111111111 0.057421875 0.04722222222222222 0.01171875
0 0.6166666666666667 0.321484375 0.058333333333333334 0.02265625
0 0.7743055555555556 0.2921875 0.04583333333333333 0.025
0 0.9194444444444444 0.4375 0.03611111111111111 0.0203125
0 0.3701388888888889 0.369140625 0.043055555555555555 0.02421875
0 0.33125 0.366796875 0.03194444444444444 0.01796875
0 0.9694444444444444 0.353515625 0.04722222222222222 0.03046875
0 0.8881944444444444 0.426953125 0.02638888888888889 0.01796875
0 0.8097222222222222 0.328515625 0.041666666666666664 0.01953125
0 0.7666666666666667 0.357421875 0.04722222222222222 0.02734375
0 0.6659722222222222 0.44375 0.03194444444444444 0.0234375
0 0.5958333333333333 0.589453125 0.06111111111111111 0.03359375
0 0.8944444444444445 0.4578125 0.03333333333333333 0.0140625
0 0.27569444444444446 0.39375 0.0375 0.021875
0 0.16458333333333333 0.448046875 0.04027777777777778 0.01953125
0 0.7409722222222223 0.585546875 0.06805555555555555 0.04140625
0 0.8777777777777778 0.644921875 0.1111111111111111 0.05390625
0 0.4798611111111111 0.61796875 0.09027777777777778 0.0546875
0 0.5923611111111111 0.63515625 0.043055555555555555 0.05
0 0.5243055555555556 0.644921875 0.09027777777777778 0.04609375
0 0.08263888888888889 0.65546875 0.06527777777777778 0.0296875
0 0.40069444444444446 0.760546875 0.10138888888888889 0.04921875
0 0.6666666666666666 0.768359375 0.04722222222222222 0.03671875
0 0.48541666666666666 0.871875 0.05694444444444444 0.0484375
0 0.5819444444444445 0.8578125 0.06388888888888888 0.0421875
0 0.8597222222222223 0.89375 0.05 0.034375
0 0.9125 0.834375 0.09166666666666666 0.0359375
0 0.9111111111111111 0.87421875 0.05 0.0359375
0 0.18055555555555555 0.795703125 0.025 0.03359375
0 0.34930555555555554 0.76796875 0.06527777777777778 0.0359375
0 0.5756944444444444 0.405859375 0.02638888888888889 0.02265625
0 0.8979166666666667 0.06484375 0.05416666666666667 0.028125
0 0.11736111111111111 0.455859375 0.04583333333333333 0.01640625
0 0.21319444444444444 0.397265625 0.029166666666666667 0.01796875
0 0.25 0.416796875 0.016666666666666666 0.01015625
0 0.017361111111111112 0.333984375 0.02361111111111111 0.01015625
0 0.8 0.097265625 0.03611111111111111 0.02265625
