0 0.6791666666666667 0.01640625 0.04722222222222222 0.03125
0 0.6270833333333333 0.017578125 0.0625 0.03515625
0 0.5763888888888888 0.02734375 0.06111111111111111 0.0421875
0 0.49375 0.049609375 0.05694444444444444 0.03359375
0 0.51875 0.068359375 0.02638888888888889 0.03046875
0 0.42430555555555555 0.09765625 0.03194444444444444 0.03125
0 0.36319444444444443 0.091796875 0.05694444444444444 0.02890625
0 0.43194444444444446 0.13671875 0.044444444444444446 0.0265625
0 0.4722222222222222 0.128515625 0.044444444444444446 0.01796875
0 0.8138888888888889 0.1203125 0.058333333333333334 0.0265625
0 0.8770833333333333 0.14375 0.05138888888888889 0.028125
0 0.1423611111111111 0.284375 0.04027777777777778 0.0125
0 0.17430555555555555 0.309375 0.04861111111111111 0.028125
0 0.11736111111111111 0.32578125 0.043055555555555555 0.0375
0 0.325 0.367578125 0.07777777777777778 0.02578125
0 0.3861111111111111 0.3625 0.016666666666666666 0.01875
0 0.5354166666666667 0.42109375 0.07083333333333333 0.0359375
0 0.8006944444444445 0.40390625 0.05694444444444444 0.03125
0 0.7361111111111112 0.38671875 0.03333333333333333 0.0296875
0 0.7118055555555556 0.43515625 0.09027777777777778 0.0296875
0 0.6159722222222223 0.45625 0.08194444444444444 0.034375
0 0.6395833333333333 0.48515625 0.04027777777777778 0.0203125
0 0.5722222222222222 0.496875 0.05555555555555555 0.0359375
0 0.34652777777777777 0.535546875 0.034722222222222224 0.01640625
0 0.5020833333333333 0.549609375 0.05416666666666667 0.02109375
0 0.5111111111111111 0.567578125 0.044444444444444446 0.02265625
0 0.8138888888888889 0.640234375 0.04722222222222222 0.02578125
0 0.6361111111111111 0.526953125 0.019444444444444445 0.02265625
0 0.2548611111111111 0.519140625 0.0375 0.01640625
0 0.3326388888888889 0.471484375 0.020833333333333332 0.01484375
0 0.3298611111111111 0.20078125 0.029166666666666667 0.0171875
0 0.30972222222222223 0.4203125 0.05277777777777778 0.021875
0 0.7201388888888889 0.29765625 0.02361111111111111 0.0296875
0 0.019444444444444445 0.334375 0.03888888888888889 0.0234375
0 0.06319444444444444 0.416015625 0.05138888888888889 0.02578125
0 0.017361111111111112 0.431640625 0.03194444444444444 0.02421875
0 0.53125 0.475390625 0.03194444444444444 0.01328125
0 0.08541666666666667 0.5890625 0.034722222222222224 0.0234375
0 0.8506944444444444 0.635546875 0.02638888888888889 0.01796875
0 0.41180555555555554 0.419140625 0.0375 0.02421875
