0 0.4375 0.18359375 0.025 0.0140625
0 0.5229166666666667 0.1578125 0.020833333333333332 0.0109375
0 0.5444444444444444 0.181640625 0.019444444444444445 0.01015625
0 0.5055555555555555 0.19921875 0.019444444444444445 0.0140625
0 0.5458333333333333 0.221484375 0.019444444444444445 0.01171875
0 0.5569444444444445 0.24453125 0.011111111111111112 0.015625
0 0.6131944444444445 0.25234375 0.015277777777777777 0.0140625
0 0.5909722222222222 0.2765625 0.02361111111111111 0.009375
0 0.5604166666666667 0.278515625 0.02638888888888889 0.01796875
0 0.5375 0.259375 0.025 0.0125
0 0.4861111111111111 0.2453125 0.022222222222222223 0.015625
0 0.4638888888888889 0.233203125 0.022222222222222223 0.01015625
0 0.4583333333333333 0.249609375 0.022222222222222223 0.01328125
0 0.40069444444444446 0.240234375 0.0125 0.00703125
0 0.3854166666666667 0.25546875 0.02361111111111111 0.0140625
0 0.41041666666666665 0.257421875 0.02361111111111111 0.01640625
0 0.4027777777777778 0.348828125 0.011111111111111112 0.00859375
0 0.5458333333333333 0.30546875 0.011111111111111112 0.0078125
0 0.5638888888888889 0.30859375 0.011111111111111112 0.0046875
0 0.6506944444444445 0.352734375 0.02638888888888889 0.01640625
0 0.41041666666666665 0.398828125 0.020833333333333332 0.02109375
0 0.36527777777777776 0.398828125 0.011111111111111112 0.01015625
0 0.2375 0.358203125 0.025 0.00859375
0 0.2569444444444444 0.39765625 0.030555555555555555 0.0171875
0 0.16944444444444445 0.365625 0.019444444444444445 0.015625
0 0.15486111111111112 0.38203125 0.02638888888888889 0.0140625
0 0.13055555555555556 0.37890625 0.019444444444444445 0.0125
0 0.21458333333333332 0.513671875 0.015277777777777777 0.00703125
0 0.42569444444444443 0.60234375 0.02361111111111111 0.0109375
0 0.44305555555555554 0.60625 0.008333333333333333 0.0125
0 0.46805555555555556 0.612109375 0.016666666666666666 0.01484375
0 0.49027777777777776 0.578515625 0.019444444444444445 0.01015625
0 0.25763888888888886 0.576171875 0.018055555555555554 0.00859375
0 0.6361111111111111 0.60390625 0.022222222222222223 0.0140625
0 0.011805555555555555 0.676953125 0.02361111111111111 0.01484375
0 0.004861111111111111 0.705078125 0.006944444444444444 0.01328125
0 0.34791666666666665 0.667578125 0.029166666666666667 0.01640625
0 0.5513888888888889 0.663671875 0.016666666666666666 0.00703125
0 0.5569444444444445 0.673046875 0.022222222222222223 0.01484375
0 0.5652777777777778 0.69453125 0.013888888888888888 0.0109375
0 0.5166666666666667 0.6984375 0.016666666666666666 0.0125
0 0.5354166666666667 0.70625 0.020833333333333332 0.0109375
0 0.5576388888888889 0.450390625 0.02638888888888889 0.01484375
0 0.5888888888888889 0.45078125 0.03611111111111111 0.0125
0 0.5618055555555556 0.430078125 0.034722222222222224 0.01640625
0 0.6708333333333333 0.43671875 0.016666666666666666 0.0125
0 0.6263888888888889 0.333203125 0.03333333333333333 0.01640625
0 0.5104166666666666 0.1796875 0.034722222222222224 0.0109375
0 0.7826388888888889 0.427734375 0.02361111111111111 0.01171875
0 0.80625 0.43125 0.020833333333333332 0.0125
0 0.7965277777777777 0.439453125 0.0125 0.00546875
0 0.8138888888888889 0.4578125 0.019444444444444445 0.0078125
0 0.3770833333333333 0.5421875 0.0375 0.01875
0 0.5708333333333333 0.551171875 0.019444444444444445 0.01328125
0 0.5479166666666667 0.549609375 0.029166666666666667 0.01171875
0 0.5486111111111112 0.626171875 0.022222222222222223 0.02734375
0 0.5923611111111111 0.605078125 0.009722222222222222 0.00859375
0 0.3541666666666667 0.59453125 0.025 0.021875
0 0.19375 0.654296875 0.029166666666666667 0.01953125
0 0.5923611111111111 0.66640625 0.02638888888888889 0.009375
0 0.5895833333333333 0.71015625 0.03194444444444444 0.0140625
0 0.6729166666666667 0.714453125 0.029166666666666667 0.01640625
0 0.7798611111111111 0.786328125 0.015277777777777777 0.01328125
0 0.7222222222222222 0.74609375 0.022222222222222223 0.01875
0 0.7104166666666667 0.771875 0.018055555555555554 0.0140625
0 0.6791666666666667 0.700390625 0.027777777777777776 0.01171875
