0 0.5173611111111112 0.155859375 0.05694444444444444 0.01953125
0 0.5861111111111111 0.17109375 0.06111111111111111 0.0296875
0 0.5861111111111111 0.194921875 0.058333333333333334 0.02109375
0 0.5229166666666667 0.193359375 0.06527777777777778 0.03515625
0 0.3506944444444444 0.198828125 0.0625 0.03515625
0 0.6111111111111112 0.24296875 0.05555555555555555 0.0359375
0 0.4895833333333333 0.328125 0.059722222222222225 0.028125
0 0.5326388888888889 0.309765625 0.043055555555555555 0.01640625
0 0.4013888888888889 0.301171875 0.019444444444444445 0.02734375
0 0.5451388888888888 0.3890625 0.06527777777777778 0.0375
0 0.44583333333333336 0.405078125 0.06666666666666667 0.03515625
0 0.5270833333333333 0.41875 0.059722222222222225 0.0234375
0 0.5625 0.4359375 0.06111111111111111 0.0171875
0 0.7118055555555556 0.425390625 0.059722222222222225 0.03359375
0 0.3611111111111111 0.46796875 0.06111111111111111 0.0359375
0 0.24861111111111112 0.49140625 0.03888888888888889 0.021875
0 0.2972222222222222 0.546484375 0.05555555555555555 0.02421875
0 0.5041666666666667 0.57578125 0.041666666666666664 0.025
0 0.6 0.5328125 0.05555555555555555 0.0234375
0 0.15902777777777777 0.562890625 0.04861111111111111 0.03046875
0 0.06527777777777778 0.665625 0.05 0.021875
0 0.27569444444444446 0.680078125 0.05138888888888889 0.03046875
0 0.4201388888888889 0.674609375 0.05138888888888889 0.02578125
0 0.4305555555555556 0.61328125 0.05277777777777778 0.028125
0 0.33958333333333335 0.56015625 0.034722222222222224 0.01875
0 0.5673611111111111 0.6953125 0.04583333333333333 0.0296875
0 0.38263888888888886 0.7984375 0.06805555555555555 0.04375
0 0.6409722222222223 0.6890625 0.043055555555555555 0.015625
0 0.6222222222222222 0.671875 0.06111111111111111 0.0203125
0 0.6965277777777777 0.652734375 0.0375 0.02109375
0 0.8909722222222223 0.67109375 0.05416666666666667 0.028125
0 0.9368055555555556 0.66953125 0.04027777777777778 0.025
0 0.51875 0.2515625 0.029166666666666667 0.0203125
0 0.4986111111111111 0.371484375 0.06666666666666667 0.02421875
0 0.2986111111111111 0.491796875 0.044444444444444446 0.02421875
0 0.31180555555555556 0.60625 0.034722222222222224 0.0171875
0 0.6270833333333333 0.598828125 0.04027777777777778 0.01796875
0 0.5159722222222223 0.4875 0.03194444444444444 0.0125
0 0.7125 0.45234375 0.025 0.0140625
