0 0.5347222222222222 0.120703125 0.041666666666666664 0.03203125
0 0.5722222222222222 0.122265625 0.06111111111111111 0.03671875
0 0.5854166666666667 0.144140625 0.034722222222222224 0.01328125
0 0.5368055555555555 0.216015625 0.0625 0.03671875
0 0.5027777777777778 0.225390625 0.041666666666666664 0.03203125
0 0.43680555555555556 0.31875 0.059722222222222225 0.025
0 0.6215277777777778 0.36171875 0.0625 0.03125
0 0.5590277777777778 0.39140625 0.05416666666666667 0.0359375
0 0.40208333333333335 0.476953125 0.04861111111111111 0.02109375
0 0.5659722222222222 0.428515625 0.02361111111111111 0.01015625
0 0.5701388888888889 0.459375 0.04027777777777778 0.025
0 0.5909722222222222 0.475 0.02361111111111111 0.021875
0 0.6180555555555556 0.48203125 0.041666666666666664 0.021875
0 0.6472222222222223 0.469921875 0.03888888888888889 0.01953125
0 0.6902777777777778 0.48359375 0.05 0.0359375
0 0.7319444444444444 0.46015625 0.03888888888888889 0.0171875
0 0.33958333333333335 0.511328125 0.05138888888888889 0.03359375
0 0.32569444444444445 0.538671875 0.05138888888888889 0.02578125
0 0.39375 0.546875 0.04027777777777778 0.028125
0 0.39375 0.576171875 0.05694444444444444 0.03046875
0 0.3215277777777778 0.562890625 0.05694444444444444 0.02734375
0 0.32083333333333336 0.585546875 0.06388888888888888 0.02109375
0 0.8569444444444444 0.569921875 0.05555555555555555 0.03046875
0 0.6222222222222222 0.61171875 0.025 0.0109375
0 0.4652777777777778 0.673828125 0.06111111111111111 0.02578125
0 0.4222222222222222 0.698828125 0.05555555555555555 0.03359375
0 0.39861111111111114 0.679296875 0.04722222222222222 0.02265625
0 0.3625 0.67109375 0.044444444444444446 0.03125
0 0.31319444444444444 0.650390625 0.029166666666666667 0.01796875
0 0.36180555555555555 0.759765625 0.059722222222222225 0.03515625
0 0.3680555555555556 0.886328125 0.030555555555555555 0.03671875
0 0.4222222222222222 0.88984375 0.058333333333333334 0.0375
0 0.5555555555555556 0.81875 0.041666666666666664 0.01875
0 0.7451388888888889 0.822265625 0.034722222222222224 0.01484375
0 0.41041666666666665 0.359375 0.059722222222222225 0.025
0 0.4791666666666667 0.583203125 0.030555555555555555 0.01796875
0 0.7013888888888888 0.673828125 0.058333333333333334 0.03359375
0 0.5486111111111112 0.850390625 0.019444444444444445 0.01953125
0 0.41944444444444445 0.948828125 0.04722222222222222 0.03828125
0 0.23958333333333334 0.91171875 0.04861111111111111 0.03125
0 0.13680555555555557 0.87578125 0.05138888888888889 0.0296875
