0 0.96875 0.330859375 0.0125 0.01328125
0 0.9826388888888888 0.348828125 0.03194444444444444 0.02421875
0 0.9381944444444444 0.39453125 0.05138888888888889 0.0234375
0 0.8006944444444445 0.478125 0.04027777777777778 0.01875
0 0.9479166666666666 0.5875 0.04027777777777778 0.01875
0 0.9798611111111111 0.603125 0.0375 0.0234375
0 0.9534722222222223 0.6109375 0.043055555555555555 0.01875
0 0.20416666666666666 0.74296875 0.06388888888888888 0.0375
0 0.20347222222222222 0.76796875 0.02638888888888889 0.0140625
0 0.20972222222222223 0.836328125 0.06111111111111111 0.03046875
0 0.08819444444444445 0.546484375 0.04583333333333333 0.01953125
0 0.09375 0.51171875 0.05416666666666667 0.028125
0 0.050694444444444445 0.501953125 0.0375 0.02265625
0 0.08472222222222223 0.473046875 0.03611111111111111 0.02734375
0 0.025694444444444443 0.446484375 0.04583333333333333 0.02578125
0 0.027083333333333334 0.487109375 0.03194444444444444 0.02578125
