0 0.19583333333333333 0.21328125 0.027777777777777776 0.021875
0 0.17777777777777778 0.206640625 0.025 0.02265625
0 0.2861111111111111 0.204296875 0.03333333333333333 0.01640625
0 0.2548611111111111 0.202734375 0.03194444444444444 0.01328125
0 0.21736111111111112 0.223828125 0.02638888888888889 0.01171875
0 0.6263888888888889 0.25625 0.030555555555555555 0.0265625
0 0.6618055555555555 0.250390625 0.043055555555555555 0.02578125
0 0.7381944444444445 0.23203125 0.05138888888888889 0.0203125
0 0.7944444444444444 0.1671875 0.030555555555555555 0.021875
0 0.7861111111111111 0.13984375 0.03333333333333333 0.028125
0 0.7715277777777778 0.12421875 0.034722222222222224 0.0296875
0 0.8354166666666667 0.10703125 0.034722222222222224 0.0296875
0 0.8333333333333334 0.153515625 0.03888888888888889 0.02265625
0 0.8631944444444445 0.27109375 0.05416666666666667 0.0296875
0 0.8013888888888889 0.401171875 0.03888888888888889 0.02890625
0 0.6631944444444444 0.395703125 0.04027777777777778 0.02578125
0 0.8201388888888889 0.449609375 0.05416666666666667 0.02890625
0 0.9423611111111111 0.437109375 0.034722222222222224 0.02265625
0 0.1763888888888889 0.35 0.05 0.0296875
0 0.2388888888888889 0.358984375 0.05 0.02421875
0 0.20069444444444445 0.4171875 0.04583333333333333 0.025
0 0.10694444444444444 0.4828125 0.041666666666666664 0.0296875
0 0.14444444444444443 0.51015625 0.03611111111111111 0.0234375
0 0.27152777777777776 0.460546875 0.04027777777777778 0.02109375
0 0.3333333333333333 0.416796875 0.030555555555555555 0.01484375
0 0.3993055555555556 0.440234375 0.029166666666666667 0.01484375
0 0.2652777777777778 0.52109375 0.05 0.025
0 0.12152777777777778 0.63671875 0.029166666666666667 0.0171875
0 0.07569444444444444 0.663671875 0.02638888888888889 0.01484375
0 0.049305555555555554 0.6546875 0.034722222222222224 0.0140625
0 0.02361111111111111 0.675390625 0.03611111111111111 0.01484375
0 0.07847222222222222 0.679296875 0.043055555555555555 0.01640625
0 0.15069444444444444 0.694921875 0.04027777777777778 0.01484375
0 0.18680555555555556 0.683203125 0.034722222222222224 0.01640625
0 0.3277777777777778 0.7078125 0.030555555555555555 0.015625
0 0.3597222222222222 0.757421875 0.03333333333333333 0.01640625
0 0.4798611111111111 0.759765625 0.02638888888888889 0.01328125
0 0.5006944444444444 0.80546875 0.0375 0.0171875
0 0.7423611111111111 0.657421875 0.034722222222222224 0.01328125
0 0.5909722222222222 0.67421875 0.043055555555555555 0.0203125
0 0.5611111111111111 0.594921875 0.044444444444444446 0.01953125
0 0.4166666666666667 0.664453125 0.03333333333333333 0.01171875
0 0.4756944444444444 0.63125 0.020833333333333332 0.0109375
0 0.3548611111111111 0.397265625 0.043055555555555555 0.01953125
0 0.26805555555555555 0.283984375 0.027777777777777776 0.01328125
0 0.9756944444444444 0.403125 0.029166666666666667 0.01875
0 0.2986111111111111 0.44375 0.025 0.0171875
0 0.40208333333333335 0.409375 0.018055555555555554 0.0140625
0 0.42291666666666666 0.384375 0.02361111111111111 0.0171875
0 0.19236111111111112 0.450390625 0.029166666666666667 0.02265625
0 0.15069444444444444 0.484375 0.04027777777777778 0.0203125
0 0.2 0.476171875 0.05 0.02734375
0 0.21180555555555555 0.509765625 0.02638888888888889 0.01171875
0 0.1951388888888889 0.242578125 0.018055555555555554 0.01015625
0 0.9868055555555556 0.7 0.02361111111111111 0.021875
0 0.29375 0.505078125 0.03194444444444444 0.01953125
