0 0.49444444444444446 0.1921875 0.041666666666666664 0.028125
0 0.27708333333333335 0.345703125 0.03194444444444444 0.02421875
0 0.3111111111111111 0.352734375 0.03888888888888889 0.01484375
0 0.30833333333333335 0.4234375 0.04722222222222222 0.0265625
0 0.31666666666666665 0.454296875 0.044444444444444446 0.02265625
0 0.4895833333333333 0.446484375 0.043055555555555555 0.02265625
0 0.5354166666666667 0.42734375 0.03194444444444444 0.0140625
0 0.59375 0.389453125 0.029166666666666667 0.01796875
0 0.6416666666666667 0.387109375 0.030555555555555555 0.02109375
0 0.69375 0.422265625 0.04027777777777778 0.02890625
0 0.8888888888888888 0.55234375 0.027777777777777776 0.0125
0 0.25555555555555554 0.53671875 0.030555555555555555 0.0234375
0 0.29583333333333334 0.5453125 0.04722222222222222 0.0203125
0 0.2569444444444444 0.611328125 0.05277777777777778 0.02890625
0 0.2951388888888889 0.594921875 0.0375 0.02265625
0 0.28055555555555556 0.650390625 0.04722222222222222 0.02578125
0 0.06041666666666667 0.53359375 0.0375 0.01875
0 0.6243055555555556 0.402734375 0.034722222222222224 0.01953125
0 0.9201388888888888 0.649609375 0.018055555555555554 0.01328125
0 0.7833333333333333 0.66015625 0.022222222222222223 0.0125
0 0.15833333333333333 0.43984375 0.03333333333333333 0.0171875
0 0.22083333333333333 0.4421875 0.03333333333333333 0.0265625
0 0.09305555555555556 0.53203125 0.027777777777777776 0.034375
0 0.5104166666666666 0.596875 0.02361111111111111 0.0078125
0 0.6229166666666667 0.671484375 0.018055555555555554 0.01796875
0 0.5 0.727734375 0.04722222222222222 0.01640625
0 0.6638888888888889 0.60703125 0.011111111111111112 0.021875
0 0.8506944444444444 0.62421875 0.034722222222222224 0.0171875
0 0.8798611111111111 0.653515625 0.05138888888888889 0.02734375
0 0.9236111111111112 0.6703125 0.025 0.025
