0 0.09722222222222222 0.14765625 0.03888888888888889 0.0234375
0 0.12083333333333333 0.184765625 0.03333333333333333 0.01953125
0 0.09027777777777778 0.198828125 0.03333333333333333 0.01796875
0 0.09097222222222222 0.173828125 0.02638888888888889 0.02734375
0 0.14444444444444443 0.297265625 0.041666666666666664 0.02578125
0 0.05347222222222222 0.26171875 0.04583333333333333 0.025
0 0.09027777777777778 0.411328125 0.03333333333333333 0.02265625
0 0.11805555555555555 0.45859375 0.041666666666666664 0.025
0 0.3326388888888889 0.677734375 0.034722222222222224 0.02421875
0 0.36875 0.686328125 0.043055555555555555 0.02578125
0 0.28958333333333336 0.44296875 0.043055555555555555 0.0125
0 0.7826388888888889 0.019921875 0.029166666666666667 0.01953125
0 0.7645833333333333 0.012109375 0.029166666666666667 0.01953125
0 0.7555555555555555 0.030078125 0.041666666666666664 0.02265625
0 0.8416666666666667 0.013671875 0.019444444444444445 0.02109375
0 0.8659722222222223 0.0390625 0.04027777777777778 0.01875
0 0.8027777777777778 0.055859375 0.03888888888888889 0.02734375
0 0.8395833333333333 0.090625 0.043055555555555555 0.0265625
0 0.76875 0.106640625 0.03194444444444444 0.02578125
0 0.7895833333333333 0.1171875 0.04027777777777778 0.025
0 0.79375 0.130078125 0.0375 0.01640625
0 0.8958333333333334 0.11015625 0.044444444444444446 0.0234375
0 0.8618055555555556 0.12421875 0.029166666666666667 0.0234375
0 0.8715277777777778 0.15 0.04027777777777778 0.025
0 0.825 0.15 0.027777777777777776 0.025
0 0.8138888888888889 0.16875 0.025 0.021875
0 0.7777777777777778 0.172265625 0.041666666666666664 0.02578125
0 0.7388888888888889 0.15546875 0.019444444444444445 0.01875
0 0.8020833333333334 0.198046875 0.020833333333333332 0.02109375
0 0.6833333333333333 0.207421875 0.03611111111111111 0.02578125
0 0.6027777777777777 0.248828125 0.04722222222222222 0.02890625
0 0.8770833333333333 0.223046875 0.034722222222222224 0.02421875
0 0.9013888888888889 0.226171875 0.027777777777777776 0.01953125
0 0.7284722222222222 0.24296875 0.03194444444444444 0.015625
0 0.6631944444444444 0.358984375 0.04583333333333333 0.02265625
0 0.5888888888888889 0.36484375 0.030555555555555555 0.021875
0 0.7118055555555556 0.3171875 0.020833333333333332 0.015625
0 0.66875 0.463671875 0.04583333333333333 0.02578125
0 0.7006944444444444 0.461328125 0.020833333333333332 0.01640625
0 0.73125 0.415625 0.02638888888888889 0.015625
0 0.8756944444444444 0.403515625 0.018055555555555554 0.01484375
0 0.8055555555555556 0.471484375 0.041666666666666664 0.02734375
0 0.9375 0.35 0.041666666666666664 0.025
0 0.7680555555555556 0.254296875 0.027777777777777776 0.01484375
0 0.9166666666666666 0.505078125 0.05 0.02265625
0 0.9479166666666666 0.415625 0.02361111111111111 0.0234375
0 0.9305555555555556 0.440625 0.030555555555555555 0.0140625
0 0.8847222222222222 0.45546875 0.019444444444444445 0.0140625
0 0.8902777777777777 0.47890625 0.027777777777777776 0.0171875
0 0.9375 0.58359375 0.044444444444444446 0.0265625
0 0.9430555555555555 0.619921875 0.030555555555555555 0.01328125
0 0.8701388888888889 0.62890625 0.02361111111111111 0.0203125
0 0.8902777777777777 0.691015625 0.03888888888888889 0.02734375
0 0.9333333333333333 0.686328125 0.044444444444444446 0.02578125
0 0.6791666666666667 0.617578125 0.03611111111111111 0.02109375
0 0.7104166666666667 0.611328125 0.03194444444444444 0.01953125
0 0.025 0.412109375 0.03333333333333333 0.01640625
0 0.7423611111111111 0.216796875 0.02361111111111111 0.01484375
0 0.7534722222222222 0.173828125 0.034722222222222224 0.02109375
0 0.8451388888888889 0.476953125 0.04861111111111111 0.02421875
0 0.9840277777777777 0.521875 0.029166666666666667 0.0171875
0 0.7763888888888889 0.625 0.04722222222222222 0.01875
0 0.66875 0.572265625 0.0375 0.01484375
0 0.6479166666666667 0.659375 0.020833333333333332 0.015625
0 0.7986111111111112 0.075 0.019444444444444445 0.0140625
0 0.8416666666666667 0.06015625 0.03888888888888889 0.0265625
0 0.8263888888888888 0.252734375 0.011111111111111112 0.02109375
0 0.61875 0.37109375 0.015277777777777777 0.015625
0 0.9868055555555556 0.384375 0.02361111111111111 0.0234375
0 0.9923611111111111 0.404296875 0.0125 0.01484375
0 0.9270833333333334 0.37265625 0.0625 0.0203125
0 0.9597222222222223 0.384765625 0.03888888888888889 0.02734375
0 0.7069444444444445 0.51796875 0.019444444444444445 0.0140625
