0 0.8104166666666667 0.114453125 0.05416666666666667 0.03046875
0 0.7993055555555556 0.0921875 0.04583333333333333 0.028125
0 0.9298611111111111 0.121875 0.05694444444444444 0.0328125
0 0.2013888888888889 0.132421875 0.03333333333333333 0.02890625
0 0.14027777777777778 0.1640625 0.044444444444444446 0.0203125
0 0.16875 0.126171875 0.03194444444444444 0.01171875
0 0.04097222222222222 0.245703125 0.04583333333333333 0.02578125
0 0.12291666666666666 0.1859375 0.02361111111111111 0.025
0 0.23472222222222222 0.186328125 0.04722222222222222 0.02734375
0 0.11666666666666667 0.259765625 0.03611111111111111 0.01953125
0 0.19722222222222222 0.225390625 0.022222222222222223 0.01640625
0 0.19791666666666666 0.2984375 0.03194444444444444 0.0171875
0 0.7131944444444445 0.215234375 0.04583333333333333 0.02109375
0 0.7618055555555555 0.221484375 0.02638888888888889 0.01171875
0 0.7152777777777778 0.248828125 0.03888888888888889 0.02421875
0 0.7729166666666667 0.241796875 0.043055555555555555 0.03046875
0 0.3798611111111111 0.3203125 0.04027777777777778 0.021875
0 0.39791666666666664 0.3296875 0.043055555555555555 0.01875
0 0.8958333333333334 0.309765625 0.041666666666666664 0.02578125
0 0.17777777777777778 0.377734375 0.04722222222222222 0.01953125
0 0.29930555555555555 0.328515625 0.02361111111111111 0.02421875
0 0.9131944444444444 0.284375 0.034722222222222224 0.021875
0 0.23402777777777778 0.489453125 0.04583333333333333 0.02734375
0 0.025 0.422265625 0.019444444444444445 0.01484375
0 0.7194444444444444 0.49296875 0.044444444444444446 0.0234375
0 0.18888888888888888 0.5703125 0.027777777777777776 0.0171875
0 0.07152777777777777 0.4953125 0.020833333333333332 0.015625
0 0.35833333333333334 0.3828125 0.03611111111111111 0.025
0 0.38333333333333336 0.441796875 0.03611111111111111 0.01796875
0 0.43472222222222223 0.42421875 0.041666666666666664 0.0203125
0 0.6763888888888889 0.32890625 0.030555555555555555 0.0203125
0 0.7951388888888888 0.378125 0.0375 0.0234375
0 0.8222222222222222 0.3765625 0.04722222222222222 0.03125
0 0.8895833333333333 0.394140625 0.034722222222222224 0.01328125
0 0.8451388888888889 0.404296875 0.03194444444444444 0.02109375
0 0.8777777777777778 0.411328125 0.03333333333333333 0.01484375
0 0.6659722222222222 0.386328125 0.0375 0.02421875
0 0.7215277777777778 0.637109375 0.04583333333333333 0.02578125
0 0.6895833333333333 0.540625 0.02638888888888889 0.021875
0 0.7 0.4 0.027777777777777776 0.015625
0 0.22916666666666666 0.34453125 0.025 0.0125
0 0.7680555555555556 0.204296875 0.041666666666666664 0.02890625
0 0.825 0.232421875 0.022222222222222223 0.01640625
0 0.8826388888888889 0.26953125 0.020833333333333332 0.0140625
0 0.9638888888888889 0.3078125 0.022222222222222223 0.01875
0 0.9347222222222222 0.332421875 0.025 0.00859375
0 0.027777777777777776 0.4609375 0.019444444444444445 0.0140625
0 0.9111111111111111 0.3828125 0.019444444444444445 0.0140625
0 0.9701388888888889 0.378515625 0.029166666666666667 0.02265625
0 0.5923611111111111 0.439453125 0.03194444444444444 0.01953125
0 0.044444444444444446 0.67734375 0.041666666666666664 0.0234375
