0 0.7770833333333333 0.212890625 0.059722222222222225 0.03203125
0 0.8152777777777778 0.201171875 0.06944444444444445 0.03515625
0 0.8631944444444445 0.240625 0.05694444444444444 0.025
0 0.9784722222222222 0.2234375 0.0375 0.0265625
0 0.5069444444444444 0.31796875 0.041666666666666664 0.028125
0 0.6069444444444444 0.33203125 0.04722222222222222 0.0234375
0 0.8791666666666667 0.273046875 0.06111111111111111 0.02578125
0 0.9402777777777778 0.296875 0.04722222222222222 0.028125
0 0.9854166666666667 0.284765625 0.02638888888888889 0.02421875
0 0.8208333333333333 0.312109375 0.07777777777777778 0.03671875
0 0.8888888888888888 0.35625 0.03333333333333333 0.0234375
0 0.8541666666666666 0.351953125 0.05 0.03515625
0 0.7375 0.355078125 0.030555555555555555 0.01640625
0 0.7729166666666667 0.41953125 0.05138888888888889 0.0359375
0 0.9895833333333334 0.363671875 0.018055555555555554 0.02421875
0 0.71875 0.43515625 0.043055555555555555 0.0265625
0 0.6798611111111111 0.4671875 0.0375 0.028125
0 0.6326388888888889 0.471484375 0.04861111111111111 0.02578125
0 0.6229166666666667 0.49296875 0.02361111111111111 0.0203125
0 0.5916666666666667 0.500390625 0.05 0.02265625
0 0.5402777777777777 0.498828125 0.041666666666666664 0.03203125
0 0.7722222222222223 0.519140625 0.03888888888888889 0.02109375
0 0.8569444444444444 0.46796875 0.030555555555555555 0.021875
0 0.9236111111111112 0.48046875 0.03611111111111111 0.025
0 0.5861111111111111 0.55234375 0.030555555555555555 0.0265625
0 0.5152777777777777 0.569140625 0.044444444444444446 0.02734375
0 0.03888888888888889 0.591796875 0.06666666666666667 0.02578125
0 0.6805555555555556 0.7765625 0.05555555555555555 0.028125
0 0.6944444444444444 0.826953125 0.06111111111111111 0.03359375
0 0.8527777777777777 0.609375 0.03888888888888889 0.03125
0 0.6840277777777778 0.276953125 0.02361111111111111 0.01796875
0 0.65 0.334765625 0.041666666666666664 0.01171875
0 0.79375 0.362109375 0.020833333333333332 0.02421875
0 0.9805555555555555 0.12734375 0.03611111111111111 0.028125
0 0.9590277777777778 0.3796875 0.05694444444444444 0.021875
0 0.9798611111111111 0.427734375 0.0375 0.01640625
0 0.9895833333333334 0.3984375 0.018055555555555554 0.0296875
0 0.00625 0.530859375 0.0125 0.02578125
0 0.01597222222222222 0.577734375 0.03194444444444444 0.01953125
0 0.034027777777777775 0.70703125 0.06527777777777778 0.0375
0 0.017361111111111112 0.673828125 0.0125 0.02109375
0 0.4409722222222222 0.72734375 0.05694444444444444 0.0328125
0 0.5097222222222222 0.771484375 0.03333333333333333 0.03046875
0 0.55625 0.720703125 0.018055555555555554 0.01015625
0 0.5256944444444445 0.859375 0.05138888888888889 0.0296875
0 0.9625 0.821875 0.05 0.028125
0 0.9722222222222222 0.78515625 0.04722222222222222 0.025
0 0.8951388888888889 0.741015625 0.015277777777777777 0.00703125
0 0.8916666666666667 0.78203125 0.04722222222222222 0.021875
0 0.9694444444444444 0.621875 0.058333333333333334 0.03125
