0 0.38125 0.144921875 0.0375 0.02109375
0 0.43472222222222223 0.158984375 0.041666666666666664 0.02421875
0 0.4701388888888889 0.1625 0.029166666666666667 0.01875
0 0.5027777777777778 0.157421875 0.03333333333333333 0.02109375
0 0.4979166666666667 0.2 0.029166666666666667 0.0203125
0 0.475 0.203125 0.019444444444444445 0.0078125
0 0.4284722222222222 0.175390625 0.02361111111111111 0.01328125
0 0.4041666666666667 0.2640625 0.03888888888888889 0.0171875
0 0.3923611111111111 0.243359375 0.043055555555555555 0.02109375
0 0.43194444444444446 0.292578125 0.027777777777777776 0.01640625
0 0.50625 0.274609375 0.02361111111111111 0.01484375
0 0.5215277777777778 0.266015625 0.02638888888888889 0.01640625
0 0.5333333333333333 0.23515625 0.022222222222222223 0.0125
0 0.36944444444444446 0.277734375 0.025 0.01484375
0 0.35555555555555557 0.27578125 0.013888888888888888 0.0140625
0 0.4861111111111111 0.307421875 0.025 0.01796875
0 0.51875 0.306640625 0.03194444444444444 0.02109375
0 0.4909722222222222 0.325390625 0.03194444444444444 0.01640625
0 0.5125 0.325 0.022222222222222223 0.01875
0 0.44722222222222224 0.536328125 0.044444444444444446 0.02578125
0 0.4236111111111111 0.52734375 0.03888888888888889 0.0125
0 0.5145833333333333 0.486328125 0.04027777777777778 0.02578125
0 0.6625 0.39296875 0.025 0.0140625
0 0.6534722222222222 0.411328125 0.018055555555555554 0.01328125
0 0.6722222222222223 0.422265625 0.03611111111111111 0.01796875
0 0.3840277777777778 0.641796875 0.0375 0.01484375
0 0.29583333333333334 0.48203125 0.03333333333333333 0.015625
0 0.26458333333333334 0.47578125 0.029166666666666667 0.01875
0 0.625 0.63203125 0.027777777777777776 0.015625
0 0.6423611111111112 0.62421875 0.02361111111111111 0.0140625
0 0.6458333333333334 0.609375 0.03611111111111111 0.0203125
0 0.6270833333333333 0.603125 0.02361111111111111 0.0171875
0 0.6173611111111111 0.624609375 0.029166666666666667 0.01328125
0 0.8486111111111111 0.540234375 0.03611111111111111 0.01953125
0 0.8020833333333334 0.453515625 0.034722222222222224 0.02265625
0 0.8215277777777777 0.427734375 0.02638888888888889 0.01640625
0 0.7701388888888889 0.449609375 0.02638888888888889 0.01484375
0 0.7354166666666667 0.398828125 0.029166666666666667 0.01796875
0 0.9875 0.45703125 0.022222222222222223 0.0234375
0 0.9458333333333333 0.421875 0.027777777777777776 0.0109375
0 0.32083333333333336 0.440625 0.03333333333333333 0.0203125
0 0.46041666666666664 0.4453125 0.043055555555555555 0.01875
0 0.7416666666666667 0.465234375 0.03888888888888889 0.01171875
0 0.7 0.608203125 0.022222222222222223 0.01328125
0 0.4826388888888889 0.347265625 0.015277777777777777 0.01640625
0 0.5631944444444444 0.197265625 0.015277777777777777 0.00859375
0 0.9458333333333333 0.24609375 0.04722222222222222 0.0234375
0 0.9479166666666666 0.26171875 0.04027777777777778 0.0125
0 0.9625 0.411328125 0.016666666666666666 0.01328125
0 0.50625 0.16875 0.018055555555555554 0.0109375
0 0.39861111111111114 0.3609375 0.027777777777777776 0.0140625
0 0.0125 0.181640625 0.025 0.02421875
0 0.011111111111111112 0.2484375 0.022222222222222223 0.009375
0 0.018055555555555554 0.260546875 0.03611111111111111 0.01640625
0 0.011805555555555555 0.274609375 0.02361111111111111 0.01328125
0 0.08611111111111111 0.5359375 0.03611111111111111 0.021875
0 0.14930555555555555 0.573828125 0.029166666666666667 0.01796875
0 0.13055555555555556 0.57421875 0.019444444444444445 0.015625
0 0.11736111111111111 0.59296875 0.03194444444444444 0.0171875
0 0.1527777777777778 0.438671875 0.03333333333333333 0.01953125
0 0.1875 0.4390625 0.03611111111111111 0.0203125
0 0.17222222222222222 0.487890625 0.03611111111111111 0.01640625
0 0.8402777777777778 0.72578125 0.044444444444444446 0.028125
0 0.9666666666666667 0.66171875 0.030555555555555555 0.009375
0 0.9833333333333333 0.6734375 0.027777777777777776 0.0171875
0 0.3375 0.451953125 0.027777777777777776 0.01640625
0 0.8361111111111111 0.47421875 0.030555555555555555 0.0140625
