0 0.12430555555555556 0.158203125 0.043055555555555555 0.02109375
0 0.16944444444444445 0.172265625 0.044444444444444446 0.02109375
0 0.16944444444444445 0.1875 0.027777777777777776 0.0109375
0 0.2076388888888889 0.175 0.03194444444444444 0.0203125
0 0.24166666666666667 0.17109375 0.03611111111111111 0.0203125
0 0.21944444444444444 0.2125 0.03611111111111111 0.01875
0 0.13958333333333334 0.25078125 0.04861111111111111 0.0203125
0 0.1451388888888889 0.271875 0.043055555555555555 0.01875
0 0.2604166666666667 0.275390625 0.029166666666666667 0.01640625
0 0.6409722222222223 0.262109375 0.04861111111111111 0.02421875
0 0.7423611111111111 0.309765625 0.034722222222222224 0.02578125
0 0.7472222222222222 0.1984375 0.04722222222222222 0.025
0 0.11805555555555555 0.282421875 0.030555555555555555 0.01484375
0 0.8451388888888889 0.278515625 0.04861111111111111 0.01796875
0 0.7444444444444445 0.269921875 0.027777777777777776 0.01796875
0 0.8 0.175390625 0.041666666666666664 0.02109375
0 0.83125 0.168359375 0.0375 0.02734375
0 0.8125 0.138671875 0.041666666666666664 0.02421875
0 0.85625 0.13359375 0.04027777777777778 0.01875
0 0.6465277777777778 0.27578125 0.03194444444444444 0.0125
0 0.21875 0.3140625 0.02638888888888889 0.0171875
0 0.1875 0.32578125 0.027777777777777776 0.01875
0 0.24930555555555556 0.311328125 0.034722222222222224 0.02109375
0 0.23125 0.330859375 0.0375 0.01640625
0 0.6708333333333333 0.461328125 0.05277777777777778 0.03203125
0 0.7458333333333333 0.40625 0.03611111111111111 0.015625
0 0.9284722222222223 0.32578125 0.06527777777777778 0.028125
0 0.88125 0.411328125 0.03194444444444444 0.01796875
0 0.9229166666666667 0.4171875 0.02638888888888889 0.0171875
0 0.9020833333333333 0.538671875 0.05416666666666667 0.02734375
0 0.8284722222222223 0.57890625 0.05416666666666667 0.03125
0 0.8111111111111111 0.528515625 0.019444444444444445 0.01640625
0 0.3472222222222222 0.6171875 0.03888888888888889 0.0234375
0 0.2111111111111111 0.480078125 0.03611111111111111 0.02890625
0 0.03194444444444444 0.47265625 0.044444444444444446 0.03125
0 0.17291666666666666 0.45625 0.04583333333333333 0.0203125
0 0.8986111111111111 0.636328125 0.06944444444444445 0.03671875
0 0.5305555555555556 0.4265625 0.022222222222222223 0.0171875
0 0.6340277777777777 0.422265625 0.020833333333333332 0.01015625
0 0.40347222222222223 0.42421875 0.034722222222222224 0.0171875
0 0.14166666666666666 0.527734375 0.05555555555555555 0.03046875
0 0.5277777777777778 0.70625 0.03888888888888889 0.0234375
0 0.28402777777777777 0.2546875 0.02638888888888889 0.015625
0 0.8618055555555556 0.200390625 0.04027777777777778 0.03046875
0 0.8041666666666667 0.155859375 0.027777777777777776 0.01953125
0 0.7826388888888889 0.1640625 0.018055555555555554 0.0125
0 0.5055555555555555 0.449609375 0.025 0.01953125
0 0.46944444444444444 0.433984375 0.022222222222222223 0.01484375
0 0.45625 0.398828125 0.029166666666666667 0.01953125
0 0.3875 0.396875 0.03611111111111111 0.015625
0 0.34652777777777777 0.394140625 0.020833333333333332 0.01171875
0 0.12222222222222222 0.629296875 0.025 0.01796875
0 0.05 0.65546875 0.03888888888888889 0.01875
0 0.375 0.595703125 0.025 0.01171875
0 0.6583333333333333 0.6515625 0.019444444444444445 0.0171875
0 0.88125 0.48125 0.02361111111111111 0.0203125
0 0.9784722222222222 0.390234375 0.02361111111111111 0.01640625
0 0.99375 0.358203125 0.009722222222222222 0.02109375
0 0.95 0.35625 0.019444444444444445 0.0171875
0 0.23125 0.353125 0.018055555555555554 0.0140625
