0 0.1423611111111111 0.016015625 0.059722222222222225 0.03046875
0 0.15833333333333333 0.044140625 0.05 0.03515625
0 0.0875 0.071484375 0.05 0.02890625
0 0.17152777777777778 0.09296875 0.04861111111111111 0.028125
0 0.30694444444444446 0.072265625 0.03611111111111111 0.01796875
0 0.3645833333333333 0.079296875 0.02638888888888889 0.01953125
0 0.39305555555555555 0.077734375 0.030555555555555555 0.01953125
0 0.4423611111111111 0.10859375 0.029166666666666667 0.01875
0 0.4875 0.091015625 0.03611111111111111 0.02109375
0 0.5270833333333333 0.103515625 0.029166666666666667 0.02109375
0 0.6298611111111111 0.096484375 0.0375 0.02109375
0 0.7652777777777777 0.0859375 0.03888888888888889 0.0234375
0 0.7979166666666667 0.053515625 0.04027777777777778 0.02109375
0 0.11388888888888889 0.105859375 0.016666666666666666 0.01484375
0 0.18611111111111112 0.155859375 0.03333333333333333 0.01640625
0 0.24861111111111112 0.158984375 0.030555555555555555 0.01328125
0 0.28402777777777777 0.140234375 0.02361111111111111 0.01484375
0 0.34930555555555554 0.14296875 0.020833333333333332 0.0140625
0 0.39166666666666666 0.143359375 0.030555555555555555 0.01484375
0 0.42569444444444443 0.150390625 0.0375 0.02421875
0 0.46041666666666664 0.148828125 0.03194444444444444 0.02109375
0 0.5444444444444444 0.14140625 0.03888888888888889 0.025
0 0.5375 0.16171875 0.058333333333333334 0.025
0 0.5201388888888889 0.18203125 0.03194444444444444 0.0125
0 0.15138888888888888 0.2109375 0.030555555555555555 0.0140625
0 0.23680555555555555 0.222265625 0.059722222222222225 0.03828125
0 0.2520833333333333 0.176953125 0.03194444444444444 0.01328125
0 0.07916666666666666 0.2796875 0.03888888888888889 0.025
0 0.12638888888888888 0.28125 0.05555555555555555 0.025
0 0.02638888888888889 0.248046875 0.030555555555555555 0.01484375
0 0.03958333333333333 0.3 0.034722222222222224 0.0140625
0 0.13333333333333333 0.309765625 0.06388888888888888 0.03828125
0 0.19305555555555556 0.311328125 0.06111111111111111 0.04296875
0 0.23402777777777778 0.34921875 0.05694444444444444 0.021875
0 0.27152777777777776 0.316796875 0.05694444444444444 0.03203125
0 0.24791666666666667 0.278125 0.02361111111111111 0.015625
0 0.3388888888888889 0.29453125 0.030555555555555555 0.0234375
0 0.35625 0.292578125 0.02361111111111111 0.01484375
0 0.3875 0.292578125 0.04722222222222222 0.03046875
0 0.41597222222222224 0.302734375 0.0375 0.03359375
0 0.48680555555555555 0.31796875 0.015277777777777777 0.0078125
0 0.49930555555555556 0.225390625 0.04027777777777778 0.03046875
0 0.5381944444444444 0.22421875 0.034722222222222224 0.028125
0 0.5666666666666667 0.233203125 0.03888888888888889 0.02734375
0 0.5256944444444445 0.25078125 0.04861111111111111 0.021875
0 0.5972222222222222 0.2515625 0.016666666666666666 0.015625
0 0.6173611111111111 0.268359375 0.034722222222222224 0.02734375
0 0.6527777777777778 0.246484375 0.041666666666666664 0.02578125
0 0.6569444444444444 0.221484375 0.044444444444444446 0.01953125
0 0.61875 0.208984375 0.034722222222222224 0.02421875
0 0.6611111111111111 0.175 0.030555555555555555 0.028125
0 0.6395833333333333 0.1671875 0.015277777777777777 0.0140625
0 0.73125 0.1546875 0.043055555555555555 0.0171875
0 0.6916666666666667 0.184765625 0.03888888888888889 0.01796875
0 0.8743055555555556 0.14453125 0.04861111111111111 0.0265625
0 0.9416666666666667 0.0375 0.04722222222222222 0.025
0 0.9916666666666667 0.15 0.013888888888888888 0.021875
0 0.7479166666666667 0.210546875 0.0375 0.02578125
0 0.7590277777777777 0.228125 0.04583333333333333 0.0234375
0 0.7569444444444444 0.25 0.03611111111111111 0.015625
0 0.8729166666666667 0.266015625 0.03194444444444444 0.02421875
0 0.9020833333333333 0.273828125 0.034722222222222224 0.02265625
0 0.9305555555555556 0.283203125 0.019444444444444445 0.01796875
0 0.9347222222222222 0.2390625 0.025 0.015625
0 0.9618055555555556 0.20625 0.04027777777777778 0.01875
0 0.9131944444444444 0.199609375 0.043055555555555555 0.02734375
0 0.9284722222222223 0.175390625 0.034722222222222224 0.00859375
0 0.8270833333333333 0.43125 0.034722222222222224 0.0265625
0 0.8611111111111112 0.44296875 0.03611111111111111 0.0234375
0 0.5270833333333333 0.447265625 0.05138888888888889 0.03046875
0 0.42569444444444443 0.390234375 0.05694444444444444 0.02890625
0 0.48194444444444445 0.351953125 0.04722222222222222 0.02265625
0 0.5659722222222222 0.37109375 0.02361111111111111 0.0109375
0 0.3298611111111111 0.326171875 0.04027777777777778 0.03359375
0 0.022916666666666665 0.4234375 0.043055555555555555 0.046875
0 0.07013888888888889 0.410546875 0.0625 0.02578125
0 0.1763888888888889 0.4328125 0.03333333333333333 0.0171875
0 0.30625 0.408984375 0.03194444444444444 0.01484375
0 0.33055555555555555 0.366796875 0.041666666666666664 0.02421875
0 0.08402777777777778 0.45078125 0.06527777777777778 0.0359375
0 0.08125 0.491796875 0.0625 0.03203125
0 0.2652777777777778 0.53984375 0.058333333333333334 0.03125
0 0.3236111111111111 0.50859375 0.030555555555555555 0.01875
0 0.058333333333333334 0.592578125 0.06111111111111111 0.03203125
0 0.13819444444444445 0.60078125 0.04583333333333333 0.0234375
0 0.06944444444444445 0.659375 0.06111111111111111 0.0296875
0 0.11944444444444445 0.751171875 0.06111111111111111 0.03359375
0 0.09444444444444444 0.848828125 0.04722222222222222 0.02734375
0 0.16805555555555557 0.881640625 0.03611111111111111 0.02734375
0 0.33958333333333335 0.816796875 0.02361111111111111 0.03046875
0 0.3388888888888889 0.773046875 0.06388888888888888 0.03828125
0 0.4027777777777778 0.637109375 0.08888888888888889 0.04765625
0 0.40555555555555556 0.6015625 0.08333333333333333 0.0359375
0 0.4708333333333333 0.64140625 0.025 0.01875
0 0.44583333333333336 0.7546875 0.07777777777777778 0.05625
0 0.5395833333333333 0.70390625 0.043055555555555555 0.0171875
0 0.5923611111111111 0.698046875 0.0375 0.03359375
0 0.4215277777777778 0.846484375 0.07361111111111111 0.04453125
0 0.5076388888888889 0.846875 0.09305555555555556 0.0515625
0 0.4798611111111111 0.88515625 0.07083333333333333 0.028125
0 0.7083333333333334 0.809765625 0.058333333333333334 0.03203125
0 0.7902777777777777 0.8390625 0.06111111111111111 0.040625
0 0.8472222222222222 0.799609375 0.03888888888888889 0.02734375
0 0.8680555555555556 0.782421875 0.04722222222222222 0.02578125
0 0.8506944444444444 0.834765625 0.059722222222222225 0.03046875
0 0.9868055555555556 0.821875 0.02361111111111111 0.021875
0 0.7118055555555556 0.6890625 0.08472222222222223 0.0421875
0 0.6784722222222223 0.613671875 0.02361111111111111 0.01015625
0 0.8083333333333333 0.611328125 0.03611111111111111 0.01796875
