0 0.8958333333333334 0.083203125 0.04722222222222222 0.02578125
0 0.9347222222222222 0.066796875 0.03888888888888889 0.02734375
0 0.95625 0.042578125 0.04583333333333333 0.02890625
0 0.9784722222222222 0.078515625 0.02361111111111111 0.01953125
0 0.9118055555555555 0.1578125 0.03194444444444444 0.01875
0 0.9402777777777778 0.1484375 0.030555555555555555 0.0171875
0 0.93125 0.191015625 0.02638888888888889 0.01640625
0 0.9645833333333333 0.223046875 0.04583333333333333 0.02265625
0 0.9208333333333333 0.184375 0.027777777777777776 0.015625
0 0.8923611111111112 0.176953125 0.02638888888888889 0.01484375
0 0.8166666666666667 0.237109375 0.03888888888888889 0.02265625
0 0.9006944444444445 0.261328125 0.04027777777777778 0.02109375
0 0.94375 0.299609375 0.0375 0.01953125
0 0.8034722222222223 0.283203125 0.03194444444444444 0.01953125
0 0.7486111111111111 0.30546875 0.03611111111111111 0.021875
0 0.7194444444444444 0.2890625 0.019444444444444445 0.0109375
0 0.5451388888888888 0.278515625 0.029166666666666667 0.01796875
0 0.4625 0.307421875 0.03611111111111111 0.01640625
0 0.5409722222222222 0.31484375 0.02638888888888889 0.0109375
0 0.6652777777777777 0.33828125 0.03333333333333333 0.01875
0 0.013194444444444444 0.233984375 0.02361111111111111 0.02421875
0 0.035416666666666666 0.248828125 0.03194444444444444 0.01484375
0 0.025 0.284375 0.022222222222222223 0.01875
0 0.04652777777777778 0.305859375 0.0375 0.02265625
0 0.08472222222222223 0.316015625 0.027777777777777776 0.01640625
0 0.03611111111111111 0.337890625 0.027777777777777776 0.01796875
0 0.011805555555555555 0.33515625 0.020833333333333332 0.015625
0 0.08055555555555556 0.34765625 0.03611111111111111 0.0171875
0 0.32569444444444445 0.3328125 0.03194444444444444 0.0171875
0 0.34375 0.3390625 0.02361111111111111 0.015625
0 0.10069444444444445 0.37890625 0.0375 0.01875
0 0.2 0.373828125 0.044444444444444446 0.02421875
0 0.2361111111111111 0.370703125 0.03611111111111111 0.01953125
0 0.18819444444444444 0.408984375 0.0375 0.02265625
0 0.08194444444444444 0.44765625 0.03611111111111111 0.01875
0 0.18125 0.425390625 0.0375 0.01953125
0 0.21666666666666667 0.433203125 0.03611111111111111 0.01640625
0 0.5395833333333333 0.422265625 0.0375 0.02265625
0 0.5875 0.3671875 0.03333333333333333 0.0203125
0 0.6402777777777777 0.396484375 0.03333333333333333 0.01640625
0 0.6958333333333333 0.3859375 0.03611111111111111 0.0203125
0 0.7041666666666667 0.399609375 0.019444444444444445 0.01328125
0 0.1361111111111111 0.469921875 0.025 0.00859375
0 0.08402777777777778 0.490625 0.034722222222222224 0.021875
0 0.11805555555555555 0.493359375 0.03611111111111111 0.01484375
0 0.12291666666666666 0.511328125 0.03194444444444444 0.01328125
0 0.16319444444444445 0.525 0.034722222222222224 0.0171875
0 0.11805555555555555 0.5703125 0.03611111111111111 0.0171875
0 0.14444444444444443 0.585546875 0.03888888888888889 0.01953125
0 0.19444444444444445 0.590625 0.03888888888888889 0.021875
0 0.27361111111111114 0.5640625 0.04722222222222222 0.021875
0 0.5465277777777777 0.686328125 0.09027777777777778 0.05234375
0 0.5013888888888889 0.662109375 0.041666666666666664 0.04296875
0 0.49444444444444446 0.687890625 0.025 0.02109375
0 0.45069444444444445 0.7015625 0.04027777777777778 0.0265625
0 0.5923611111111111 0.74765625 0.05416666666666667 0.0265625
0 0.6583333333333333 0.737890625 0.05555555555555555 0.02734375
0 0.7576388888888889 0.695703125 0.04027777777777778 0.01328125
0 0.9729166666666667 0.8015625 0.05138888888888889 0.0375
0 0.6826388888888889 0.651171875 0.043055555555555555 0.01328125
0 0.7090277777777778 0.63125 0.0625 0.0296875
0 0.6590277777777778 0.5890625 0.02638888888888889 0.01875
0 0.7625 0.6109375 0.058333333333333334 0.0390625
0 0.8402777777777778 0.64375 0.08333333333333333 0.0359375
0 0.8965277777777778 0.602734375 0.07083333333333333 0.06015625
0 0.9208333333333333 0.642578125 0.03888888888888889 0.02421875
0 0.7736111111111111 0.6515625 0.05555555555555555 0.0265625
0 0.4236111111111111 0.523828125 0.03888888888888889 0.01953125
0 0.41944444444444445 0.564453125 0.06388888888888888 0.03046875
0 0.5173611111111112 0.534375 0.05138888888888889 0.0328125
0 0.6618055555555555 0.542578125 0.05138888888888889 0.02890625
0 0.9118055555555555 0.54140625 0.07361111111111111 0.0328125
0 0.9090277777777778 0.5046875 0.015277777777777777 0.0125
0 0.56875 0.433984375 0.02638888888888889 0.01640625
0 0.6208333333333333 0.415234375 0.022222222222222223 0.01640625
0 0.8902777777777777 0.432421875 0.041666666666666664 0.02578125
0 0.9222222222222223 0.445703125 0.03611111111111111 0.03046875
0 0.9833333333333333 0.43828125 0.030555555555555555 0.0171875
0 0.8791666666666667 0.37734375 0.04722222222222222 0.021875
0 0.9208333333333333 0.37578125 0.03333333333333333 0.021875
0 0.9888888888888889 0.37421875 0.019444444444444445 0.0234375
