0 0.20972222222222223 0.578125 0.044444444444444446 0.0203125
0 0.16944444444444445 0.586328125 0.027777777777777776 0.02421875
0 0.21458333333333332 0.555859375 0.0125 0.01484375
0 0.225 0.5390625 0.041666666666666664 0.015625
0 0.7347222222222223 0.59296875 0.03333333333333333 0.0296875
0 0.6798611111111111 0.586328125 0.020833333333333332 0.02265625
0 0.9854166666666667 0.646484375 0.02638888888888889 0.02890625
0 0.9625 0.5765625 0.03611111111111111 0.021875
0 0.9416666666666667 0.5890625 0.044444444444444446 0.0125
0 0.10347222222222222 0.495703125 0.034722222222222224 0.02109375
0 0.09236111111111112 0.480078125 0.029166666666666667 0.01640625
0 0.05 0.44765625 0.03888888888888889 0.01875
0 0.11736111111111111 0.447265625 0.0375 0.01484375
0 0.12222222222222222 0.426171875 0.022222222222222223 0.01640625
0 0.32708333333333334 0.451171875 0.02361111111111111 0.01484375
0 0.8069444444444445 0.458984375 0.03333333333333333 0.00859375
0 0.38055555555555554 0.438671875 0.027777777777777776 0.01484375
0 0.35694444444444445 0.4296875 0.03611111111111111 0.015625
0 0.04791666666666667 0.395703125 0.034722222222222224 0.01328125
0 0.04027777777777778 0.32421875 0.030555555555555555 0.0140625
0 0.19652777777777777 0.38984375 0.03194444444444444 0.009375
0 0.2465277777777778 0.38828125 0.02361111111111111 0.015625
0 0.24027777777777778 0.3734375 0.030555555555555555 0.015625
0 0.425 0.35078125 0.041666666666666664 0.0203125
0 0.4930555555555556 0.394140625 0.03611111111111111 0.01796875
0 0.5270833333333333 0.371875 0.03194444444444444 0.01875
0 0.5034722222222222 0.372265625 0.02638888888888889 0.01484375
0 0.5305555555555556 0.43125 0.027777777777777776 0.0140625
0 0.5326388888888889 0.416796875 0.034722222222222224 0.01328125
0 0.41041666666666665 0.4453125 0.029166666666666667 0.0125
0 0.75 0.463671875 0.025 0.01640625
0 0.6444444444444445 0.408984375 0.03888888888888889 0.01953125
0 0.7131944444444445 0.3625 0.03194444444444444 0.021875
0 0.5881944444444445 0.396484375 0.03194444444444444 0.01484375
0 0.8958333333333334 0.308203125 0.041666666666666664 0.02421875
0 0.9409722222222222 0.312890625 0.05138888888888889 0.02734375
0 0.9541666666666667 0.366015625 0.041666666666666664 0.01953125
0 0.8847222222222222 0.36796875 0.022222222222222223 0.0140625
0 0.8222222222222222 0.392578125 0.027777777777777776 0.01796875
0 0.7916666666666666 0.388671875 0.030555555555555555 0.01796875
0 0.9381944444444444 0.351953125 0.034722222222222224 0.01328125
0 0.21180555555555555 0.248046875 0.02361111111111111 0.01484375
0 0.2652777777777778 0.328515625 0.027777777777777776 0.01171875
0 0.7215277777777778 0.27890625 0.04861111111111111 0.0203125
0 0.9166666666666666 0.29140625 0.05277777777777778 0.028125
0 0.9645833333333333 0.276171875 0.04861111111111111 0.02734375
0 0.9298611111111111 0.201171875 0.043055555555555555 0.01328125
0 0.9361111111111111 0.169921875 0.030555555555555555 0.02734375
0 0.8847222222222222 0.16328125 0.030555555555555555 0.0265625
