0 0.12430555555555556 0.709375 0.03194444444444444 0.021875
0 0.5694444444444444 0.534765625 0.03611111111111111 0.01171875
0 0.5583333333333333 0.5234375 0.03611111111111111 0.0078125
0 0.02847222222222222 0.57734375 0.034722222222222224 0.0171875
0 0.07013888888888889 0.48125 0.04583333333333333 0.025
0 0.03263888888888889 0.49453125 0.03194444444444444 0.0109375
0 0.0625 0.43671875 0.03611111111111111 0.015625
0 0.050694444444444445 0.398046875 0.034722222222222224 0.02109375
0 0.050694444444444445 0.298828125 0.04027777777777778 0.02421875
0 0.5416666666666666 0.300390625 0.03333333333333333 0.02578125
0 0.5770833333333333 0.308984375 0.04861111111111111 0.02578125
0 0.5305555555555556 0.232421875 0.027777777777777776 0.01953125
0 0.4083333333333333 0.1640625 0.044444444444444446 0.0296875
0 0.38055555555555554 0.182421875 0.044444444444444446 0.02265625
0 0.3368055555555556 0.180859375 0.043055555555555555 0.02421875
0 0.3923611111111111 0.210546875 0.034722222222222224 0.02578125
0 0.35138888888888886 0.1546875 0.05277777777777778 0.0171875
0 0.05694444444444444 0.41875 0.06388888888888888 0.0234375
0 0.3 0.76796875 0.044444444444444446 0.028125
0 0.1451388888888889 0.803515625 0.05416666666666667 0.03046875
0 0.9506944444444444 0.690234375 0.02638888888888889 0.01484375
0 0.9722222222222222 0.62109375 0.019444444444444445 0.0140625
