0 0.16458333333333333 0.465625 0.0375 0.01875
0 0.44375 0.493359375 0.034722222222222224 0.01484375
0 0.5125 0.4921875 0.03611111111111111 0.0140625
0 0.9354166666666667 0.51328125 0.02638888888888889 0.015625
0 0.9041666666666667 0.50625 0.022222222222222223 0.0171875
0 0.7395833333333334 0.488671875 0.029166666666666667 0.01796875
0 0.6215277777777778 0.452734375 0.02638888888888889 0.02109375
0 0.6631944444444444 0.358984375 0.03194444444444444 0.01640625
0 0.9055555555555556 0.3765625 0.03611111111111111 0.0203125
0 0.6673611111111111 0.425390625 0.018055555555555554 0.01796875
0 0.6534722222222222 0.4078125 0.029166666666666667 0.0140625
0 0.6270833333333333 0.426953125 0.029166666666666667 0.01015625
0 0.3625 0.29609375 0.027777777777777776 0.015625
0 0.30277777777777776 0.341796875 0.027777777777777776 0.01328125
0 0.2902777777777778 0.308984375 0.030555555555555555 0.01484375
0 0.052083333333333336 0.2953125 0.03194444444444444 0.015625
0 0.06111111111111111 0.28203125 0.025 0.0140625
0 0.9756944444444444 0.424609375 0.03194444444444444 0.01640625
0 0.5583333333333333 0.460546875 0.030555555555555555 0.01640625
0 0.7291666666666666 0.27265625 0.03888888888888889 0.021875
0 0.13402777777777777 0.179296875 0.02361111111111111 0.01640625
0 0.2638888888888889 0.23046875 0.027777777777777776 0.0203125
0 0.2798611111111111 0.212109375 0.02361111111111111 0.01328125
0 0.11180555555555556 0.15703125 0.029166666666666667 0.015625
0 0.0875 0.165625 0.022222222222222223 0.015625
0 0.08333333333333333 0.180078125 0.027777777777777776 0.01484375
0 0.35 0.261328125 0.027777777777777776 0.01328125
0 0.5104166666666666 0.465625 0.018055555555555554 0.015625
0 0.8152777777777778 0.40078125 0.027777777777777776 0.0140625
0 0.011111111111111112 0.18359375 0.022222222222222223 0.0171875
0 0.17083333333333334 0.47578125 0.03611111111111111 0.0109375
0 0.022222222222222223 0.334765625 0.030555555555555555 0.01484375
0 0.06111111111111111 0.1953125 0.019444444444444445 0.0140625
0 0.07291666666666667 0.20859375 0.02361111111111111 0.0125
0 0.13958333333333334 0.2 0.02638888888888889 0.0109375
0 0.06736111111111111 0.145703125 0.018055555555555554 0.01328125
0 0.25972222222222224 0.255859375 0.03333333333333333 0.01796875
0 0.18263888888888888 0.239453125 0.02361111111111111 0.00859375
0 0.39791666666666664 0.316015625 0.02361111111111111 0.01484375
0 0.4222222222222222 0.3171875 0.022222222222222223 0.00625
0 0.4486111111111111 0.362109375 0.025 0.01171875
0 0.9465277777777777 0.38046875 0.020833333333333332 0.0140625
0 0.5020833333333333 0.52734375 0.0125 0.0125
0 0.5027777777777778 0.54453125 0.03611111111111111 0.0171875
0 0.88125 0.508984375 0.02361111111111111 0.01953125
0 0.9583333333333334 0.426171875 0.025 0.01484375
0 0.9756944444444444 0.39609375 0.02361111111111111 0.009375
0 0.6395833333333333 0.475390625 0.020833333333333332 0.01328125
0 0.6770833333333334 0.466015625 0.02361111111111111 0.01640625
0 0.6840277777777778 0.364453125 0.015277777777777777 0.01328125
0 0.7888888888888889 0.384375 0.04722222222222222 0.0203125
