0 0.48819444444444443 0.038671875 0.04583333333333333 0.02890625
0 0.5034722222222222 0.04375 0.03194444444444444 0.0234375
0 0.35694444444444445 0.151953125 0.044444444444444446 0.02421875
0 0.2763888888888889 0.1984375 0.05 0.0265625
0 0.3951388888888889 0.15546875 0.03194444444444444 0.0234375
0 0.4340277777777778 0.156640625 0.04027777777777778 0.02578125
0 0.4708333333333333 0.198046875 0.03333333333333333 0.01953125
0 0.4736111111111111 0.234765625 0.05 0.02890625
0 0.42986111111111114 0.240625 0.04027777777777778 0.0296875
0 0.3 0.242578125 0.04722222222222222 0.02890625
0 0.3388888888888889 0.2484375 0.044444444444444446 0.0296875
0 0.4027777777777778 0.270703125 0.04722222222222222 0.02890625
0 0.5173611111111112 0.23359375 0.029166666666666667 0.0203125
0 0.2902777777777778 0.32421875 0.05 0.028125
0 0.4423611111111111 0.30390625 0.04027777777777778 0.025
0 0.4076388888888889 0.30390625 0.034722222222222224 0.0234375
0 0.4701388888888889 0.32890625 0.03194444444444444 0.021875
0 0.3486111111111111 0.340234375 0.03333333333333333 0.02109375
0 0.3861111111111111 0.399609375 0.044444444444444446 0.03203125
0 0.31875 0.382421875 0.043055555555555555 0.02734375
0 0.5888888888888889 0.423046875 0.041666666666666664 0.02890625
0 0.5611111111111111 0.44140625 0.044444444444444446 0.0234375
0 0.5055555555555555 0.468359375 0.044444444444444446 0.02421875
0 0.35208333333333336 0.47734375 0.04027777777777778 0.0234375
0 0.3388888888888889 0.45546875 0.044444444444444446 0.025
0 0.2972222222222222 0.46875 0.06111111111111111 0.0265625
0 0.3625 0.725390625 0.06666666666666667 0.03671875
0 0.7923611111111111 0.64765625 0.059722222222222225 0.034375
0 0.8020833333333334 0.68359375 0.04583333333333333 0.025
0 0.5826388888888889 0.565234375 0.0375 0.02109375
0 0.5451388888888888 0.572265625 0.034722222222222224 0.01953125
0 0.33125 0.56328125 0.05138888888888889 0.025
0 0.5395833333333333 0.5921875 0.04027777777777778 0.021875
0 0.5854166666666667 0.612109375 0.043055555555555555 0.03203125
0 0.21180555555555555 0.623828125 0.029166666666666667 0.02734375
0 0.18680555555555556 0.611328125 0.04861111111111111 0.02734375
0 0.8548611111111111 0.5515625 0.04583333333333333 0.0234375
0 0.4798611111111111 0.38203125 0.0375 0.0234375
0 0.23402777777777778 0.405859375 0.04861111111111111 0.01953125
0 0.50625 0.41875 0.05138888888888889 0.021875
0 0.14444444444444443 0.46484375 0.03611111111111111 0.01875
0 0.11319444444444444 0.469921875 0.0375 0.02578125
0 0.5673611111111111 0.251171875 0.020833333333333332 0.01484375
0 0.35694444444444445 0.49453125 0.022222222222222223 0.0140625
0 0.31319444444444444 0.4953125 0.02361111111111111 0.025
0 0.7791666666666667 0.698046875 0.03333333333333333 0.01640625
0 0.4041666666666667 0.72265625 0.03611111111111111 0.028125
0 0.9472222222222222 0.6109375 0.041666666666666664 0.0140625
0 0.9868055555555556 0.674609375 0.02361111111111111 0.02890625
0 0.9902777777777778 0.52890625 0.016666666666666666 0.015625
0 0.9395833333333333 0.4703125 0.029166666666666667 0.01875
