0 0.28194444444444444 0.527734375 0.041666666666666664 0.02421875
0 0.5583333333333333 0.36171875 0.030555555555555555 0.0265625
0 0.6381944444444444 0.366796875 0.034722222222222224 0.01953125
0 0.6152777777777778 0.490625 0.03611111111111111 0.0171875
0 0.5583333333333333 0.440234375 0.03611111111111111 0.01796875
0 0.5513888888888889 0.464453125 0.041666666666666664 0.01953125
0 0.5159722222222223 0.426171875 0.02638888888888889 0.01484375
0 0.20069444444444445 0.5453125 0.04861111111111111 0.021875
0 0.39652777777777776 0.662890625 0.034722222222222224 0.02265625
0 0.4263888888888889 0.658984375 0.03333333333333333 0.02265625
0 0.4027777777777778 0.682421875 0.030555555555555555 0.01640625
0 0.36875 0.65390625 0.02638888888888889 0.0171875
0 0.17430555555555555 0.556640625 0.034722222222222224 0.02109375
0 0.5222222222222223 0.3578125 0.030555555555555555 0.015625
0 0.6048611111111111 0.6265625 0.029166666666666667 0.0203125
0 0.6368055555555555 0.625390625 0.02361111111111111 0.02109375
0 0.6131944444444445 0.3703125 0.03194444444444444 0.0234375
0 0.45069444444444445 0.53046875 0.015277777777777777 0.015625
0 0.7659722222222223 0.681640625 0.04583333333333333 0.02890625
0 0.2569444444444444 0.590234375 0.016666666666666666 0.01328125
0 0.21388888888888888 0.56484375 0.03888888888888889 0.015625
0 0.03611111111111111 0.58984375 0.03333333333333333 0.015625
0 0.08819444444444445 0.585546875 0.020833333333333332 0.00859375
0 0.4201388888888889 0.566796875 0.02638888888888889 0.01484375
