0 0.4909722222222222 0.106640625 0.04861111111111111 0.02734375
0 0.5125 0.09453125 0.044444444444444446 0.0296875
0 0.4875 0.129296875 0.03888888888888889 0.01796875
0 0.36041666666666666 0.171484375 0.034722222222222224 0.02109375
0 0.5368055555555555 0.210546875 0.05138888888888889 0.03203125
0 0.45694444444444443 0.238671875 0.05277777777777778 0.02890625
0 0.5868055555555556 0.25 0.05138888888888889 0.025
0 0.3145833333333333 0.3390625 0.059722222222222225 0.025
0 0.3173611111111111 0.365625 0.05694444444444444 0.03125
0 0.36666666666666664 0.37890625 0.05277777777777778 0.0328125
0 0.5333333333333333 0.280078125 0.041666666666666664 0.03046875
0 0.28541666666666665 0.419140625 0.05416666666666667 0.02890625
0 0.4236111111111111 0.433203125 0.058333333333333334 0.02734375
0 0.32222222222222224 0.407421875 0.03611111111111111 0.02109375
0 0.44305555555555554 0.312890625 0.025 0.02109375
0 0.49722222222222223 0.29453125 0.022222222222222223 0.0296875
0 0.5819444444444445 0.377734375 0.05555555555555555 0.02734375
0 0.6583333333333333 0.358203125 0.05277777777777778 0.03203125
0 0.4222222222222222 0.455078125 0.025 0.01640625
0 0.2152777777777778 0.564453125 0.04722222222222222 0.02109375
0 0.3798611111111111 0.59296875 0.0625 0.03125
0 0.4076388888888889 0.5390625 0.05138888888888889 0.03125
0 0.4597222222222222 0.539453125 0.058333333333333334 0.02734375
0 0.5388888888888889 0.528515625 0.058333333333333334 0.02265625
0 0.5395833333333333 0.715625 0.029166666666666667 0.0359375
0 0.6625 0.641796875 0.044444444444444446 0.02421875
0 0.5902777777777778 0.5875 0.030555555555555555 0.0234375
0 0.6319444444444444 0.559765625 0.04722222222222222 0.02890625
0 0.6326388888888889 0.616015625 0.05138888888888889 0.02109375
0 0.1284722222222222 0.788671875 0.09583333333333334 0.05390625
0 0.5055555555555555 0.8265625 0.027777777777777776 0.03125
0 0.7722222222222223 0.833984375 0.058333333333333334 0.02734375
0 0.85 0.86796875 0.06388888888888888 0.0296875
0 0.23055555555555557 0.365625 0.041666666666666664 0.0125
0 0.5861111111111111 0.27421875 0.027777777777777776 0.0125
0 0.5256944444444445 0.378515625 0.029166666666666667 0.01171875
0 0.33819444444444446 0.41640625 0.034722222222222224 0.0171875
0 0.55 0.234765625 0.03333333333333333 0.01015625
0 0.45 0.297265625 0.027777777777777776 0.01640625
0 0.4173611111111111 0.35625 0.02638888888888889 0.0125
0 0.39375 0.569140625 0.020833333333333332 0.01640625
0 0.28541666666666665 0.81484375 0.04027777777777778 0.0265625
0 0.34444444444444444 0.816015625 0.025 0.02734375
0 0.22708333333333333 0.8421875 0.05694444444444444 0.0171875
0 0.27569444444444446 0.855078125 0.0625 0.02421875
