0 0.8326388888888889 0.068359375 0.10416666666666667 0.06796875
0 0.9180555555555555 0.07578125 0.08055555555555556 0.06875
0 0.6819444444444445 0.03515625 0.044444444444444446 0.0234375
0 0.6361111111111111 0.005078125 0.03333333333333333 0.01015625
0 0.5597222222222222 0.019140625 0.058333333333333334 0.03671875
0 0.4125 0.00546875 0.06111111111111111 0.009375
0 0.4027777777777778 0.01953125 0.058333333333333334 0.025
0 0.4513888888888889 0.058203125 0.06111111111111111 0.03203125
0 0.6013888888888889 0.08046875 0.06111111111111111 0.0375
0 0.5555555555555556 0.101953125 0.03888888888888889 0.03359375
0 0.4527777777777778 0.084765625 0.041666666666666664 0.02265625
0 0.40694444444444444 0.087109375 0.025 0.02734375
0 0.2965277777777778 0.058984375 0.04027777777777778 0.01484375
0 0.23194444444444445 0.050390625 0.05277777777777778 0.03359375
0 0.18819444444444444 0.069140625 0.03194444444444444 0.01484375
0 0.22708333333333333 0.092578125 0.05138888888888889 0.03203125
0 0.02847222222222222 0.09296875 0.05694444444444444 0.0421875
0 0.03263888888888889 0.18671875 0.05416666666666667 0.034375
0 0.035416666666666666 0.133984375 0.034722222222222224 0.01953125
0 0.10486111111111111 0.2359375 0.0625 0.0375
0 0.05486111111111111 0.24296875 0.05694444444444444 0.0375
0 0.19305555555555556 0.216015625 0.06944444444444445 0.04140625
0 0.2847222222222222 0.16640625 0.058333333333333334 0.03125
0 0.3215277777777778 0.12578125 0.04027777777777778 0.0234375
0 0.3638888888888889 0.08671875 0.058333333333333334 0.0328125
0 0.6243055555555556 0.118359375 0.05694444444444444 0.03828125
0 0.6701388888888888 0.205078125 0.0375 0.01640625
0 0.7402777777777778 0.207421875 0.03611111111111111 0.02578125
0 0.8902777777777777 0.300390625 0.08888888888888889 0.05078125
0 0.5548611111111111 0.273828125 0.0763888888888889 0.04609375
0 0.42430555555555555 0.23203125 0.07361111111111111 0.0359375
0 0.3888888888888889 0.151953125 0.03888888888888889 0.02421875
0 0.3486111111111111 0.17109375 0.06944444444444445 0.034375
0 0.3347222222222222 0.2421875 0.06666666666666667 0.0390625
0 0.19583333333333333 0.2515625 0.05 0.028125
0 0.14375 0.26953125 0.034722222222222224 0.021875
0 0.26319444444444445 0.28671875 0.04861111111111111 0.03125
0 0.4875 0.296875 0.075 0.040625
0 0.43472222222222223 0.289453125 0.03888888888888889 0.02421875
0 0.6090277777777777 0.33359375 0.0875 0.0515625
0 0.5548611111111111 0.330859375 0.02638888888888889 0.01328125
0 0.7979166666666667 0.31484375 0.05694444444444444 0.01875
0 0.8013888888888889 0.229296875 0.03611111111111111 0.02734375
0 0.9423611111111111 0.333203125 0.05138888888888889 0.02578125
0 0.9805555555555555 0.33671875 0.03611111111111111 0.028125
0 0.7145833333333333 0.362109375 0.0763888888888889 0.04609375
0 0.7354166666666667 0.405078125 0.06527777777777778 0.04140625
0 0.5611111111111111 0.377734375 0.06666666666666667 0.04765625
0 0.5270833333333333 0.520703125 0.06527777777777778 0.03671875
0 0.6395833333333333 0.47734375 0.05694444444444444 0.03125
0 0.6430555555555556 0.435546875 0.06111111111111111 0.02734375
0 0.8347222222222223 0.46328125 0.06666666666666667 0.034375
0 0.8784722222222222 0.530078125 0.05138888888888889 0.02890625
0 0.91875 0.537109375 0.05694444444444444 0.02734375
0 0.8215277777777777 0.5484375 0.043055555555555555 0.0234375
0 0.6909722222222222 0.52890625 0.04861111111111111 0.0296875
0 0.7555555555555555 0.518359375 0.030555555555555555 0.02265625
0 0.6694444444444444 0.54765625 0.058333333333333334 0.0296875
0 0.6861111111111111 0.594921875 0.03333333333333333 0.02265625
0 0.4930555555555556 0.652734375 0.04722222222222222 0.02890625
0 0.4375 0.658203125 0.05555555555555555 0.03828125
0 0.3888888888888889 0.5859375 0.05555555555555555 0.025
0 0.4479166666666667 0.530859375 0.04583333333333333 0.02109375
0 0.55 0.465234375 0.03333333333333333 0.01015625
0 0.41180555555555554 0.42578125 0.043055555555555555 0.01875
0 0.48541666666666666 0.85625 0.05694444444444444 0.0390625
0 0.5347222222222222 0.848046875 0.05555555555555555 0.03515625
0 0.19375 0.77578125 0.05694444444444444 0.034375
0 0.09375 0.8078125 0.05138888888888889 0.034375
0 0.03958333333333333 0.809765625 0.0763888888888889 0.05078125
0 0.07152777777777777 0.529296875 0.04583333333333333 0.02421875
0 0.18819444444444444 0.30625 0.043055555555555555 0.028125
0 0.08680555555555555 0.095703125 0.04583333333333333 0.02421875
0 0.13541666666666666 0.11328125 0.018055555555555554 0.015625
0 0.24513888888888888 0.21640625 0.02361111111111111 0.01875
