0 0.5888888888888889 0.1859375 0.044444444444444446 0.0234375
0 0.5034722222222222 0.20703125 0.034722222222222224 0.0265625
0 0.5791666666666667 0.26328125 0.030555555555555555 0.0234375
0 0.46805555555555556 0.27421875 0.044444444444444446 0.021875
0 0.41180555555555554 0.312109375 0.0375 0.02578125
0 0.4826388888888889 0.311328125 0.05416666666666667 0.02734375
0 0.5895833333333333 0.314453125 0.04027777777777778 0.02578125
0 0.5569444444444445 0.340625 0.03333333333333333 0.01875
0 0.43680555555555556 0.34609375 0.043055555555555555 0.0234375
0 0.40902777777777777 0.376171875 0.05138888888888889 0.02265625
0 0.3590277777777778 0.392578125 0.043055555555555555 0.03046875
0 0.5395833333333333 0.399609375 0.04583333333333333 0.03046875
0 0.5451388888888888 0.42578125 0.0375 0.0234375
0 0.6444444444444445 0.43984375 0.041666666666666664 0.025
0 0.36041666666666666 0.4515625 0.03194444444444444 0.01875
0 0.47708333333333336 0.45390625 0.04583333333333333 0.025
0 0.35 0.47578125 0.030555555555555555 0.01875
0 0.33611111111111114 0.48671875 0.019444444444444445 0.0125
0 0.42777777777777776 0.4828125 0.025 0.0171875
0 0.5881944444444445 0.47265625 0.04027777777777778 0.0234375
0 0.5493055555555556 0.482421875 0.03194444444444444 0.01796875
0 0.475 0.519921875 0.044444444444444446 0.01953125
0 0.4951388888888889 0.561328125 0.034722222222222224 0.01953125
0 0.48819444444444443 0.538671875 0.029166666666666667 0.01328125
0 0.5743055555555555 0.615234375 0.04861111111111111 0.02109375
0 0.46458333333333335 0.709375 0.034722222222222224 0.009375
0 0.47291666666666665 0.72734375 0.05416666666666667 0.03125
0 0.4444444444444444 0.744140625 0.030555555555555555 0.02578125
0 0.6451388888888889 0.825 0.04027777777777778 0.028125
0 0.7520833333333333 0.526953125 0.034722222222222224 0.02265625
0 0.6694444444444444 0.53984375 0.030555555555555555 0.0171875
0 0.5 0.361328125 0.022222222222222223 0.01484375
0 0.53125 0.221875 0.018055555555555554 0.0171875
0 0.4125 0.4875 0.027777777777777776 0.0125
0 0.6180555555555556 0.50390625 0.019444444444444445 0.01875
0 0.7430555555555556 0.56484375 0.030555555555555555 0.0203125
0 0.7388888888888889 0.54375 0.013888888888888888 0.015625
0 0.7868055555555555 0.518359375 0.018055555555555554 0.01484375
0 0.6722222222222223 0.595703125 0.03333333333333333 0.01640625
0 0.51875 0.598046875 0.02638888888888889 0.01484375
0 0.45 0.675 0.05 0.028125
0 0.6395833333333333 0.7578125 0.02361111111111111 0.01875
0 0.8451388888888889 0.620703125 0.04027777777777778 0.02578125
0 0.7166666666666667 0.619921875 0.03333333333333333 0.01328125
0 0.7652777777777777 0.631640625 0.019444444444444445 0.01640625
0 0.3701388888888889 0.574609375 0.020833333333333332 0.01484375
0 0.38125 0.40546875 0.02361111111111111 0.0171875
