0 0.45069444444444445 0.11796875 0.05694444444444444 0.028125
0 0.40069444444444446 0.13046875 0.029166666666666667 0.015625
0 0.44513888888888886 0.15234375 0.07083333333333333 0.03125
0 0.5256944444444445 0.15625 0.05416666666666667 0.025
0 0.37083333333333335 0.213671875 0.05277777777777778 0.03359375
0 0.34791666666666665 0.296484375 0.03194444444444444 0.02734375
0 0.3229166666666667 0.334375 0.05416666666666667 0.034375
0 0.6465277777777778 0.44140625 0.05416666666666667 0.0328125
0 0.7270833333333333 0.458984375 0.034722222222222224 0.01640625
0 0.44166666666666665 0.440234375 0.03333333333333333 0.01484375
0 0.43819444444444444 0.480859375 0.04583333333333333 0.02421875
0 0.48819444444444443 0.49375 0.029166666666666667 0.0171875
0 0.4375 0.5140625 0.030555555555555555 0.021875
0 0.4201388888888889 0.52421875 0.03194444444444444 0.025
0 0.6006944444444444 0.512109375 0.0625 0.03359375
0 0.6763888888888889 0.57109375 0.05 0.034375
0 0.375 0.6 0.06388888888888888 0.03125
0 0.22013888888888888 0.639453125 0.05416666666666667 0.02734375
0 0.5527777777777778 0.61875 0.05555555555555555 0.0328125
0 0.6006944444444444 0.6328125 0.0625 0.025
0 0.6131944444444445 0.65859375 0.015277777777777777 0.0265625
0 0.5840277777777778 0.680859375 0.04027777777777778 0.02734375
0 0.6256944444444444 0.705078125 0.0375 0.01953125
0 0.6756944444444445 0.71328125 0.059722222222222225 0.0234375
0 0.5659722222222222 0.7015625 0.018055555555555554 0.025
0 0.1798611111111111 0.744921875 0.05416666666666667 0.03046875
0 0.4284722222222222 0.640625 0.043055555555555555 0.0234375
0 0.45694444444444443 0.662109375 0.04722222222222222 0.01953125
0 0.43680555555555556 0.3359375 0.029166666666666667 0.0140625
0 0.36180555555555555 0.33828125 0.02638888888888889 0.0140625
0 0.6020833333333333 0.292578125 0.034722222222222224 0.02265625
0 0.4625 0.449609375 0.03333333333333333 0.01171875
0 0.4583333333333333 0.478515625 0.025 0.01640625
0 0.46944444444444444 0.546484375 0.05277777777777778 0.03046875
0 0.6180555555555556 0.5390625 0.05277777777777778 0.0203125
0 0.6666666666666666 0.52578125 0.03888888888888889 0.0203125
0 0.6930555555555555 0.447265625 0.04722222222222222 0.02578125
0 0.7548611111111111 0.4734375 0.03194444444444444 0.0140625
0 0.7708333333333334 0.564453125 0.03333333333333333 0.01796875
0 0.7298611111111111 0.57109375 0.029166666666666667 0.0171875
0 0.01597222222222222 0.77890625 0.029166666666666667 0.025
0 0.38958333333333334 0.66796875 0.03194444444444444 0.0171875
0 0.6319444444444444 0.591015625 0.027777777777777776 0.01640625
0 0.7381944444444445 0.734375 0.0375 0.0203125
0 0.5909722222222222 0.8125 0.03194444444444444 0.0328125
0 0.6305555555555555 0.82265625 0.058333333333333334 0.0375
0 0.7798611111111111 0.8234375 0.04027777777777778 0.025
0 0.95625 0.7890625 0.05138888888888889 0.028125
